1 0.48125 0.1765625 0.134375 0.1296875
1 0.6125 0.36953125 0.13125 0.1265625
1 0.725 0.365625 0.1328125 0.1265625
1 0.40390625 0.47578125 0.134375 0.1265625
1 0.75625 0.46328125 0.13125 0.128125
1 0.34921875 0.63515625 0.1328125 0.1203125
1 0.2359375 0.66171875 0.134375 0.125
1 0.3703125 0.821875 0.1390625 0.13125
1 0.65625 0.70234375 0.1359375 0.134375
1 0.78359375 0.6953125 0.1421875 0.1328125
0 0.23359375 0.4421875 0.1375 0.128125
0 0.33359375 0.39765625 0.134375 0.1296875
0 0.1796875 0.53359375 0.1359375 0.1296875
0 0.2859375 0.55 0.1328125 0.128125
0 0.5359375 0.44921875 0.140625 0.1328125
0 0.453125 0.38125 0.134375 0.128125
0 0.57734375 0.2703125 0.1359375 0.13125
0 0.68984375 0.2671875 0.1328125 0.1296875
0 0.846875 0.371875 0.1375 0.134375
0 0.5453125 0.7046875 0.1375 0.1296875
0 0.3125 0.7328125 0.134375 0.1296875