1 0.565625 0.1828125 0.1109375 0.1046875
1 0.6421875 0.403125 0.10859375 0.1015625
1 0.75234375 0.428125 0.1109375 0.10078125
1 0.41328125 0.4515625 0.1125 0.1015625
1 0.75703125 0.53125 0.10859375 0.10390625
1 0.31953125 0.59140625 0.1125 0.09375
1 0.203125 0.5875 0.11328125 0.09921875
1 0.29140625 0.77734375 0.11640625 0.10390625
1 0.5984375 0.7359375 0.11171875 0.109375
1 0.7234375 0.76171875 0.11796875 0.10625
0 0.2578125 0.375 0.115625 0.1015625
0 0.365625 0.3578125 0.1109375 0.10390625
0 0.18203125 0.44921875 0.1125 0.1046875
0 0.28046875 0.49296875 0.11015625 0.10390625
0 0.54765625 0.46015625 0.11640625 0.10625
0 0.48515625 0.3734375 0.11171875 0.10234375
0 0.634375 0.2984375 0.1125 0.10546875
0 0.74375 0.32421875 0.109375 0.1046875
0 0.86796875 0.465625 0.1140625 0.1078125
0 0.490625 0.709375 0.11484375 0.10390625
0 0.25859375 0.6765625 0.1109375 0.10390625