1 0.43984375 0.18203125 0.1125 0.10625
1 0.359375 0.40078125 0.1109375 0.103125
1 0.24921875 0.4234375 0.1125 0.103125
1 0.5875 0.453125 0.1140625 0.103125
1 0.2421875 0.5265625 0.1109375 0.10625
1 0.67890625 0.59453125 0.1140625 0.0953125
1 0.7953125 0.59296875 0.115625 0.1015625
1 0.70390625 0.78125 0.11875 0.10625
1 0.39765625 0.734375 0.1140625 0.1109375
1 0.271875 0.7578125 0.1203125 0.1078125
0 0.74453125 0.37890625 0.1171875 0.103125
0 0.63671875 0.36015625 0.1125 0.10625
0 0.81875 0.4546875 0.1140625 0.10625
0 0.71953125 0.496875 0.1125 0.10625
0 0.453125 0.459375 0.11875 0.1078125
0 0.5171875 0.3734375 0.1140625 0.1046875
0 0.36953125 0.29609375 0.1140625 0.1078125
0 0.259375 0.3203125 0.1109375 0.10625
0 0.1328125 0.459375 0.115625 0.109375
0 0.50546875 0.709375 0.1171875 0.10625
0 0.73828125 0.68046875 0.1125 0.10625