1 0.58359375 0.16875 0.14375 0.1296875
1 0.4625 0.284375 0.1359375 0.13125
1 0.35 0.31015625 0.134375 0.1265625
1 0.32109375 0.509375 0.1375 0.128125
1 0.384375 0.59765625 0.146875 0.128125
1 0.5015625 0.57890625 0.140625 0.125
1 0.7265625 0.6328125 0.1421875 0.1265625
1 0.7203125 0.76640625 0.1359375 0.128125
1 0.5015625 0.7859375 0.1375 0.128125
1 0.42734375 0.703125 0.1421875 0.1296875
0 0.3640625 0.20078125 0.1421875 0.1296875
0 0.578125 0.2796875 0.1375 0.125
0 0.68671875 0.3203125 0.1390625 0.1265625
0 0.6796875 0.42890625 0.1390625 0.125
0 0.54453125 0.3859375 0.1390625 0.1234375
0 0.2703125 0.3890625 0.14375 0.1328125
0 0.58828125 0.49375 0.134375 0.1234375
0 0.471875 0.4734375 0.1359375 0.1203125
0 0.61015625 0.62109375 0.1375 0.13125
0 0.60234375 0.73203125 0.1421875 0.1234375
0 0.5375 0.89140625 0.140625 0.1296875