1 0.46953125 0.16015625 0.12734375 0.11171875
1 0.57109375 0.29296875 0.1203125 0.11328125
1 0.678125 0.3359375 0.11796875 0.109375
1 0.675 0.5375 0.121875 0.11015625
1 0.59921875 0.61484375 0.13125 0.10859375
1 0.4859375 0.57734375 0.125 0.10703125
1 0.25546875 0.59609375 0.1265625 0.1078125
1 0.240625 0.72890625 0.11953125 0.1109375
1 0.45390625 0.78203125 0.121875 0.1109375
1 0.53984375 0.71171875 0.12578125 0.11171875
0 0.68125 0.22578125 0.12578125 0.11171875
0 0.45703125 0.2703125 0.12265625 0.1078125
0 0.34375 0.29296875 0.12421875 0.10859375
0 0.33359375 0.4015625 0.1234375 0.10703125
0 0.47421875 0.38046875 0.12421875 0.10546875
0 0.74453125 0.4265625 0.12734375 0.1140625
0 0.4140625 0.4796875 0.11953125 0.10625
0 0.53203125 0.478125 0.121875 0.103125
0 0.37265625 0.60234375 0.121875 0.1140625
0 0.3625 0.71328125 0.1265625 0.10546875
0 0.4015625 0.88046875 0.12421875 0.11171875