1 0.571875 0.16640625 0.140625 0.1265625
1 0.4546875 0.2859375 0.1328125 0.1265625
1 0.34296875 0.315625 0.1296875 0.1234375
1 0.321875 0.515625 0.134375 0.1234375
1 0.3875 0.6015625 0.14375 0.1234375
1 0.5046875 0.578125 0.1375 0.121875
1 0.73125 0.625 0.1390625 0.121875
1 0.7296875 0.75859375 0.1328125 0.125
1 0.51171875 0.78515625 0.134375 0.125
1 0.434375 0.70546875 0.1390625 0.1265625
0 0.35390625 0.20546875 0.1390625 0.1265625
0 0.5703125 0.27734375 0.134375 0.121875
0 0.68046875 0.31328125 0.1359375 0.1234375
0 0.67734375 0.42265625 0.1359375 0.121875
0 0.53984375 0.384375 0.1359375 0.1203125
0 0.26640625 0.39765625 0.140625 0.128125
0 0.5875 0.490625 0.13125 0.1203125
0 0.47109375 0.47421875 0.1328125 0.1171875
0 0.6140625 0.6171875 0.134375 0.128125
0 0.61015625 0.728125 0.1390625 0.1203125
0 0.5515625 0.88984375 0.1375 0.1265625