1 0.48515625 0.18359375 0.1265625 0.10390625
1 0.45546875 0.296875 0.11796875 0.10625
1 0.30390625 0.36875 0.12265625 0.1046875
1 0.15 0.40078125 0.128125 0.10078125
1 0.72734375 0.43515625 0.128125 0.1015625
1 0.60703125 0.525 0.12265625 0.10078125
1 0.2484375 0.6453125 0.12109375 0.1
1 0.5109375 0.70234375 0.1203125 0.1
1 0.19453125 0.7328125 0.12109375 0.10234375
1 0.52421875 0.8625 0.1375 0.10234375
0 0.74140625 0.29921875 0.12890625 0.10625
0 0.56875 0.29140625 0.11953125 0.10390625
0 0.6515625 0.36015625 0.11875 0.103125
0 0.57421875 0.4328125 0.1296875 0.10390625
0 0.4703125 0.4734375 0.125 0.10546875
0 0.36171875 0.45234375 0.12421875 0.096875
0 0.24921875 0.45546875 0.11328125 0.0953125
0 0.33203125 0.55078125 0.12578125 0.10390625
0 0.4328125 0.61015625 0.125 0.103125
0 0.55 0.60703125 0.12421875 0.10390625
0 0.7 0.58359375 0.12265625 0.0984375