1 0.53515625 0.18515625 0.140625 0.121875
1 0.4875 0.2921875 0.1328125 0.1234375
1 0.3265625 0.33984375 0.1375 0.121875
1 0.16953125 0.346875 0.1421875 0.1203125
1 0.734375 0.471875 0.1421875 0.1203125
1 0.6015625 0.54140625 0.1375 0.11875
1 0.22890625 0.60390625 0.1359375 0.1171875
1 0.47890625 0.7015625 0.134375 0.1171875
1 0.16171875 0.68203125 0.1359375 0.1203125
1 0.4671875 0.86171875 0.1515625 0.121875
0 0.76953125 0.33984375 0.14375 0.125
0 0.60078125 0.3046875 0.134375 0.121875
0 0.671875 0.3859375 0.1328125 0.1203125
0 0.58359375 0.4453125 0.14375 0.1234375
0 0.475 0.46875 0.140625 0.1234375
0 0.37109375 0.43125 0.1375 0.115625
0 0.259375 0.41640625 0.1265625 0.1125
0 0.32578125 0.52421875 0.140625 0.121875
0 0.41640625 0.5984375 0.1390625 0.121875
0 0.5328125 0.61328125 0.1390625 0.121875
0 0.684375 0.6140625 0.1359375 0.1171875