0 0.8546875 0.2734375 0.153125 0.1390625
0 0.65234375 0.353125 0.146875 0.1328125
0 0.4328125 0.0671875 0.14375 0.134375
0 0.21875 0.32890625 0.153125 0.1390625
0 0.24296875 0.4578125 0.1390625 0.13125
0 0.65859375 0.4734375 0.15 0.13125
0 0.86640625 0.7234375 0.1453125 0.128125
0 0.30390625 0.77734375 0.14375 0.1296875
0 0.1578125 0.653125 0.140625 0.134375
0 0.225 0.87109375 0.146875 0.134375
0 0.490625 0.93515625 0.146875 0.1296875
1 0.8921875 0.40078125 0.1390625 0.1265625
1 0.8828125 0.59921875 0.134375 0.1265625
1 0.5703125 0.63671875 0.146875 0.1390625
1 0.74140625 0.74453125 0.140625 0.128125
1 0.61328125 0.9390625 0.1296875 0.121875
1 0.45390625 0.6015625 0.1421875 0.1296875
1 0.36796875 0.3625 0.1375 0.1328125
1 0.0890625 0.55625 0.140625 0.134375
1 0.2609375 0.59140625 0.1359375 0.1265625
1 0.40078125 0.70390625 0.134375 0.125