0 0.16171875 0.24921875 0.14375 0.12890625
0 0.35859375 0.34296875 0.1390625 0.12265625
0 0.596875 0.06875 0.13515625 0.134375
0 0.7921875 0.34921875 0.14453125 0.1296875
0 0.759375 0.47578125 0.13125 0.12265625
0 0.34375 0.4625 0.1421875 0.121875
0 0.11875 0.69765625 0.13671875 0.11953125
0 0.6765625 0.790625 0.13515625 0.12109375
0 0.83046875 0.6765625 0.1328125 0.125
0 0.7484375 0.8890625 0.13828125 0.125
0 0.47890625 0.9375 0.1390625 0.125
1 0.115625 0.3734375 0.13046875 0.11796875
1 0.1109375 0.571875 0.1265625 0.11875
1 0.4203125 0.63125 0.13828125 0.13046875
1 0.2421875 0.72734375 0.13203125 0.11953125
1 0.35625 0.93671875 0.121875 0.12578125
1 0.5390625 0.6046875 0.134375 0.12109375
1 0.64140625 0.371875 0.1296875 0.12421875
1 0.90625 0.58515625 0.1328125 0.12578125
1 0.73203125 0.6078125 0.128125 0.11796875
1 0.584375 0.71015625 0.1265625 0.1171875