0 0.8890625 0.33828125 0.1703125 0.159375
0 0.675 0.38203125 0.1640625 0.153125
0 0.51015625 0.06953125 0.1640625 0.1390625
0 0.253125 0.2828125 0.171875 0.1609375
0 0.25390625 0.4140625 0.15625 0.15
0 0.6609375 0.5015625 0.1671875 0.153125
0 0.821875 0.784375 0.1609375 0.1484375
0 0.25859375 0.7390625 0.1609375 0.15
0 0.13671875 0.59140625 0.159375 0.153125
0 0.16484375 0.8171875 0.1640625 0.1546875
0 0.4140625 0.92578125 0.165625 0.1484375
1 0.90390625 0.4703125 0.1546875 0.1453125
1 0.86015625 0.6640625 0.1515625 0.1453125
1 0.5453125 0.646875 0.165625 0.159375
1 0.6953125 0.7828125 0.15625 0.1484375
1 0.53359375 0.94140625 0.1484375 0.1171875
1 0.43671875 0.5921875 0.159375 0.15
1 0.39375 0.34140625 0.15625 0.1515625
1 0.08515625 0.484375 0.159375 0.1546875
1 0.2484375 0.5484375 0.153125 0.1453125
1 0.3671875 0.68359375 0.1515625 0.14375