0 0.24375 0.09296875 0.13984375 0.11953125
0 0.265625 0.19765625 0.1296875 0.11640625
0 0.67578125 0.26640625 0.128125 0.11640625
0 0.165625 0.37578125 0.128125 0.12578125
0 0.271875 0.40390625 0.11640625 0.11953125
0 0.42421875 0.4640625 0.12578125 0.11484375
0 0.6 0.39296875 0.1234375 0.11015625
0 0.85625 0.52421875 0.11796875 0.11640625
0 0.6671875 0.59765625 0.1203125 0.1140625
0 0.43359375 0.5703125 0.12421875 0.115625
0 0.45 0.8984375 0.13046875 0.115625
1 0.3796875 0.36640625 0.128125 0.11328125
1 0.1140625 0.6296875 0.134375 0.11796875
1 0.51875 0.69921875 0.13046875 0.11328125
1 0.5140625 0.81015625 0.12578125 0.11640625
1 0.66484375 0.81328125 0.12578125 0.12265625
1 0.54296875 0.596875 0.121875 0.115625
1 0.5921875 0.503125 0.12421875 0.10859375
1 0.6953125 0.4546875 0.11015625 0.11171875
1 0.80625 0.41953125 0.12421875 0.1078125
1 0.9140625 0.378125 0.121875 0.11875