0 0.2578125 0.084375 0.14375 0.125
0 0.2765625 0.18984375 0.134375 0.1203125
0 0.68359375 0.27265625 0.1328125 0.1203125
0 0.1703125 0.3640625 0.1328125 0.1296875
0 0.275 0.39609375 0.1203125 0.1234375
0 0.42578125 0.46171875 0.1296875 0.11875
0 0.60390625 0.396875 0.1265625 0.1140625
0 0.85546875 0.53671875 0.121875 0.1203125
0 0.6640625 0.603125 0.125 0.11875
0 0.43125 0.56796875 0.128125 0.1203125
0 0.4359375 0.89609375 0.134375 0.1203125
1 0.384375 0.3625 0.13125 0.1171875
1 0.11015625 0.61640625 0.1390625 0.121875
1 0.51171875 0.7 0.134375 0.1171875
1 0.503125 0.81015625 0.1296875 0.1203125
1 0.65390625 0.81875 0.1296875 0.1265625
1 0.53984375 0.5984375 0.1265625 0.1203125
1 0.5921875 0.50625 0.128125 0.1125
1 0.696875 0.46171875 0.1140625 0.115625
1 0.80859375 0.43046875 0.128125 0.1125
1 0.91796875 0.39296875 0.1265625 0.1234375