1 0.1765625 0.48359375 0.1265625 0.11015625
1 0.2953125 0.50078125 0.1234375 0.1078125
1 0.44453125 0.4109375 0.134375 0.11484375
1 0.596875 0.196875 0.14140625 0.12109375
1 0.665625 0.28671875 0.12421875 0.1078125
1 0.79140625 0.6578125 0.13828125 0.11484375
1 0.47109375 0.6640625 0.12421875 0.10546875
1 0.53046875 0.753125 0.12890625 0.115625
1 0.715625 0.775 0.13125 0.109375
1 0.40625 0.88515625 0.13203125 0.1078125
0 0.2671875 0.31015625 0.13359375 0.1109375
0 0.6828125 0.12265625 0.13671875 0.12265625
0 0.75078125 0.3578125 0.134375 0.10625
0 0.52578125 0.33203125 0.134375 0.1109375
0 0.5390625 0.5796875 0.128125 0.109375
0 0.41328125 0.521875 0.125 0.10625
0 0.3296875 0.403125 0.12421875 0.10625
0 0.22421875 0.58359375 0.13359375 0.10390625
0 0.39296875 0.76875 0.1203125 0.10859375
0 0.6671875 0.68046875 0.1234375 0.1046875
0 0.7140625 0.88125 0.12578125 0.11796875