1 0.8234375 0.5171875 0.1375 0.1234375
1 0.703125 0.521875 0.134375 0.1203125
1 0.56484375 0.4171875 0.1453125 0.128125
1 0.43515625 0.18828125 0.153125 0.1359375
1 0.3578125 0.2703125 0.134375 0.1203125
1 0.19375 0.6265625 0.15 0.128125
1 0.51171875 0.66640625 0.134375 0.1171875
1 0.44296875 0.7484375 0.140625 0.128125
1 0.25703125 0.75078125 0.1421875 0.121875
1 0.553125 0.89296875 0.1421875 0.1203125
0 0.7515625 0.33515625 0.14375 0.125
0 0.3578125 0.10546875 0.1484375 0.1359375
0 0.265625 0.33203125 0.1453125 0.1203125
0 0.4921875 0.33046875 0.1453125 0.125
0 0.453125 0.575 0.1390625 0.121875
0 0.58359375 0.53046875 0.1359375 0.11875
0 0.6796875 0.42109375 0.134375 0.11875
0 0.765625 0.61171875 0.14375 0.1171875
0 0.578125 0.778125 0.13125 0.1203125
0 0.31484375 0.66171875 0.134375 0.1171875
0 0.246875 0.85703125 0.1375 0.13125