0 0.4 0.07421875 0.1359375 0.1421875
0 0.30625 0.2984375 0.14375 0.1390625
0 0.36328125 0.4109375 0.1453125 0.1375
0 0.2875 0.60078125 0.1453125 0.140625
0 0.5390625 0.51953125 0.1421875 0.1359375
0 0.58125 0.36328125 0.1375 0.1421875
0 0.71953125 0.4 0.140625 0.134375
0 0.84140625 0.36953125 0.1375 0.146875
0 0.56875 0.640625 0.1453125 0.1375
0 0.67578125 0.75234375 0.1375 0.1453125
0 0.38828125 0.77421875 0.1375 0.134375
1 0.27421875 0.096875 0.140625 0.1453125
1 0.68828125 0.13359375 0.1421875 0.1421875
1 0.7015625 0.2734375 0.159375 0.1390625
1 0.453125 0.32578125 0.140625 0.1375
1 0.371875 0.196875 0.13125 0.1375
1 0.38125 0.52734375 0.1390625 0.1390625
1 0.11484375 0.54765625 0.140625 0.1375
1 0.396875 0.646875 0.134375 0.1375
1 0.5578125 0.7796875 0.1328125 0.140625
1 0.46171875 0.89453125 0.134375 0.1390625