0 0.4375 0.0671875 0.125 0.13125
0 0.32421875 0.28203125 0.13359375 0.12734375
0 0.371875 0.39921875 0.134375 0.1265625
0 0.2796875 0.58203125 0.134375 0.1296875
0 0.5375 0.52265625 0.13203125 0.12421875
0 0.59296875 0.37109375 0.1265625 0.13203125
0 0.72734375 0.41953125 0.1296875 0.12421875
0 0.8515625 0.4 0.1265625 0.13671875
0 0.55625 0.64609375 0.13515625 0.12578125
0 0.653125 0.76640625 0.1265625 0.134375
0 0.36484375 0.76328125 0.12734375 0.12421875
1 0.31015625 0.07890625 0.1296875 0.13515625
1 0.71953125 0.1515625 0.13203125 0.13125
1 0.7203125 0.2921875 0.1484375 0.12734375
1 0.46875 0.32265625 0.13046875 0.12734375
1 0.3984375 0.18671875 0.1203125 0.128125
1 0.37890625 0.5171875 0.128125 0.12890625
1 0.1125 0.5140625 0.1296875 0.12734375
1 0.384375 0.6375 0.1234375 0.12734375
1 0.53359375 0.78359375 0.12265625 0.13046875
1 0.42734375 0.88984375 0.12421875 0.128125