0 0.50625 0.06796875 0.14375 0.1359375
0 0.36015625 0.25703125 0.1515625 0.146875
0 0.3890625 0.38046875 0.153125 0.1453125
0 0.26953125 0.546875 0.153125 0.1484375
0 0.53359375 0.528125 0.15 0.14375
0 0.61171875 0.3875 0.1453125 0.15
0 0.7375 0.45625 0.146875 0.14375
0 0.8625 0.45625 0.146875 0.1546875
0 0.5328125 0.653125 0.153125 0.1453125
0 0.609375 0.78671875 0.1453125 0.153125
0 0.325 0.7390625 0.1453125 0.1421875
1 0.378125 0.065625 0.15 0.13125
1 0.77109375 0.18984375 0.1515625 0.15
1 0.75 0.32890625 0.1671875 0.1484375
1 0.496875 0.3203125 0.1484375 0.146875
1 0.4484375 0.175 0.1390625 0.1453125
1 0.37734375 0.49765625 0.146875 0.146875
1 0.11484375 0.453125 0.1484375 0.1453125
1 0.3640625 0.61796875 0.1421875 0.1453125
1 0.4890625 0.78515625 0.1421875 0.1484375
1 0.3671875 0.8734375 0.1421875 0.1453125