1 0.6375 0.25703125 0.109375 0.11484375
1 0.83046875 0.11328125 0.12265625 0.11953125
1 0.37109375 0.415625 0.1203125 0.115625
1 0.540625 0.38828125 0.1125 0.11328125
1 0.7265625 0.49921875 0.12578125 0.1140625
1 0.2578125 0.42734375 0.1171875 0.1140625
1 0.5109375 0.715625 0.109375 0.125
1 0.2921875 0.7828125 0.1234375 0.1171875
1 0.57734375 0.87734375 0.128125 0.109375
1 0.7046875 0.7421875 0.11484375 0.1234375
0 0.43984375 0.06796875 0.11953125 0.1203125
0 0.54375 0.19921875 0.11875 0.1203125
0 0.74140625 0.3765625 0.11953125 0.1203125
0 0.64453125 0.42421875 0.12109375 0.1171875
0 0.55390625 0.49921875 0.11640625 0.11171875
0 0.25859375 0.53828125 0.11953125 0.109375
0 0.65 0.60703125 0.121875 0.115625
0 0.7890625 0.5875 0.11875 0.115625
0 0.60078125 0.771875 0.109375 0.1109375
0 0.40625 0.71796875 0.109375 0.11484375
0 0.615625 0.95703125 0.11328125 0.0859375