0 0.20625 0.09921875 0.140625 0.1265625
0 0.23515625 0.38046875 0.140625 0.1296875
0 0.14765625 0.45703125 0.1453125 0.1265625
0 0.48515625 0.41953125 0.1359375 0.125
0 0.5859375 0.2375 0.1421875 0.134375
0 0.78515625 0.64609375 0.1359375 0.1328125
0 0.871875 0.725 0.1390625 0.1265625
0 0.17578125 0.72890625 0.128125 0.121875
0 0.32578125 0.8109375 0.1234375 0.1234375
0 0.4890625 0.66953125 0.1328125 0.128125
0 0.4125 0.88359375 0.134375 0.140625
1 0.26015625 0.2046875 0.13125 0.1328125
1 0.353125 0.2734375 0.14375 0.134375
1 0.09375 0.65546875 0.14375 0.128125
1 0.27890625 0.68203125 0.1453125 0.13125
1 0.48828125 0.54296875 0.1296875 0.1265625
1 0.5859375 0.47421875 0.1265625 0.1296875
1 0.6578125 0.321875 0.134375 0.1328125
1 0.4140625 0.74375 0.134375 0.1296875
1 0.22265625 0.83984375 0.1265625 0.125
1 0.24140625 0.9453125 0.1296875 0.109375