0 0.2421875 0.075 0.13046875 0.115625
0 0.246875 0.3578125 0.13046875 0.11875
0 0.15234375 0.4265625 0.13515625 0.115625
0 0.4921875 0.41875 0.1265625 0.11484375
0 0.60859375 0.24609375 0.13203125 0.12265625
0 0.77109375 0.6703125 0.1265625 0.121875
0 0.85078125 0.75625 0.1296875 0.115625
0 0.15703125 0.7 0.11953125 0.11171875
0 0.29921875 0.79453125 0.1140625 0.11328125
0 0.47421875 0.66796875 0.12265625 0.1171875
0 0.3796875 0.87421875 0.12421875 0.1296875
1 0.28671875 0.18515625 0.12109375 0.12265625
1 0.3734375 0.26171875 0.13359375 0.12265625
1 0.08203125 0.61953125 0.134375 0.11640625
1 0.2640625 0.66171875 0.13515625 0.11953125
1 0.484375 0.54140625 0.1203125 0.1171875
1 0.5875 0.48203125 0.11640625 0.11953125
1 0.67265625 0.3359375 0.12421875 0.121875
1 0.39296875 0.73515625 0.125 0.11953125
1 0.19375 0.8140625 0.1171875 0.11484375
1 0.20390625 0.92578125 0.12109375 0.10703125