0 0.1921875 0.109375 0.14375 0.13125
0 0.23125 0.38984375 0.14375 0.134375
0 0.14609375 0.46953125 0.1484375 0.13125
0 0.48203125 0.4203125 0.1390625 0.1296875
0 0.5765625 0.234375 0.1453125 0.1375
0 0.78984375 0.6359375 0.140625 0.1359375
0 0.8796875 0.71171875 0.1421875 0.13125
0 0.18359375 0.740625 0.1328125 0.125
0 0.33671875 0.8171875 0.1265625 0.1265625
0 0.49453125 0.66953125 0.1359375 0.13125
0 0.4265625 0.8859375 0.1390625 0.14375
1 0.25 0.21328125 0.134375 0.1359375
1 0.3453125 0.27890625 0.146875 0.1375
1 0.1 0.66953125 0.146875 0.13125
1 0.28515625 0.6890625 0.1484375 0.134375
1 0.48984375 0.54296875 0.134375 0.13125
1 0.584375 0.471875 0.1296875 0.1328125
1 0.6515625 0.31640625 0.1375 0.1359375
1 0.42265625 0.74609375 0.1390625 0.134375
1 0.234375 0.84921875 0.1296875 0.128125
1 0.25703125 0.94921875 0.1328125 0.1015625