1 0.275 0.3078125 0.121875 0.121875
1 0.159375 0.3921875 0.1328125 0.121875
1 0.70390625 0.19453125 0.125 0.125
1 0.85703125 0.2109375 0.128125 0.13125
1 0.7890625 0.31484375 0.11875 0.1265625
1 0.5203125 0.47421875 0.1296875 0.121875
1 0.68984375 0.59375 0.125 0.11875
1 0.5734375 0.5890625 0.125 0.121875
1 0.3546875 0.7921875 0.125 0.125
1 0.25625 0.85390625 0.1375 0.1296875
0 0.375 0.0890625 0.1375 0.128125
0 0.44453125 0.19609375 0.1328125 0.1234375
0 0.56484375 0.2421875 0.1328125 0.13125
0 0.42421875 0.31484375 0.1234375 0.1203125
0 0.53671875 0.359375 0.134375 0.121875
0 0.646875 0.48203125 0.134375 0.128125
0 0.24453125 0.48125 0.1265625 0.11875
0 0.45703125 0.6171875 0.13125 0.13125
0 0.25078125 0.7328125 0.14375 0.140625
0 0.45625 0.73984375 0.1375 0.1234375
0 0.49609375 0.87265625 0.134375 0.128125