0 0.3875 0.1171875 0.1328125 0.13125
0 0.26484375 0.07109375 0.1375 0.1375
0 0.34375 0.23984375 0.134375 0.13125
0 0.796875 0.32890625 0.1296875 0.1328125
0 0.684375 0.35859375 0.1265625 0.128125
0 0.57109375 0.53828125 0.125 0.134375
0 0.47109375 0.5984375 0.140625 0.1296875
0 0.21015625 0.49375 0.1328125 0.1359375
0 0.58984375 0.8203125 0.13125 0.1375
0 0.153125 0.87421875 0.1484375 0.13125
1 0.23671875 0.19140625 0.1375 0.134375
1 0.57421875 0.396875 0.128125 0.1359375
1 0.46640625 0.35859375 0.13125 0.128125
1 0.67109375 0.48515625 0.13125 0.128125
1 0.1546875 0.38984375 0.14375 0.1359375
1 0.3203125 0.40859375 0.128125 0.125
1 0.46328125 0.47265625 0.1265625 0.1234375
1 0.3578125 0.52109375 0.13125 0.1328125
1 0.16640625 0.7578125 0.134375 0.134375
1 0.59921875 0.65078125 0.128125 0.128125
1 0.83125 0.84609375 0.1265625 0.13125