0 0.6390625 0.12578125 0.12421875 0.1234375
0 0.76484375 0.08828125 0.128125 0.128125
0 0.67421875 0.2515625 0.12578125 0.1234375
0 0.215625 0.30859375 0.121875 0.12421875
0 0.32578125 0.34609375 0.11875 0.1203125
0 0.4265625 0.53359375 0.1171875 0.1265625
0 0.521875 0.6 0.13203125 0.12109375
0 0.78984375 0.5140625 0.125 0.12734375
0 0.38828125 0.81328125 0.12265625 0.12890625
0 0.81953125 0.89765625 0.140625 0.12109375
1 0.784375 0.21015625 0.12890625 0.12578125
1 0.4328125 0.3921875 0.1203125 0.12734375
1 0.54375 0.3609375 0.12265625 0.11953125
1 0.33046875 0.4734375 0.12265625 0.1203125
1 0.85234375 0.4140625 0.13515625 0.12734375
1 0.6859375 0.42109375 0.11953125 0.11640625
1 0.53828125 0.475 0.11875 0.11484375
1 0.640625 0.53125 0.1234375 0.12421875
1 0.81484375 0.78046875 0.12578125 0.12578125
1 0.390625 0.64375 0.11953125 0.1203125
1 0.1453125 0.821875 0.11875 0.1234375