0 0.31640625 0.1453125 0.1390625 0.1375
0 0.18671875 0.1234375 0.1421875 0.1421875
0 0.296875 0.275 0.140625 0.1375
0 0.75859375 0.275 0.1359375 0.1375
0 0.65390625 0.32578125 0.1328125 0.134375
0 0.57734375 0.52421875 0.13125 0.140625
0 0.490625 0.6015625 0.1453125 0.1359375
0 0.2140625 0.54921875 0.1390625 0.1421875
0 0.64921875 0.79765625 0.1375 0.1421875
0 0.23046875 0.93203125 0.1546875 0.1359375
1 0.18203125 0.246875 0.14375 0.140625
1 0.55390625 0.38515625 0.134375 0.140625
1 0.43984375 0.3671875 0.1359375 0.1328125
1 0.66484375 0.453125 0.1359375 0.134375
1 0.13984375 0.4578125 0.15 0.1421875
1 0.30546875 0.44453125 0.1328125 0.1296875
1 0.45859375 0.4796875 0.13125 0.128125
1 0.3640625 0.5484375 0.1375 0.1390625
1 0.221875 0.81640625 0.140625 0.140625
1 0.62578125 0.6296875 0.1328125 0.134375
1 0.89140625 0.7765625 0.1328125 0.1375