1 0.32734375 0.1609375 0.13203125 0.12109375
1 0.42421875 0.3484375 0.1359375 0.12734375
1 0.29296875 0.39765625 0.1296875 0.12265625
1 0.64375 0.5234375 0.134375 0.12421875
1 0.84453125 0.33828125 0.13828125 0.12890625
1 0.8546875 0.61171875 0.14296875 0.1328125
1 0.57578125 0.61796875 0.13203125 0.12265625
1 0.6390625 0.734375 0.13046875 0.12734375
1 0.440625 0.8171875 0.134375 0.11796875
1 0.39296875 0.7046875 0.1359375 0.11484375
1 0.153125 0.61484375 0.12890625 0.11953125
0 0.31640625 0.27890625 0.13984375 0.1171875
0 0.0921875 0.503125 0.128125 0.121875
0 0.21484375 0.484375 0.1203125 0.125
0 0.3359375 0.50703125 0.13203125 0.1234375
0 0.27578125 0.6109375 0.11796875 0.11875
0 0.24609375 0.72265625 0.11953125 0.12578125
0 0.2 0.82890625 0.13984375 0.1171875
0 0.51171875 0.721875 0.13359375 0.125
0 0.5609375 0.84609375 0.13203125 0.13203125
0 0.88359375 0.725 0.14765625 0.12734375