1 0.74453125 0.20859375 0.15625 0.1484375
1 0.6078125 0.36953125 0.1609375 0.1546875
1 0.725 0.446875 0.1546875 0.1484375
1 0.3546875 0.490625 0.159375 0.1515625
1 0.20078125 0.26484375 0.1640625 0.15625
1 0.12890625 0.52890625 0.16875 0.1609375
1 0.4 0.59765625 0.15625 0.1484375
1 0.31171875 0.696875 0.15625 0.153125
1 0.48671875 0.82265625 0.1578125 0.1453125
1 0.55859375 0.7234375 0.1578125 0.1421875
1 0.8125 0.68984375 0.153125 0.1453125
0 0.72890625 0.32578125 0.1625 0.1453125
0 0.896875 0.59453125 0.1515625 0.146875
0 0.78125 0.54921875 0.1453125 0.1484375
0 0.65859375 0.54375 0.15625 0.15
0 0.69375 0.65859375 0.1421875 0.1421875
0 0.69765625 0.77421875 0.1453125 0.15
0 0.71796875 0.88828125 0.1625 0.1453125
0 0.43828125 0.71328125 0.1578125 0.1515625
0 0.3625 0.8234375 0.1578125 0.1578125
0 0.08046875 0.63203125 0.1609375 0.1578125