1 0.25546875 0.20859375 0.15625 0.1484375
1 0.3921875 0.36953125 0.1609375 0.1546875
1 0.275 0.446875 0.1546875 0.1484375
1 0.6453125 0.490625 0.159375 0.1515625
1 0.79921875 0.26484375 0.1640625 0.15625
1 0.87109375 0.52890625 0.16875 0.1609375
1 0.6 0.59765625 0.15625 0.1484375
1 0.68828125 0.696875 0.15625 0.153125
1 0.51328125 0.82265625 0.1578125 0.1453125
1 0.44140625 0.7234375 0.1578125 0.1421875
1 0.1875 0.68984375 0.153125 0.1453125
0 0.27109375 0.32578125 0.1625 0.1453125
0 0.103125 0.59453125 0.1515625 0.146875
0 0.21875 0.54921875 0.1453125 0.1484375
0 0.34140625 0.54375 0.15625 0.15
0 0.30625 0.65859375 0.1421875 0.1421875
0 0.30234375 0.77421875 0.1453125 0.15
0 0.28203125 0.88828125 0.1625 0.1453125
0 0.56171875 0.71328125 0.1578125 0.1515625
0 0.6375 0.8234375 0.1578125 0.1578125
0 0.91875 0.63203125 0.1625 0.1578125