1 0.74140625 0.12734375 0.146875 0.14375
1 0.64375 0.31484375 0.1421875 0.1375
1 0.409375 0.22109375 0.14375 0.140625
1 0.18515625 0.26640625 0.1484375 0.146875
1 0.10703125 0.40859375 0.153125 0.146875
1 0.41484375 0.3453125 0.140625 0.14375
1 0.6859375 0.44453125 0.14375 0.1421875
1 0.63984375 0.59453125 0.140625 0.1390625
1 0.36484375 0.52734375 0.1453125 0.14375
1 0.71953125 0.68359375 0.140625 0.140625
1 0.8390625 0.78203125 0.140625 0.140625
0 0.815625 0.24140625 0.1390625 0.1515625
0 0.6328125 0.19375 0.14375 0.14375
0 0.51328125 0.40703125 0.1359375 0.1375
0 0.29375 0.32421875 0.1453125 0.1453125
0 0.28515625 0.44375 0.14375 0.1375
0 0.24375 0.615625 0.1390625 0.14375
0 0.484375 0.521875 0.146875 0.140625
0 0.803125 0.49765625 0.14375 0.140625
0 0.8140625 0.61328125 0.146875 0.14375
0 0.69453125 0.79921875 0.1421875 0.1390625