1 0.3125 0.09765625 0.13046875 0.12734375
1 0.38359375 0.296875 0.12734375 0.1203125
1 0.628125 0.23671875 0.128125 0.12421875
1 0.84453125 0.3125 0.13203125 0.13046875
1 0.9015625 0.4640625 0.1359375 0.1296875
1 0.60625 0.35859375 0.12421875 0.128125
1 0.3234375 0.41953125 0.12734375 0.12578125
1 0.3484375 0.57421875 0.125 0.1234375
1 0.6296875 0.54609375 0.1296875 0.1265625
1 0.25703125 0.6515625 0.12421875 0.125
1 0.125 0.73203125 0.12421875 0.12421875
0 0.2234375 0.2 0.121875 0.13515625
0 0.4109375 0.178125 0.1265625 0.128125
0 0.5 0.40625 0.1203125 0.121875
0 0.72890625 0.3546875 0.128125 0.12890625
0 0.7203125 0.47421875 0.128125 0.1203125
0 0.7375 0.65 0.12265625 0.128125
0 0.5125 0.52421875 0.13046875 0.1234375
0 0.2 0.45546875 0.12734375 0.12421875
0 0.1734375 0.56875 0.13125 0.1265625
0 0.265625 0.76953125 0.1265625 0.121875