0 0.65078125 0.1046875 0.1140625 0.12265625
0 0.54765625 0.165625 0.11015625 0.11640625
0 0.840625 0.30859375 0.1234375 0.128125
0 0.6421875 0.2234375 0.121875 0.1203125
0 0.4984375 0.27421875 0.10625 0.125
0 0.14609375 0.4578125 0.11484375 0.125
0 0.3515625 0.64453125 0.11484375 0.12578125
0 0.74296875 0.534375 0.1203125 0.12109375
0 0.6609375 0.61875 0.11875 0.11171875
0 0.5984375 0.71328125 0.1171875 0.11953125
1 0.52421875 0.05390625 0.1171875 0.1078125
1 0.4296875 0.159375 0.11953125 0.125
1 0.66015625 0.340625 0.115625 0.1171875
1 0.7453125 0.415625 0.1140625 0.12265625
1 0.62890625 0.45390625 0.1125 0.1203125
1 0.3859375 0.50859375 0.11171875 0.12109375
1 0.42265625 0.784375 0.10546875 0.115625
1 0.45625 0.8953125 0.10703125 0.12265625
1 0.53515625 0.81015625 0.1078125 0.13046875
1 0.6296875 0.87109375 0.11328125 0.121875
1 0.73125 0.915625 0.115625 0.12578125