0 0.315625 0.11953125 0.125 0.1328125
0 0.4234375 0.17109375 0.1203125 0.125
0 0.14375 0.3390625 0.134375 0.1390625
0 0.334375 0.23671875 0.13125 0.13125
0 0.48203125 0.275 0.1171875 0.134375
0 0.84921875 0.42734375 0.125 0.134375
0 0.66015625 0.63125 0.125 0.1359375
0 0.2609375 0.55546875 0.1296875 0.13125
0 0.35 0.63203125 0.128125 0.121875
0 0.4203125 0.72109375 0.1265625 0.1296875
1 0.43671875 0.0578125 0.1265625 0.115625
1 0.540625 0.1546875 0.1296875 0.134375
1 0.3265625 0.35546875 0.125 0.1265625
1 0.2484375 0.4375 0.125 0.1328125
1 0.3671875 0.465625 0.121875 0.1296875
1 0.6140625 0.4984375 0.121875 0.1296875
1 0.6015625 0.7765625 0.115625 0.125
1 0.578125 0.88984375 0.1171875 0.13125
1 0.4921875 0.81171875 0.11875 0.1390625
1 0.403125 0.88125 0.1234375 0.13125
1 0.30546875 0.9328125 0.1265625 0.134375