0 0.72421875 0.18515625 0.121875 0.109375
0 0.51640625 0.24140625 0.1265625 0.11875
0 0.30078125 0.28125 0.13125 0.1046875
0 0.84296875 0.44296875 0.1328125 0.115625
0 0.92265625 0.53046875 0.128125 0.1171875
0 0.65078125 0.50078125 0.1265625 0.1109375
0 0.77578125 0.55703125 0.1265625 0.1109375
0 0.5046875 0.69296875 0.134375 0.115625
0 0.2203125 0.3578125 0.1140625 0.1109375
0 0.17734375 0.50703125 0.1265625 0.11875
0 0.54296875 0.4421875 0.125 0.109375
1 0.865625 0.61953125 0.1296875 0.109375
1 0.43671875 0.4171875 0.121875 0.103125
1 0.33125 0.378125 0.1265625 0.10625
1 0.32890625 0.184375 0.1328125 0.1078125
1 0.19765625 0.22265625 0.1296875 0.1171875
1 0.07578125 0.328125 0.1359375 0.1078125
1 0.28046875 0.47109375 0.1203125 0.10625
1 0.38359375 0.5125 0.1328125 0.1078125
1 0.28046875 0.61015625 0.125 0.109375
1 0.31796875 0.71015625 0.1296875 0.1140625