0 0.28125 0.18125 0.1203125 0.10703125
0 0.48828125 0.24140625 0.12421875 0.11640625
0 0.703125 0.284375 0.1296875 0.10234375
0 0.1578125 0.43671875 0.13046875 0.1140625
0 0.0765625 0.5234375 0.12578125 0.11484375
0 0.34921875 0.4984375 0.125 0.109375
0 0.2234375 0.55234375 0.12421875 0.109375
0 0.4921875 0.69296875 0.13203125 0.11328125
0 0.78203125 0.3625 0.1125 0.109375
0 0.82265625 0.5125 0.125 0.1171875
0 0.4578125 0.44140625 0.12265625 0.1078125
1 0.13203125 0.61328125 0.128125 0.1078125
1 0.56484375 0.41796875 0.1203125 0.1015625
1 0.67109375 0.38125 0.12421875 0.1046875
1 0.6765625 0.1875 0.13125 0.10546875
1 0.80703125 0.228125 0.128125 0.11484375
1 0.92734375 0.3359375 0.134375 0.10625
1 0.7203125 0.475 0.11796875 0.1046875
1 0.61640625 0.51484375 0.13046875 0.10625
1 0.7171875 0.6140625 0.1234375 0.10703125
1 0.678125 0.71328125 0.128125 0.1125