0 0.5859375 0.29921875 0.146875 0.1265625
0 0.42109375 0.371875 0.1421875 0.121875
0 0.53359375 0.38515625 0.1515625 0.1265625
0 0.77890625 0.396875 0.1671875 0.1296875
0 0.62265625 0.4421875 0.1421875 0.1203125
0 0.88359375 0.5078125 0.1453125 0.1265625
0 0.6359375 0.5359375 0.146875 0.121875
0 0.75625 0.5796875 0.1546875 0.1203125
0 0.3734375 0.71171875 0.1421875 0.1203125
0 0.596875 0.8015625 0.14375 0.1265625
0 0.078125 0.73828125 0.09375 0.115625
1 0.865625 0.60078125 0.140625 0.125
1 0.3453125 0.540625 0.1421875 0.1234375
1 0.1609375 0.4421875 0.153125 0.1265625
1 0.23984375 0.5046875 0.1484375 0.1265625
1 0.078125 0.52109375 0.153125 0.13125
1 0.27421875 0.66640625 0.14375 0.1265625
1 0.1609375 0.70703125 0.15 0.13125
1 0.48984375 0.70390625 0.146875 0.125
1 0.34765625 0.82109375 0.15 0.1390625
1 0.4671875 0.81015625 0.1484375 0.1296875