0 0.37421875 0.32109375 0.12890625 0.1015625
0 0.55078125 0.35859375 0.125 0.09765625
0 0.44296875 0.39453125 0.1328125 0.1015625
0 0.20546875 0.45703125 0.14921875 0.10078125
0 0.36796875 0.46875 0.125 0.09609375
0 0.1265625 0.5875 0.1265625 0.103125
0 0.37421875 0.56328125 0.12890625 0.09765625
0 0.265625 0.63125 0.13828125 0.09296875
0 0.66796875 0.68046875 0.125 0.096875
0 0.46796875 0.81484375 0.125 0.103125
0 0.9625 0.6453125 0.075 0.1015625
1 0.16328125 0.675 0.121875 0.10234375
1 0.66015625 0.5078125 0.12421875 0.1
1 0.81953125 0.37265625 0.134375 0.10078125
1 0.75546875 0.45078125 0.1296875 0.1015625
1 0.9171875 0.4328125 0.13359375 0.10625
1 0.75546875 0.615625 0.12578125 0.10234375
1 0.875 0.63203125 0.13046875 0.10625
1 0.55234375 0.69765625 0.128125 0.10078125
1 0.715625 0.7828125 0.1296875 0.1140625
1 0.596875 0.796875 0.12890625 0.10546875