0 0.18046875 0.690625 0.0390625 0.03671875
0 0.46953125 0.67265625 0.03671875 0.03671875
0 0.28828125 0.85625 0.0375 0.03671875
0 0.315625 0.79765625 0.0375 0.0375
0 0.18125 0.6171875 0.0375 0.03671875
0 0.52265625 0.74140625 0.034375 0.0359375
0 0.16171875 0.66015625 0.0390625 0.0375
0 0.6015625 0.96640625 0.0390625 0.0390625
0 0.30234375 0.5484375 0.03828125 0.0375
0 0.16171875 0.54921875 0.03828125 0.03671875
0 0.26796875 0.7296875 0.03671875 0.03671875
0 0.2421875 0.703125 0.03828125 0.0375
0 0.14765625 0.62890625 0.03828125 0.03515625
0 0.41484375 0.96953125 0.0390625 0.0390625
0 0.1578125 0.83125 0.03828125 0.03984375
0 0.39609375 0.7953125 0.03671875 0.03671875
0 0.09140625 0.68046875 0.03984375 0.0390625
0 0.33203125 0.765625 0.0375 0.0375
0 0.11171875 0.77578125 0.0390625 0.03828125
0 0.4515625 0.7421875 0.0359375 0.0359375
0 0.20546875 0.58515625 0.03828125 0.0375
0 0.41484375 0.696875 0.03671875 0.0359375
0 0.35625 0.7359375 0.0375 0.0375
0 0.75859375 0.74609375 0.03828125 0.0375
0 0.50625 0.67265625 0.03671875 0.0375
0 0.4859375 0.70390625 0.0375 0.03828125
0 0.25625 0.8421875 0.03828125 0.0375
0 0.234375 0.44375 0.03828125 0.0359375
0 0.2140625 0.67890625 0.03828125 0.0375
0 0.55546875 0.71796875 0.0359375 0.03671875
0 0.50703125 0.81015625 0.0359375 0.0375
0 0.47421875 0.9421875 0.03984375 0.0390625
0 0.57890625 0.6625 0.0375 0.03671875
0 0.41875 0.73046875 0.0375 0.0375
0 0.7109375 0.92578125 0.0390625 0.03984375
0 0.0921875 0.54921875 0.03828125 0.0375
0 0.0828125 0.6453125 0.03984375 0.0375
0 0.728125 0.87578125 0.03828125 0.03828125
0 0.2203125 0.84375 0.0390625 0.0375
0 0.32265625 0.6875 0.0375 0.0375
0 0.86796875 0.79921875 0.0390625 0.0390625
0 0.0265625 0.52578125 0.0375 0.03828125
0 0.23515625 0.53828125 0.0359375 0.0359375
0 0.45625 0.6015625 0.03671875 0.03671875
0 0.46796875 0.56484375 0.03671875 0.03671875
0 0.3 0.6140625 0.0359375 0.03671875
0 0.4984375 0.5890625 0.03671875 0.0359375
0 0.77265625 0.890625 0.03671875 0.0375
0 0.3453125 0.48671875 0.0375 0.0359375
0 0.32265625 0.57578125 0.0375 0.0375
0 0.2484375 0.76875 0.03828125 0.0375
0 0.52578125 0.97578125 0.03671875 0.03671875
0 0.565625 0.97265625 0.03671875 0.0375
0 0.19453125 0.45078125 0.0390625 0.03671875
0 0.15390625 0.46640625 0.0375 0.03515625
0 0.690625 0.896875 0.0375 0.03828125
0 0.06328125 0.43671875 0.03828125 0.03671875
0 0.09453125 0.5140625 0.03984375 0.03828125
0 0.16171875 0.5140625 0.03828125 0.0375
0 0.434375 0.8078125 0.0359375 0.0375
0 0.0296875 0.56640625 0.0375 0.03828125
0 0.3234375 0.72265625 0.03671875 0.0359375
0 0.61953125 0.78828125 0.03671875 0.0375
0 0.6140625 0.659375 0.0375 0.0375
0 0.74140625 0.8421875 0.0375 0.03984375
0 0.3796875 0.58046875 0.03671875 0.0375
0 0.325 0.63984375 0.0359375 0.0375
0 0.70625 0.7890625 0.03671875 0.0375
0 0.3953125 0.61171875 0.03828125 0.0390625
0 0.13515625 0.684375 0.03671875 0.0375
0 0.21875 0.4765625 0.0375 0.03671875
0 0.471875 0.809375 0.0375 0.0375
0 0.17265625 0.74375 0.03671875 0.03671875
0 0.1265625 0.5265625 0.03828125 0.0359375
0 0.1984375 0.55078125 0.0375 0.0359375
0 0.5875 0.8640625 0.03671875 0.0375
0 0.61484375 0.93203125 0.03671875 0.0359375
0 0.5859375 0.69921875 0.034375 0.03671875
0 0.48828125 0.74140625 0.0359375 0.03671875
0 0.31484375 0.5125 0.0375 0.03515625
0 0.06953125 0.6125 0.0375 0.03671875
0 0.41953125 0.76796875 0.03671875 0.03984375
0 0.8078125 0.82578125 0.03828125 0.03984375
0 0.3515625 0.85234375 0.03671875 0.0359375
0 0.32421875 0.94609375 0.03984375 0.040625
0 0.03125 0.41875 0.03828125 0.0375
0 0.7859375 0.7765625 0.0375 0.03828125
0 0.81171875 0.85703125 0.03828125 0.03984375
0 0.60078125 0.6234375 0.0375 0.03671875
0 0.6765625 0.81015625 0.0375 0.0375
0 0.290625 0.92890625 0.03828125 0.0390625
0 0.6703125 0.7484375 0.0359375 0.0359375
0 0.3859375 0.9015625 0.03828125 0.03828125
0 0.43203125 0.62578125 0.0390625 0.03828125
0 0.42109375 0.76875 0.0375 0.03984375
0 0.77421875 0.815625 0.0375 0.03828125
0 0.84453125 0.82578125 0.03828125 0.03828125
0 0.040625 0.38359375 0.03984375 0.03671875
0 0.2609375 0.67109375 0.03828125 0.0359375
0 0.12109375 0.30859375 0.0390625 0.03671875
0 0.4578125 0.9078125 0.0390625 0.0390625
0 0.184375 0.48515625 0.0375 0.03671875
0 0.10703125 0.34140625 0.03828125 0.0359375
0 0.47109375 0.87578125 0.0390625 0.03828125
0 0.203125 0.41796875 0.03984375 0.0359375
0 0.1265625 0.7421875 0.03515625 0.03671875
0 0.090625 0.7421875 0.0390625 0.03828125
0 0.4890625 0.97578125 0.0375 0.03828125
0 0.30859375 0.4734375 0.0375 0.03671875
0 0.0609375 0.35546875 0.03828125 0.03671875
0 0.71015625 0.825 0.0375 0.03984375
0 0.615625 0.93046875 0.0375 0.0359375
0 0.1328125 0.3796875 0.03828125 0.03671875
0 0.278125 0.58125 0.0375 0.0375
0 0.6421875 0.8140625 0.03671875 0.03828125
0 0.4234375 0.58203125 0.03671875 0.0375
0 0.1 0.58515625 0.03203125 0.03828125
0 0.134375 0.596875 0.0375 0.0359375
0 0.11796875 0.6515625 0.03515625 0.0328125
0 0.07421875 0.71328125 0.034375 0.04140625
0 0.23203125 0.73828125 0.03828125 0.03359375
0 0.35234375 0.665625 0.03515625 0.034375
0 0.62890625 0.753125 0.03515625 0.0375
0 0.65234375 0.78046875 0.03828125 0.03828125