0 0.440625 0.6890625 0.03671875 0.03828125
0 0.12890625 0.49765625 0.0359375 0.0359375
0 0.71796875 0.925 0.03984375 0.040625
0 0.228125 0.45234375 0.03671875 0.0375
0 0.43046875 0.93984375 0.0375 0.0375
0 0.29453125 0.92890625 0.0375 0.03828125
0 0.09765625 0.753125 0.03828125 0.03828125
0 0.4921875 0.74609375 0.03671875 0.0375
0 0.296875 0.78203125 0.03828125 0.03828125
0 0.7203125 0.81484375 0.0375 0.0390625
0 0.21796875 0.6796875 0.0375 0.0375
0 0.56875 0.971875 0.0375 0.0390625
0 0.1375 0.56796875 0.0375 0.0359375
0 0.47890625 0.678125 0.03671875 0.03828125
0 0.2859375 0.8546875 0.0359375 0.03828125
0 0.09453125 0.48984375 0.0390625 0.03671875
0 0.32734375 0.91015625 0.0359375 0.0375
0 0.22890625 0.81015625 0.0375 0.03828125
0 0.21796875 0.61015625 0.0375 0.0375
0 0.27421875 0.7234375 0.03671875 0.03671875
0 0.0953125 0.52578125 0.03828125 0.03828125
0 0.57890625 0.8703125 0.03671875 0.0375
0 0.325 0.80390625 0.0375 0.0390625
0 0.334375 0.6796875 0.0375 0.0390625
0 0.16953125 0.759375 0.0390625 0.03828125
0 0.19921875 0.78828125 0.0375 0.0390625
0 0.33671875 0.7375 0.0375 0.0375
0 0.234375 0.775 0.03671875 0.03828125
0 0.284375 0.8984375 0.03828125 0.040625
0 0.203125 0.57734375 0.03671875 0.0359375
0 0.45546875 0.58515625 0.03671875 0.03671875
0 0.60859375 0.965625 0.03828125 0.0390625
0 0.096875 0.4546875 0.0390625 0.0375
0 0.384375 0.8921875 0.03671875 0.03671875
0 0.5125 0.7171875 0.0359375 0.03671875
0 0.6453125 0.95546875 0.03671875 0.03828125
0 0.5328125 0.81328125 0.0375 0.0375
0 0.3921875 0.60234375 0.03671875 0.0375
0 0.09921875 0.56015625 0.03828125 0.03671875
0 0.6203125 0.76015625 0.0359375 0.0390625
0 0.16015625 0.44140625 0.03828125 0.03828125
0 0.36484375 0.54140625 0.0375 0.03671875
0 0.06484375 0.55390625 0.0390625 0.0375
0 0.40703125 0.6765625 0.03671875 0.0375
0 0.321875 0.83984375 0.0375 0.03828125
0 0.053125 0.35703125 0.0390625 0.03671875
0 0.425 0.7234375 0.03671875 0.0375
0 0.334375 0.946875 0.03828125 0.03984375
0 0.31484375 0.62578125 0.0375 0.03828125
0 0.478125 0.78046875 0.0359375 0.0375
0 0.43984375 0.8609375 0.0375 0.03828125
0 0.68515625 0.81875 0.03828125 0.0390625
0 0.25 0.4234375 0.03828125 0.03828125
0 0.19375 0.45859375 0.03671875 0.03671875
0 0.17734375 0.396875 0.0375 0.0375
0 0.6265625 0.70234375 0.03671875 0.0375
0 0.44921875 0.65546875 0.03671875 0.0359375
0 0.2625 0.79453125 0.03671875 0.03671875
0 0.08828125 0.659375 0.0375 0.03671875
0 0.571875 0.74921875 0.0359375 0.03828125
0 0.06015625 0.4796875 0.03828125 0.0375
0 0.040625 0.38984375 0.03984375 0.03671875
0 0.14921875 0.63515625 0.03984375 0.03828125
0 0.2578125 0.47265625 0.03671875 0.03671875
0 0.30625 0.6578125 0.0375 0.0359375
0 0.13359375 0.76015625 0.0390625 0.03828125
0 0.2484375 0.90546875 0.03828125 0.0375
0 0.10078125 0.34765625 0.0390625 0.03671875
0 0.5125 0.8453125 0.0375 0.0375
0 0.59453125 0.90390625 0.0390625 0.03828125
0 0.6546875 0.84296875 0.0375 0.0390625
0 0.47890625 0.97578125 0.03671875 0.0390625
0 0.653125 0.76875 0.03671875 0.0375
0 0.4140625 0.575 0.0375 0.0375
0 0.03984375 0.61484375 0.03984375 0.03828125
0 0.52578125 0.6109375 0.03828125 0.0375
0 0.5234375 0.91640625 0.0375 0.0375
0 0.2515625 0.86640625 0.03828125 0.03828125
0 0.28828125 0.534375 0.0375 0.0375
0 0.3609375 0.921875 0.03671875 0.03828125
0 0.2390625 0.57734375 0.03515625 0.0359375
0 0.521875 0.97578125 0.03828125 0.03984375
0 0.70078125 0.7125 0.03828125 0.0375
0 0.065625 0.5859375 0.03671875 0.03671875
0 0.0640625 0.68828125 0.0390625 0.03828125
0 0.6609375 0.87890625 0.03828125 0.0375
0 0.06171875 0.4453125 0.03828125 0.0359375
0 0.02890625 0.5375 0.0375 0.0375
0 0.684375 0.93984375 0.03828125 0.0390625
0 0.75390625 0.86796875 0.03671875 0.03828125
0 0.6828125 0.7453125 0.0375 0.03828125
0 0.26875 0.50546875 0.03828125 0.0375
0 0.64921875 0.73359375 0.0375 0.03984375
0 0.68828125 0.903125 0.03828125 0.0390625
0 0.14375 0.41015625 0.03671875 0.03671875
0 0.459375 0.81015625 0.03671875 0.03828125
0 0.61484375 0.6671875 0.0375 0.0375
0 0.11953125 0.38359375 0.03828125 0.03671875
0 0.490625 0.603125 0.03671875 0.03671875
0 0.05859375 0.51640625 0.0375 0.0375
0 0.12734375 0.7953125 0.0375 0.0375
0 0.028125 0.46484375 0.03828125 0.0375
0 0.2546875 0.53984375 0.03671875 0.0375
0 0.48046875 0.97734375 0.03671875 0.0375
0 0.14140625 0.69453125 0.03984375 0.03828125
0 0.02734375 0.50078125 0.0390625 0.03828125
0 0.72578125 0.85078125 0.0390625 0.03984375
0 0.29140625 0.4203125 0.03671875 0.03671875
0 0.13125 0.4625 0.0375 0.0359375
0 0.50078125 0.9453125 0.03671875 0.03828125
0 0.59296875 0.8359375 0.03671875 0.0359375
0 0.54375 0.94609375 0.03828125 0.040625
0 0.19375 0.825 0.03671875 0.03671875
0 0.2234375 0.846875 0.04375 0.0390625
0 0.315625 0.875 0.0375 0.0375
0 0.2109375 0.753125 0.0453125 0.0390625
0 0.3015625 0.74609375 0.0390625 0.0390625
0 0.3171875 0.71171875 0.0359375 0.03671875
0 0.39609375 0.71015625 0.03359375 0.034375
0 0.38046875 0.6375 0.03203125 0.03671875
0 0.4203125 0.640625 0.0375 0.03359375
0 0.475 0.7140625 0.0328125 0.0375
0 0.5984375 0.7265625 0.03203125 0.03984375