0 0.21875 0.603125 0.0375 0.03671875
0 0.15 0.8234375 0.0390625 0.0375
0 0.1015625 0.603125 0.0375 0.03671875
0 0.22109375 0.5203125 0.03671875 0.03515625
0 0.325 0.546875 0.03671875 0.03515625
0 0.35703125 0.7296875 0.0375 0.0375
0 0.28828125 0.42734375 0.0375 0.03671875
0 0.23203125 0.6375 0.0375 0.0375
0 0.340625 0.64765625 0.03671875 0.0375
0 0.40546875 0.71171875 0.0375 0.0375
0 0.303125 0.68828125 0.0375 0.03828125
0 0.25625 0.73984375 0.0375 0.0375
0 0.46484375 0.94609375 0.0375 0.03828125
0 0.20078125 0.5734375 0.0375 0.03515625
0 0.1296875 0.578125 0.03671875 0.0359375
0 0.57578125 0.93828125 0.0359375 0.0375
0 0.43671875 0.728125 0.0375 0.0390625
0 0.53515625 0.81328125 0.03671875 0.03671875
0 0.17421875 0.74921875 0.0390625 0.0390625
0 0.1015625 0.76015625 0.0375 0.0375
0 0.58671875 0.825 0.0359375 0.0375
0 0.4125 0.8359375 0.03828125 0.0375
0 0.51640625 0.846875 0.0359375 0.03671875
0 0.34609375 0.94921875 0.0390625 0.0390625
0 0.03203125 0.5828125 0.03671875 0.0375
0 0.2859375 0.8109375 0.0375 0.0390625
0 0.32421875 0.715625 0.03828125 0.03828125
0 0.375 0.6625 0.0390625 0.03828125
0 0.41953125 0.76328125 0.03671875 0.03828125
0 0.63359375 0.778125 0.0375 0.03828125
0 0.35390625 0.56953125 0.03671875 0.03671875
0 0.32109375 0.5828125 0.0375 0.03671875
0 0.33984375 0.684375 0.03828125 0.03828125
0 0.1296875 0.66640625 0.0375 0.03828125
0 0.4421875 0.97265625 0.03984375 0.040625
0 0.31171875 0.93515625 0.03828125 0.0390625
0 0.52265625 0.68046875 0.0359375 0.0359375
0 0.07890625 0.7234375 0.0390625 0.0390625
0 0.31796875 0.78984375 0.03828125 0.03984375
0 0.28046875 0.6 0.0375 0.0359375
0 0.271875 0.67109375 0.03671875 0.03671875
0 0.40625 0.67578125 0.03828125 0.0390625
0 0.1546875 0.5203125 0.0375 0.03828125
0 0.59921875 0.79140625 0.03515625 0.0390625
0 0.065625 0.5921875 0.0375 0.0375
0 0.52265625 0.91171875 0.0359375 0.03828125
0 0.2546875 0.5046875 0.0359375 0.03515625
0 0.44296875 0.65703125 0.0375 0.03515625
0 0.23671875 0.6734375 0.0390625 0.03828125
0 0.41015625 0.56875 0.03671875 0.0359375
0 0.0296875 0.42890625 0.03671875 0.0375
0 0.55546875 0.76171875 0.03671875 0.03828125
0 0.69296875 0.90390625 0.03828125 0.03828125
0 0.10234375 0.41328125 0.03828125 0.0375
0 0.16640625 0.396875 0.03828125 0.0375
0 0.34375 0.87578125 0.0390625 0.0390625
0 0.5046875 0.74921875 0.0375 0.0390625
0 0.35 0.8390625 0.0375 0.03828125
0 0.0921875 0.48515625 0.03828125 0.03828125
0 0.65 0.91484375 0.03671875 0.03828125
0 0.221875 0.8 0.0375 0.0375
0 0.36328125 0.50546875 0.03828125 0.03671875
0 0.52265625 0.7796875 0.03671875 0.03828125
0 0.16953125 0.67734375 0.0359375 0.03671875
0 0.20078125 0.4140625 0.03671875 0.03671875
0 0.05859375 0.44921875 0.03671875 0.0375
0 0.6015625 0.96484375 0.0375 0.0390625
0 0.2703125 0.70390625 0.0375 0.0390625
0 0.24453125 0.8625 0.0390625 0.0390625
0 0.3484375 0.61015625 0.03671875 0.0375
0 0.61953125 0.9328125 0.0359375 0.0375
0 0.27734375 0.846875 0.03828125 0.03984375
0 0.2796875 0.91953125 0.0375 0.0375
0 0.44921875 0.58671875 0.03515625 0.0359375
0 0.675 0.8375 0.0375 0.03828125
0 0.559375 0.6203125 0.03671875 0.03671875
0 0.24375 0.90078125 0.0375 0.0390625
0 0.28984375 0.734375 0.03984375 0.03828125
0 0.4765625 0.64140625 0.0359375 0.0359375
0 0.784375 0.8640625 0.03671875 0.03671875
0 0.48203125 0.56875 0.0375 0.03515625
0 0.63359375 0.67265625 0.0375 0.03828125
0 0.475 0.6765625 0.0375 0.03828125
0 0.415625 0.6046875 0.0375 0.0375
0 0.51875 0.61171875 0.0359375 0.0375
0 0.18359375 0.50390625 0.0375 0.0375
0 0.56171875 0.97265625 0.0375 0.0390625
0 0.13203125 0.3328125 0.03828125 0.03671875
0 0.45 0.815625 0.03828125 0.0375
0 0.52578125 0.97578125 0.0375 0.040625
0 0.6578125 0.72109375 0.03828125 0.0390625
0 0.37578125 0.890625 0.03671875 0.0359375
0 0.41953125 0.79765625 0.0375 0.0375
0 0.7171875 0.83671875 0.03671875 0.0390625
0 0.19375 0.77890625 0.03828125 0.040625
0 0.61484375 0.70625 0.03671875 0.0375
0 0.1578125 0.55546875 0.03671875 0.034375
0 0.71953125 0.7515625 0.03828125 0.0390625
0 0.16953125 0.43515625 0.0359375 0.03671875
0 0.50625 0.94375 0.03671875 0.0390625
0 0.0390625 0.61796875 0.0390625 0.03984375
0 0.37421875 0.69765625 0.0375 0.0375
0 0.0265625 0.5421875 0.0359375 0.0375
0 0.1453125 0.48671875 0.03671875 0.0359375
0 0.11328125 0.63671875 0.0375 0.03828125
0 0.5421875 0.94296875 0.0359375 0.0390625
0 0.15234375 0.36484375 0.03828125 0.03671875
0 0.72578125 0.91953125 0.03828125 0.03984375
0 0.13984375 0.41796875 0.03671875 0.0359375
0 0.66875 0.76015625 0.03828125 0.03984375
0 0.18828125 0.81328125 0.03828125 0.0375
0 0.05703125 0.5203125 0.03515625 0.0375
0 0.5421875 0.93984375 0.03671875 0.03984375
0 0.25 0.82734375 0.03828125 0.0390625
0 0.48203125 0.84921875 0.03671875 0.03671875
0 0.378125 0.5421875 0.03828125 0.0375
0 0.30625 0.65390625 0.03359375 0.0375
0 0.378125 0.628125 0.0359375 0.03828125
0 0.234375 0.709375 0.0359375 0.034375
0 0.23125 0.76875 0.0375 0.03984375
0 0.25625 0.78984375 0.03359375 0.034375
0 0.4671875 0.7484375 0.03359375 0.0359375
0 0.46953125 0.71171875 0.0359375 0.03359375