0 0.26015625 0.86640625 0.0390625 0.0375
0 0.34375 0.88203125 0.03828125 0.0375
0 0.13828125 0.59453125 0.0390625 0.0375
0 0.29921875 0.85390625 0.03828125 0.0390625
0 0.19375 0.728125 0.03671875 0.0375
0 0.13828125 0.81171875 0.0390625 0.0375
0 0.32265625 0.59453125 0.0375 0.03828125
0 0.21484375 0.6140625 0.03671875 0.03671875
0 0.1921875 0.51328125 0.03828125 0.0375
0 0.2515625 0.5 0.03828125 0.0390625
0 0.48828125 0.71796875 0.03671875 0.0375
0 0.60546875 0.6859375 0.03671875 0.0375
0 0.56640625 0.83125 0.03671875 0.03671875
0 0.45546875 0.8109375 0.03671875 0.0375
0 0.4484375 0.9078125 0.0359375 0.0390625
0 0.5890625 0.76640625 0.03515625 0.0375
0 0.46015625 0.6640625 0.03671875 0.0375
0 0.03359375 0.4125 0.0375 0.0375
0 0.2875 0.7609375 0.0390625 0.03984375
0 0.27890625 0.79453125 0.0390625 0.03828125
0 0.28515625 0.92421875 0.03828125 0.03984375
0 0.12421875 0.490625 0.03671875 0.0375
0 0.1734375 0.4390625 0.03671875 0.0375
0 0.09296875 0.471875 0.0390625 0.0375
0 0.6921875 0.70859375 0.0375 0.0390625
0 0.4046875 0.55390625 0.0359375 0.0375
0 0.35078125 0.78515625 0.0375 0.03828125
0 0.36875 0.85625 0.03828125 0.040625
0 0.30859375 0.56171875 0.0375 0.03671875
0 0.5671875 0.715625 0.03671875 0.03828125
0 0.2015625 0.415625 0.03828125 0.03671875
0 0.24375 0.59609375 0.03671875 0.03671875
0 0.28828125 0.8890625 0.0390625 0.0390625
0 0.6046875 0.72578125 0.0359375 0.0375
0 0.0296875 0.5609375 0.0390625 0.03828125
0 0.3171875 0.6671875 0.0375 0.0390625
0 0.65390625 0.8734375 0.03671875 0.03828125
0 0.3859375 0.7203125 0.0375 0.03828125
0 0.540625 0.8703125 0.03671875 0.0390625
0 0.56484375 0.971875 0.0375 0.03828125
0 0.04296875 0.63359375 0.03671875 0.03671875
0 0.23828125 0.8171875 0.03671875 0.03984375
0 0.6234375 0.89140625 0.03671875 0.03671875
0 0.21171875 0.45078125 0.03828125 0.0375
0 0.3859375 0.68359375 0.03671875 0.03828125
0 0.19296875 0.865625 0.0375 0.03671875
0 0.1640625 0.8375 0.03828125 0.0375
0 0.17578125 0.69765625 0.0390625 0.0375
0 0.37265625 0.5046875 0.03828125 0.03671875
0 0.38828125 0.928125 0.0375 0.040625
0 0.47421875 0.8828125 0.0359375 0.0375
0 0.321875 0.63046875 0.03671875 0.03671875
0 0.45703125 0.52578125 0.0375 0.0359375
0 0.28359375 0.68671875 0.0359375 0.0375
0 0.090625 0.50625 0.03984375 0.0390625
0 0.421875 0.8015625 0.03671875 0.0375
0 0.1375 0.4265625 0.03671875 0.0375
0 0.675 0.9421875 0.0359375 0.0390625
0 0.07890625 0.64375 0.0375 0.03671875
0 0.371875 0.54140625 0.0375 0.03671875
0 0.56484375 0.67890625 0.03671875 0.0375
0 0.553125 0.90390625 0.03671875 0.03828125
0 0.51640625 0.90078125 0.03671875 0.03828125
0 0.05625 0.503125 0.03828125 0.0375
0 0.05859375 0.5375 0.0390625 0.03984375
0 0.21171875 0.79375 0.0390625 0.03828125
0 0.16796875 0.571875 0.03984375 0.0390625
0 0.24609375 0.4640625 0.0375 0.0375
0 0.49609375 0.64453125 0.03671875 0.0375
0 0.3921875 0.64765625 0.03671875 0.0359375
0 0.55234375 0.57734375 0.03671875 0.0375
0 0.6890625 0.86796875 0.0375 0.0375
0 0.2546875 0.74609375 0.03671875 0.0375
0 0.53828125 0.61875 0.0359375 0.0359375
0 0.35234375 0.7484375 0.03671875 0.0375
0 0.1125 0.6453125 0.03828125 0.03671875
0 0.25390625 0.90859375 0.03671875 0.0375
0 0.35625 0.6078125 0.0390625 0.03828125
0 0.45625 0.70078125 0.0375 0.0390625
0 0.5046875 0.8625 0.0359375 0.03984375
0 0.28125 0.4234375 0.0375 0.0359375
0 0.0703125 0.70390625 0.03984375 0.03984375
0 0.325 0.94609375 0.0390625 0.03828125
0 0.68046875 0.90234375 0.03671875 0.03828125
0 0.64140625 0.68828125 0.03671875 0.0390625
0 0.521875 0.79765625 0.03671875 0.03828125
0 0.61015625 0.60546875 0.0375 0.0390625
0 0.48984375 0.6109375 0.0359375 0.0375
0 0.25859375 0.6265625 0.0359375 0.03671875
0 0.075 0.39765625 0.03828125 0.0375
0 0.2265625 0.8515625 0.0390625 0.03828125
0 0.10625 0.70859375 0.03984375 0.0390625
0 0.378125 0.57890625 0.03671875 0.03828125
0 0.521875 0.76171875 0.0375 0.03828125
0 0.528125 0.6890625 0.03671875 0.0359375
0 0.171875 0.6046875 0.03984375 0.0375
0 0.0796875 0.3640625 0.03828125 0.03671875
0 0.2171875 0.48671875 0.03828125 0.03984375
0 0.09375 0.675 0.0390625 0.0390625
0 0.41953125 0.7296875 0.0375 0.03828125
0 0.45546875 0.7375 0.03671875 0.0390625
0 0.1125 0.78046875 0.0390625 0.0390625
0 0.45 0.59453125 0.03671875 0.0359375
0 0.390625 0.6140625 0.0375 0.0375
0 0.04296875 0.378125 0.0375 0.0359375
0 0.81796875 0.85234375 0.03828125 0.0390625
0 0.1015625 0.4359375 0.0375 0.0359375
0 0.1171875 0.36484375 0.0390625 0.03671875
0 0.0640625 0.57265625 0.03671875 0.0375
0 0.69453125 0.81171875 0.03671875 0.03828125
0 0.4890625 0.79140625 0.03671875 0.03828125
0 0.73515625 0.7921875 0.03828125 0.040625
0 0.5171875 0.5875 0.0359375 0.03671875
0 0.16328125 0.36875 0.03828125 0.0359375
0 0.446875 0.5578125 0.03671875 0.0359375
0 0.75859375 0.859375 0.03828125 0.0390625
0 0.19921875 0.5828125 0.03984375 0.03515625
0 0.3765625 0.8921875 0.034375 0.0328125
0 0.35390625 0.91875 0.03125 0.03359375
0 0.56015625 0.753125 0.0328125 0.03828125
0 0.4859375 0.753125 0.0375 0.03828125
0 0.4421875 0.87265625 0.034375 0.0375