0 0.28828125 0.671875 0.03671875 0.0359375
0 0.45390625 0.84375 0.0359375 0.0375
0 0.31953125 0.5765625 0.03671875 0.03671875
0 0.64609375 0.715625 0.0375 0.03828125
0 0.81953125 0.85078125 0.0375 0.03828125
0 0.16015625 0.56328125 0.0375 0.0375
0 0.375 0.53515625 0.03671875 0.0359375
0 0.56015625 0.6484375 0.0375 0.0375
0 0.190625 0.75546875 0.03828125 0.03828125
0 0.728125 0.80625 0.03671875 0.03828125
0 0.4125 0.6125 0.0359375 0.0359375
0 0.40234375 0.96796875 0.0390625 0.0390625
0 0.43125 0.6625 0.0375 0.03671875
0 0.52890625 0.6625 0.0359375 0.03828125
0 0.7609375 0.8984375 0.03828125 0.03828125
0 0.2015625 0.7875 0.03828125 0.03671875
0 0.81171875 0.8109375 0.03671875 0.0390625
0 0.56015625 0.71796875 0.0359375 0.0359375
0 0.54609375 0.825 0.03671875 0.03828125
0 0.35390625 0.73515625 0.0375 0.03671875
0 0.6625 0.88984375 0.03671875 0.0375
0 0.2890625 0.8171875 0.0375 0.0375
0 0.21484375 0.7296875 0.03828125 0.0375
0 0.19375 0.53515625 0.0390625 0.03671875
0 0.609375 0.75078125 0.0375 0.03828125
0 0.39375 0.64453125 0.0359375 0.03671875
0 0.3203125 0.83203125 0.0375 0.03828125
0 0.32265625 0.6515625 0.0375 0.0375
0 0.60859375 0.92890625 0.03671875 0.0390625
0 0.2875 0.59296875 0.0375 0.03828125
0 0.3859375 0.89921875 0.03828125 0.03984375
0 0.2875 0.53046875 0.0390625 0.03828125
0 0.28828125 0.92890625 0.0390625 0.0390625
0 0.48046875 0.571875 0.0359375 0.03671875
0 0.159375 0.490625 0.0390625 0.03671875
0 0.4953125 0.64375 0.03671875 0.0375
0 0.33046875 0.6109375 0.0375 0.0375
0 0.5828125 0.9015625 0.0375 0.0390625
0 0.3203125 0.72421875 0.0375 0.03828125
0 0.546875 0.9140625 0.03671875 0.03984375
0 0.48671875 0.60859375 0.03671875 0.03671875
0 0.37890625 0.5953125 0.03671875 0.03671875
0 0.41484375 0.534375 0.03671875 0.03828125
0 0.6375 0.8609375 0.0375 0.0390625
0 0.6375 0.771875 0.0359375 0.03828125
0 0.2828125 0.49609375 0.0375 0.0375
0 0.32109375 0.86953125 0.03671875 0.0390625
0 0.3859375 0.93515625 0.03828125 0.03828125
0 0.6125 0.6828125 0.0375 0.03828125
0 0.2984375 0.62578125 0.03984375 0.03984375
0 0.4859375 0.753125 0.0359375 0.0375
0 0.64140625 0.81875 0.0375 0.03671875
0 0.72890625 0.88046875 0.03828125 0.0390625
0 0.38515625 0.7515625 0.0375 0.0375
0 0.20703125 0.503125 0.0375 0.0359375
0 0.28515625 0.8921875 0.03828125 0.03671875
0 0.321875 0.796875 0.03671875 0.03828125
0 0.453125 0.9171875 0.03671875 0.03828125
0 0.109375 0.77421875 0.0390625 0.03671875
0 0.68984375 0.721875 0.0375 0.03828125
0 0.321875 0.6875 0.0375 0.03671875
0 0.45234375 0.771875 0.03671875 0.0375
0 0.76484375 0.8078125 0.03671875 0.03828125
0 0.203125 0.659375 0.0375 0.03671875
0 0.165625 0.7953125 0.03828125 0.03828125
0 0.5171875 0.73125 0.03671875 0.03828125
0 0.86796875 0.8 0.0390625 0.03984375
0 0.353125 0.91796875 0.0375 0.0375
0 0.578125 0.6171875 0.0359375 0.0359375
0 0.6015625 0.871875 0.03515625 0.03671875
0 0.31328125 0.44375 0.03671875 0.0359375
0 0.253125 0.52265625 0.0390625 0.03671875
0 0.51953125 0.85078125 0.0359375 0.0375
0 0.2265625 0.54765625 0.0375 0.0359375
0 0.25703125 0.6109375 0.0375 0.0375
0 0.3421875 0.47421875 0.03671875 0.03515625
0 0.69453125 0.81875 0.03828125 0.03671875
0 0.0359375 0.6109375 0.03984375 0.03828125
0 0.18671875 0.86171875 0.03828125 0.03828125
0 0.35546875 0.95625 0.0390625 0.0390625
0 0.31875 0.90546875 0.03671875 0.0359375
0 0.45234375 0.5953125 0.0359375 0.0359375
0 0.846875 0.8265625 0.0375 0.0390625
0 0.3859375 0.86328125 0.0375 0.0375
0 0.12734375 0.36171875 0.03828125 0.0375
0 0.26640625 0.42734375 0.03671875 0.0359375
0 0.73046875 0.91640625 0.0375 0.03828125
0 0.2125 0.403125 0.0375 0.03671875
0 0.2671875 0.64375 0.03671875 0.0359375
0 0.09296875 0.54140625 0.03828125 0.0375
0 0.56015625 0.971875 0.03828125 0.03671875
0 0.1328125 0.5875 0.03828125 0.0359375
0 0.41796875 0.9171875 0.03671875 0.0390625
0 0.6953125 0.86796875 0.03828125 0.03828125
0 0.1328125 0.43125 0.0375 0.03671875
0 0.70078125 0.78203125 0.0375 0.0390625
0 0.0921875 0.35390625 0.03828125 0.03671875
0 0.15625 0.65390625 0.03515625 0.0359375
0 0.63203125 0.95859375 0.03671875 0.040625
0 0.790625 0.8765625 0.03828125 0.03984375
0 0.04375 0.6453125 0.0390625 0.03828125
0 0.57421875 0.93671875 0.03828125 0.0390625
0 0.1265625 0.55390625 0.0375 0.0375
0 0.17265625 0.42265625 0.0375 0.0359375
0 0.49609375 0.68359375 0.03671875 0.0375
0 0.096875 0.4359375 0.0390625 0.03671875
0 0.11640625 0.6453125 0.0390625 0.0359375
0 0.41875 0.696875 0.03828125 0.0359375
0 0.41796875 0.7328125 0.03515625 0.034375
0 0.4203125 0.76875 0.040625 0.03671875
0 0.453125 0.809375 0.03515625 0.040625
0 0.48515625 0.82578125 0.0328125 0.03671875
0 0.5171875 0.80625 0.03359375 0.03359375
0 0.51796875 0.77109375 0.03515625 0.040625
0 0.55 0.790625 0.0390625 0.0359375
0 0.584375 0.77421875 0.03125 0.034375
0 0.5796875 0.8078125 0.034375 0.03515625
0 0.57109375 0.84765625 0.04375 0.0390625
0 0.55703125 0.87890625 0.034375 0.03359375
0 0.4875 0.71796875 0.0359375 0.034375
0 0.52890625 0.69765625 0.04296875 0.03984375
0 0.62734375 0.89765625 0.03671875 0.034375