0 0.346875 0.84609375 0.0390625 0.0390625
0 0.38125 0.7421875 0.0359375 0.0375
0 0.10625 0.7703125 0.03828125 0.03828125
0 0.665625 0.7296875 0.03671875 0.0375
0 0.7828125 0.80390625 0.0359375 0.03828125
0 0.4953125 0.97578125 0.03828125 0.03828125
0 0.40703125 0.59453125 0.03671875 0.03671875
0 0.3984375 0.83359375 0.03828125 0.0390625
0 0.33671875 0.6203125 0.03671875 0.0375
0 0.29296875 0.603125 0.0375 0.03671875
0 0.4140625 0.76953125 0.0375 0.03671875
0 0.625 0.77578125 0.03671875 0.03828125
0 0.275 0.7578125 0.03984375 0.0375
0 0.2046875 0.678125 0.0375 0.0359375
0 0.26015625 0.61796875 0.03828125 0.03671875
0 0.3875 0.89921875 0.0375 0.03828125
0 0.38671875 0.70625 0.0375 0.0375
0 0.46953125 0.8484375 0.0390625 0.03828125
0 0.303125 0.9359375 0.0390625 0.0390625
0 0.484375 0.88359375 0.03828125 0.03828125
0 0.72109375 0.85703125 0.0390625 0.0390625
0 0.2171875 0.846875 0.03828125 0.0390625
0 0.1671875 0.43671875 0.0375 0.03671875
0 0.4859375 0.60546875 0.03828125 0.0375
0 0.69609375 0.83125 0.03671875 0.0390625
0 0.55078125 0.715625 0.0359375 0.03671875
0 0.328125 0.66484375 0.03828125 0.03828125
0 0.2296875 0.4421875 0.0390625 0.03828125
0 0.57265625 0.84375 0.03671875 0.03828125
0 0.54296875 0.975 0.03828125 0.0375
0 0.45 0.74140625 0.0375 0.03671875
0 0.13828125 0.6125 0.03828125 0.03828125
0 0.59140625 0.81171875 0.0375 0.03671875
0 0.165625 0.678125 0.03828125 0.03984375
0 0.42265625 0.90625 0.0375 0.03671875
0 0.6765625 0.94375 0.0390625 0.04140625
0 0.46015625 0.63359375 0.0375 0.0375
0 0.284375 0.81015625 0.0390625 0.0375
0 0.79140625 0.878125 0.03984375 0.0390625
0 0.5875 0.7765625 0.0375 0.0375
0 0.20625 0.7390625 0.0375 0.03828125
0 0.60078125 0.71875 0.03671875 0.0375
0 0.153125 0.82890625 0.03984375 0.0390625
0 0.30859375 0.90078125 0.0390625 0.03984375
0 0.20859375 0.88046875 0.03828125 0.03671875
0 0.08515625 0.73984375 0.03984375 0.0390625
0 0.253125 0.8265625 0.0390625 0.03984375
0 0.2609375 0.54140625 0.03671875 0.0359375
0 0.65 0.91640625 0.03828125 0.03828125
0 0.16640625 0.79453125 0.03828125 0.03671875
0 0.209375 0.52421875 0.03828125 0.0359375
0 0.10546875 0.70625 0.03828125 0.0359375
0 0.6234375 0.89296875 0.03671875 0.0375
0 0.590625 0.6578125 0.0359375 0.03828125
0 0.03515625 0.39921875 0.0390625 0.0375
0 0.65625 0.79140625 0.03828125 0.0390625
0 0.10703125 0.40859375 0.0375 0.03671875
0 0.56015625 0.63671875 0.03671875 0.03671875
0 0.025 0.50625 0.0375 0.03671875
0 0.2265625 0.70625 0.03671875 0.0375
0 0.35078125 0.503125 0.0375 0.03671875
0 0.19609375 0.7703125 0.0390625 0.03828125
0 0.84296875 0.83046875 0.0375 0.03828125
0 0.740625 0.734375 0.03828125 0.0390625
0 0.62265625 0.67265625 0.03671875 0.03828125
0 0.35546875 0.91640625 0.03828125 0.03671875
0 0.7546875 0.865625 0.0375 0.0375
0 0.49609375 0.81875 0.0375 0.03828125
0 0.41953125 0.69765625 0.0359375 0.0359375
0 0.246875 0.5078125 0.03671875 0.03671875
0 0.090625 0.675 0.03984375 0.0375
0 0.2921875 0.525 0.03828125 0.0359375
0 0.2625 0.6984375 0.03828125 0.03828125
0 0.6421875 0.8609375 0.0375 0.03671875
0 0.28359375 0.45390625 0.03828125 0.03671875
0 0.5046875 0.85234375 0.0375 0.0390625
0 0.490625 0.71171875 0.03671875 0.0375
0 0.42109375 0.803125 0.0359375 0.0375
0 0.0578125 0.45859375 0.0359375 0.0359375
0 0.19921875 0.41953125 0.0390625 0.0390625
0 0.1015625 0.5125 0.03828125 0.03828125
0 0.21875 0.79921875 0.0390625 0.03828125
0 0.6078125 0.9640625 0.03671875 0.0390625
0 0.6953125 0.7078125 0.0375 0.03828125
0 0.05390625 0.56328125 0.03828125 0.03828125
0 0.6140625 0.928125 0.03671875 0.0390625
0 0.3984375 0.934375 0.0375 0.03828125
0 0.13046875 0.4453125 0.03828125 0.03828125
0 0.12890625 0.803125 0.03828125 0.03828125
0 0.72734375 0.80078125 0.03828125 0.03984375
0 0.17265625 0.6140625 0.03671875 0.0375
0 0.28828125 0.48984375 0.0390625 0.0375
0 0.365625 0.5984375 0.0359375 0.03671875
0 0.30390625 0.78046875 0.03671875 0.03828125
0 0.2765625 0.84609375 0.0390625 0.03984375
0 0.5578125 0.8921875 0.03828125 0.03828125
0 0.12890625 0.47890625 0.0375 0.0375
0 0.24140625 0.5875 0.0359375 0.0359375
0 0.128125 0.6796875 0.0375 0.03828125
0 0.1015625 0.6109375 0.03828125 0.03671875
0 0.42578125 0.625 0.03671875 0.03671875
0 0.07578125 0.39140625 0.03828125 0.0359375
0 0.5484375 0.92421875 0.03828125 0.0390625
0 0.64140625 0.9546875 0.0390625 0.03984375
0 0.2515625 0.47265625 0.03828125 0.0375
0 0.521875 0.69609375 0.03515625 0.03671875
0 0.4359375 0.56484375 0.03671875 0.03515625
0 0.12109375 0.7390625 0.0390625 0.03828125
0 0.43359375 0.94140625 0.03828125 0.03828125
0 0.15390625 0.64375 0.0390625 0.03828125
0 0.5828125 0.91640625 0.03671875 0.03671875
0 0.4953125 0.978125 0.03671875 0.03671875
0 0.41171875 0.96796875 0.0390625 0.03984375
0 0.72421875 0.7671875 0.0375 0.0375
0 0.2515625 0.409375 0.0390625 0.0359375
0 0.709375 0.92890625 0.03828125 0.03828125
0 0.43359375 0.93984375 0.03828125 0.0375
0 0.08671875 0.578125 0.0390625 0.0375
0 0.625 0.8125 0.034375 0.0359375
0 0.24140625 0.67421875 0.0359375 0.0328125
0 0.25390625 0.7890625 0.03515625 0.0375
0 0.2484375 0.86640625 0.03828125 0.0359375
0 0.37890625 0.8640625 0.03671875 0.0375
0 0.4625 0.8109375 0.0375 0.03828125