0 0.33125 0.80234375 0.03828125 0.03828125
0 0.42890625 0.803125 0.03828125 0.0390625
0 0.42421875 0.7671875 0.0359375 0.03828125
0 0.29765625 0.896875 0.0390625 0.03984375
0 0.33359375 0.9125 0.0390625 0.040625
0 0.790625 0.82890625 0.0375 0.0375
0 0.5390625 0.61796875 0.0375 0.03671875
0 0.54921875 0.81484375 0.03671875 0.03671875
0 0.2015625 0.8734375 0.03984375 0.03828125
0 0.17265625 0.74375 0.03671875 0.0375
0 0.325 0.58984375 0.0375 0.0359375
0 0.52421875 0.84296875 0.03671875 0.0375
0 0.4609375 0.8171875 0.0375 0.0390625
0 0.44140625 0.734375 0.03828125 0.0390625
0 0.325 0.728125 0.0359375 0.03828125
0 0.109375 0.615625 0.03828125 0.0390625
0 0.28046875 0.5796875 0.03828125 0.0375
0 0.14296875 0.60859375 0.03828125 0.0375
0 0.47421875 0.74765625 0.0359375 0.0359375
0 0.171875 0.67421875 0.03828125 0.03828125
0 0.375 0.71171875 0.03671875 0.0375
0 0.15 0.82421875 0.0390625 0.03828125
0 0.77890625 0.8671875 0.0390625 0.03828125
0 0.24609375 0.6625 0.0375 0.03828125
0 0.190625 0.815625 0.0390625 0.0390625
0 0.27109375 0.5109375 0.03828125 0.0375
0 0.2125 0.6 0.0390625 0.0390625
0 0.60234375 0.940625 0.03671875 0.03828125
0 0.46796875 0.61796875 0.03671875 0.03671875
0 0.2921875 0.8234375 0.03671875 0.0375
0 0.434375 0.6296875 0.0375 0.03828125
0 0.165625 0.79140625 0.03984375 0.0390625
0 0.44296875 0.5953125 0.03671875 0.03671875
0 0.27421875 0.45703125 0.03828125 0.03671875
0 0.2609375 0.73828125 0.03828125 0.03828125
0 0.5359375 0.975 0.0375 0.03828125
0 0.4625 0.97578125 0.0375 0.03828125
0 0.55546875 0.7125 0.0375 0.0375
0 0.646875 0.825 0.0375 0.0375
0 0.2921875 0.7140625 0.03828125 0.03828125
0 0.67109375 0.94453125 0.03671875 0.0390625
0 0.06328125 0.565625 0.0375 0.0375
0 0.2828125 0.6578125 0.03671875 0.03828125
0 0.553125 0.9421875 0.03671875 0.0375
0 0.57890625 0.96953125 0.03828125 0.03828125
0 0.19609375 0.646875 0.0375 0.03828125
0 0.7140625 0.84296875 0.0390625 0.0390625
0 0.1046875 0.7015625 0.0375 0.03671875
0 0.66640625 0.85546875 0.03671875 0.03828125
0 0.51796875 0.65 0.03515625 0.03515625
0 0.45078125 0.7 0.03671875 0.0375
0 0.353125 0.56640625 0.03671875 0.03671875
0 0.21171875 0.678125 0.03828125 0.03828125
0 0.296875 0.7890625 0.0375 0.0375
0 0.3625 0.8890625 0.03828125 0.03984375
0 0.17890625 0.44921875 0.03828125 0.0359375
0 0.18125 0.61484375 0.0390625 0.03984375
0 0.1265625 0.496875 0.0375 0.0375
0 0.62578125 0.79453125 0.03671875 0.0375
0 0.3421875 0.5328125 0.03671875 0.03671875
0 0.40859375 0.6890625 0.03828125 0.040625
0 0.3015625 0.48671875 0.03671875 0.0375
0 0.19609375 0.53046875 0.0375 0.03671875
0 0.37734375 0.521875 0.03671875 0.03671875
0 0.02578125 0.521875 0.0390625 0.03828125
0 0.18359375 0.484375 0.03828125 0.03828125
0 0.37421875 0.96015625 0.03984375 0.04140625
0 0.128125 0.79609375 0.03671875 0.0375
0 0.328125 0.76640625 0.03671875 0.0390625
0 0.6140625 0.83046875 0.03828125 0.0390625
0 0.41953125 0.97109375 0.0390625 0.0390625
0 0.378125 0.67421875 0.0390625 0.0375
0 0.1671875 0.5828125 0.0375 0.03828125
0 0.3234375 0.83671875 0.03828125 0.0375
0 0.3875 0.55390625 0.03671875 0.03671875
0 0.025 0.45234375 0.0375 0.03671875
0 0.7234375 0.8984375 0.03828125 0.0390625
0 0.175 0.84921875 0.03984375 0.0390625
0 0.58671875 0.8046875 0.0375 0.03828125
0 0.07734375 0.63671875 0.0390625 0.03828125
0 0.5359375 0.90859375 0.0359375 0.0359375
0 0.859375 0.81015625 0.0390625 0.0390625
0 0.3953125 0.90078125 0.03828125 0.03828125
0 0.4859375 0.5875 0.03671875 0.03671875
0 0.64296875 0.76484375 0.03515625 0.03515625
0 0.2328125 0.7609375 0.0390625 0.03828125
0 0.50078125 0.6828125 0.03671875 0.0359375
0 0.06171875 0.5328125 0.0375 0.0375
0 0.09453125 0.475 0.03828125 0.0375
0 0.59609375 0.7078125 0.03828125 0.0375
0 0.06171875 0.35546875 0.03828125 0.0375
0 0.61171875 0.8671875 0.0359375 0.03671875
0 0.16015625 0.5109375 0.03671875 0.03671875
0 0.5015625 0.909375 0.03828125 0.0359375
0 0.02734375 0.559375 0.0375 0.0375
0 0.26640625 0.88203125 0.0375 0.0375
0 0.1984375 0.771875 0.0375 0.03671875
0 0.5453125 0.74765625 0.03671875 0.0375
0 0.1203125 0.64765625 0.03828125 0.03828125
0 0.23828125 0.528125 0.03828125 0.0359375
0 0.82578125 0.821875 0.0390625 0.0375
0 0.3640625 0.921875 0.03828125 0.03828125
0 0.7359375 0.80234375 0.03828125 0.03984375
0 0.20234375 0.42109375 0.03828125 0.03515625
0 0.30859375 0.684375 0.03671875 0.03828125
0 0.5421875 0.87421875 0.03671875 0.03828125
0 0.0890625 0.66953125 0.03828125 0.0375
0 0.64296875 0.91953125 0.0359375 0.03828125
0 0.025 0.48671875 0.0375 0.0359375
0 0.4828125 0.94375 0.0359375 0.0375
0 0.5171875 0.9421875 0.03828125 0.03671875
0 0.69609375 0.87578125 0.03671875 0.03828125
0 0.13359375 0.37734375 0.0390625 0.03671875
0 0.075 0.38984375 0.03828125 0.03671875
0 0.5359375 0.9765625 0.0359375 0.0375
0 0.0875 0.73515625 0.040625 0.03515625
0 0.0984375 0.58046875 0.03671875 0.03515625
0 0.15625 0.640625 0.040625 0.034375
0 0.12109375 0.73359375 0.03671875 0.0375
0 0.40703125 0.653125 0.03515625 0.03359375
0 0.40625 0.72421875 0.0328125 0.03515625
0 0.57734375 0.7390625 0.040625 0.03515625
0 0.56640625 0.775 0.03046875 0.03203125