0 0.38125 0.7125 0.03671875 0.03828125
0 0.13359375 0.6046875 0.03828125 0.0375
0 0.2328125 0.659375 0.03828125 0.0375
0 0.15 0.403125 0.0390625 0.03671875
0 0.2640625 0.51171875 0.03828125 0.0375
0 0.2484375 0.61015625 0.03828125 0.03671875
0 0.06640625 0.69453125 0.0390625 0.03828125
0 0.2546875 0.6875 0.03828125 0.03828125
0 0.096875 0.4375 0.03828125 0.03671875
0 0.09140625 0.4734375 0.0390625 0.0375
0 0.025 0.46796875 0.0375 0.03828125
0 0.2359375 0.57734375 0.03671875 0.03671875
0 0.22890625 0.7640625 0.03984375 0.0390625
0 0.1359375 0.4390625 0.0390625 0.0375
0 0.1796875 0.75859375 0.0375 0.0375
0 0.20546875 0.59609375 0.0375 0.03671875
0 0.06796875 0.41484375 0.0375 0.0375
0 0.41640625 0.846875 0.03671875 0.0375
0 0.0515625 0.65859375 0.0390625 0.0375
0 0.146875 0.6390625 0.03828125 0.03828125
0 0.440625 0.9734375 0.0375 0.03828125
0 0.03828125 0.62109375 0.0359375 0.0375
0 0.12421875 0.6671875 0.0390625 0.03671875
0 0.07421875 0.63203125 0.0359375 0.0359375
0 0.21953125 0.8859375 0.03828125 0.03828125
0 0.18203125 0.64140625 0.03671875 0.0375
0 0.48203125 0.8109375 0.0375 0.03828125
0 0.18359375 0.70625 0.0359375 0.0375
0 0.2640625 0.6421875 0.0390625 0.0375
0 0.33125 0.725 0.0390625 0.0375
0 0.465625 0.9421875 0.03671875 0.0375
0 0.1359375 0.50859375 0.03828125 0.0375
0 0.40546875 0.96796875 0.0390625 0.0390625
0 0.2171875 0.628125 0.0375 0.03671875
0 0.4546875 0.7859375 0.03671875 0.03828125
0 0.24375 0.7296875 0.0390625 0.0375
0 0.2 0.7875 0.0375 0.03828125
0 0.56171875 0.9171875 0.0375 0.03828125
0 0.4078125 0.7921875 0.0375 0.03828125
0 0.11484375 0.534375 0.03828125 0.0375
0 0.165625 0.5734375 0.0390625 0.03828125
0 0.32890625 0.66640625 0.03671875 0.0375
0 0.20703125 0.734375 0.03828125 0.03828125
0 0.1265625 0.79609375 0.03828125 0.03671875
0 0.0984375 0.59921875 0.03671875 0.03671875
0 0.02890625 0.43203125 0.03828125 0.03671875
0 0.29921875 0.74296875 0.03828125 0.0390625
0 0.35390625 0.925 0.03671875 0.0375
0 0.3671875 0.95859375 0.0375 0.0390625
0 0.5328125 0.8484375 0.0359375 0.0375
0 0.35390625 0.815625 0.0375 0.0390625
0 0.28203125 0.92265625 0.03828125 0.0375
0 0.140625 0.7640625 0.03828125 0.03828125
0 0.52421875 0.9140625 0.03671875 0.0390625
0 0.12890625 0.5703125 0.0375 0.03671875
0 0.36328125 0.74453125 0.0390625 0.03828125
0 0.15390625 0.828125 0.040625 0.0390625
0 0.39375 0.759375 0.0375 0.03671875
0 0.31328125 0.90703125 0.03671875 0.0375
0 0.4421875 0.871875 0.0375 0.0390625
0 0.1171875 0.7296875 0.04296875 0.0390625
0 0.55234375 0.81875 0.0375 0.0390625
0 0.10546875 0.76328125 0.03984375 0.0375
0 0.5875 0.940625 0.03828125 0.03828125
0 0.60234375 0.8625 0.0359375 0.03828125
0 0.31875 0.5359375 0.0390625 0.0375
0 0.46015625 0.8421875 0.0375 0.0390625
0 0.25703125 0.7953125 0.03828125 0.0390625
0 0.21953125 0.70078125 0.0390625 0.03828125
0 0.05703125 0.48359375 0.0375 0.03671875
0 0.38046875 0.89765625 0.0375 0.0390625
0 0.059375 0.5546875 0.0375 0.0375
0 0.16328125 0.4640625 0.03828125 0.03671875
0 0.0609375 0.44765625 0.03828125 0.0375
0 0.2265625 0.8125 0.03671875 0.0375
0 0.28359375 0.66953125 0.03984375 0.0390625
0 0.428125 0.93671875 0.0375 0.03671875
0 0.1640625 0.7921875 0.03828125 0.0390625
0 0.3484375 0.853125 0.03671875 0.0390625
0 0.25546875 0.8328125 0.0375 0.0390625
0 0.4515625 0.9078125 0.03671875 0.03828125
0 0.15703125 0.7296875 0.0390625 0.03828125
0 0.321875 0.7984375 0.0375 0.03984375
0 0.40390625 0.596875 0.03671875 0.03671875
0 0.190625 0.82265625 0.0390625 0.0390625
0 0.19921875 0.67265625 0.0390625 0.03671875
0 0.0234375 0.50390625 0.03671875 0.03828125
0 0.38359375 0.86328125 0.03671875 0.0375
0 0.29296875 0.77734375 0.0375 0.03671875
0 0.2875 0.81484375 0.03828125 0.0390625
0 0.2203125 0.84921875 0.03515625 0.0359375
0 0.321875 0.94375 0.0375 0.03828125
0 0.35078125 0.69375 0.03671875 0.03828125
0 0.43125 0.75859375 0.03671875 0.0375
0 0.36171875 0.78046875 0.03671875 0.03671875
0 0.45078125 0.728125 0.0375 0.03828125
0 0.31875 0.8328125 0.03671875 0.03828125
0 0.31640625 0.8703125 0.0375 0.03828125
0 0.4953125 0.840625 0.0375 0.0390625
0 0.128125 0.47421875 0.03828125 0.03671875
0 0.28203125 0.88828125 0.0375 0.0390625
0 0.1859375 0.8578125 0.0390625 0.03671875
0 0.5125 0.978125 0.03671875 0.03828125
0 0.346875 0.88828125 0.03671875 0.0375
0 0.41640625 0.90390625 0.03671875 0.03984375
0 0.25234375 0.86796875 0.03828125 0.040625
0 0.2515625 0.90546875 0.03828125 0.03828125
0 0.39296875 0.9328125 0.03828125 0.03828125
0 0.47265625 0.7546875 0.03671875 0.0390625
0 0.4765625 0.9765625 0.03671875 0.0359375
0 0.16171875 0.671875 0.03828125 0.0375
0 0.08515625 0.66484375 0.03828125 0.03671875
0 0.17109375 0.60859375 0.034375 0.03671875
0 0.1046875 0.7 0.0359375 0.040625
0 0.1390625 0.7 0.03828125 0.0359375
0 0.08203125 0.73203125 0.040625 0.03984375
0 0.2765625 0.715625 0.03203125 0.0359375
0 0.309375 0.6953125 0.04140625 0.040625
0 0.26328125 0.75625 0.03515625 0.0359375
0 0.33046875 0.76015625 0.0375 0.03671875
0 0.41328125 0.72890625 0.0390625 0.03671875
0 0.2875 0.84921875 0.03515625 0.0375