0 0.4390625 0.8 0.03671875 0.0375
0 0.6046875 0.7140625 0.0375 0.0390625
0 0.353125 0.85078125 0.0375 0.0359375
0 0.4984375 0.6109375 0.0375 0.03828125
0 0.56953125 0.66328125 0.03671875 0.03671875
0 0.440625 0.8375 0.03671875 0.03671875
0 0.0640625 0.6953125 0.0390625 0.0375
0 0.31484375 0.86953125 0.0375 0.03828125
0 0.61640625 0.7875 0.0359375 0.03828125
0 0.40078125 0.96875 0.03828125 0.03828125
0 0.1 0.70234375 0.03828125 0.03828125
0 0.87109375 0.7859375 0.0390625 0.03984375
0 0.3984375 0.6078125 0.03828125 0.03828125
0 0.26171875 0.79609375 0.03671875 0.0375
0 0.38125 0.896875 0.0375 0.0375
0 0.31328125 0.675 0.03828125 0.03984375
0 0.196875 0.7875 0.03671875 0.03671875
0 0.64765625 0.77109375 0.0359375 0.03671875
0 0.5359375 0.69296875 0.03515625 0.03671875
0 0.42578125 0.9390625 0.0375 0.03671875
0 0.22734375 0.7109375 0.0359375 0.0359375
0 0.56171875 0.9421875 0.03671875 0.0390625
0 0.78828125 0.86328125 0.03828125 0.03828125
0 0.08203125 0.73359375 0.03828125 0.0375
0 0.0515625 0.6625 0.0375 0.0375
0 0.6640625 0.69765625 0.03671875 0.0390625
0 0.12421875 0.79765625 0.0375 0.03671875
0 0.6421875 0.88203125 0.03671875 0.0375
0 0.2546875 0.49921875 0.03828125 0.0375
0 0.37578125 0.67109375 0.0375 0.03828125
0 0.63359375 0.92421875 0.0359375 0.03671875
0 0.4078125 0.68515625 0.03828125 0.03828125
0 0.26015625 0.63203125 0.03828125 0.03671875
0 0.31328125 0.5828125 0.03828125 0.03828125
0 0.4375 0.871875 0.03828125 0.03671875
0 0.2359375 0.53046875 0.03828125 0.0375
0 0.365625 0.5921875 0.03671875 0.0375
0 0.46484375 0.63515625 0.03671875 0.0375
0 0.7921875 0.78984375 0.03671875 0.0390625
0 0.17890625 0.6171875 0.03828125 0.03671875
0 0.37890625 0.74765625 0.0375 0.0390625
0 0.50625 0.71796875 0.03828125 0.03828125
0 0.3515625 0.9234375 0.03671875 0.03671875
0 0.096875 0.5625 0.03828125 0.0359375
0 0.33984375 0.7625 0.03671875 0.03671875
0 0.2828125 0.85234375 0.03828125 0.0390625
0 0.51640625 0.78828125 0.03671875 0.0390625
0 0.534375 0.6203125 0.0359375 0.0359375
0 0.08828125 0.66875 0.0390625 0.0390625
0 0.33828125 0.7984375 0.0375 0.03828125
0 0.2125 0.60234375 0.0375 0.0359375
0 0.2171875 0.88671875 0.03828125 0.0375
0 0.85546875 0.8171875 0.03828125 0.0390625
0 0.57734375 0.8796875 0.03671875 0.03671875
0 0.09296875 0.49296875 0.03828125 0.03671875
0 0.16171875 0.54921875 0.03828125 0.0359375
0 0.64921875 0.8421875 0.03671875 0.03828125
0 0.0890625 0.396875 0.0390625 0.03671875
0 0.4296875 0.58671875 0.03671875 0.03515625
0 0.125 0.50546875 0.03828125 0.0375
0 0.40390625 0.79140625 0.03671875 0.03828125
0 0.025 0.4765625 0.0375 0.03671875
0 0.5421875 0.72890625 0.0359375 0.0375
0 0.18984375 0.65234375 0.0390625 0.03828125
0 0.81953125 0.8140625 0.03671875 0.0375
0 0.40859375 0.7203125 0.0359375 0.0359375
0 0.06015625 0.56328125 0.03828125 0.03671875
0 0.6078125 0.640625 0.0359375 0.03671875
0 0.48046875 0.74453125 0.034375 0.0390625
0 0.34453125 0.65390625 0.03671875 0.03671875
0 0.55234375 0.90546875 0.0375 0.0375
0 0.128125 0.471875 0.03828125 0.0359375
0 0.21640625 0.46640625 0.0375 0.0359375
0 0.3640625 0.959375 0.0375 0.03828125
0 0.36953125 0.7828125 0.0375 0.03984375
0 0.1546875 0.6453125 0.03828125 0.03671875
0 0.3453125 0.690625 0.03828125 0.0390625
0 0.5171875 0.89765625 0.0375 0.03828125
0 0.25078125 0.909375 0.0359375 0.03828125
0 0.30859375 0.7453125 0.03671875 0.0375
0 0.49375 0.92421875 0.03671875 0.03671875
0 0.17734375 0.7609375 0.0390625 0.0390625
0 0.125 0.5421875 0.0390625 0.03828125
0 0.290625 0.5109375 0.03828125 0.03828125
0 0.3328125 0.515625 0.0375 0.0359375
0 0.3453125 0.728125 0.03828125 0.03828125
0 0.30859375 0.6375 0.03984375 0.040625
0 0.10078125 0.59765625 0.0375 0.0375
0 0.5875 0.9671875 0.0375 0.03984375
0 0.7390625 0.7390625 0.0375 0.0390625
0 0.1078125 0.33671875 0.03828125 0.03671875
0 0.11328125 0.425 0.03828125 0.03671875
0 0.765625 0.7640625 0.03828125 0.03671875
0 0.03359375 0.40625 0.0375 0.03671875
0 0.5328125 0.65703125 0.03515625 0.0375
0 0.09140625 0.52734375 0.0375 0.0375
0 0.35 0.5578125 0.03671875 0.03671875
0 0.7 0.89375 0.0359375 0.0375
0 0.1125 0.63125 0.0375 0.0359375
0 0.1390625 0.7640625 0.0390625 0.0390625
0 0.253125 0.4625 0.0375 0.03515625
0 0.05546875 0.528125 0.03671875 0.03671875
0 0.396875 0.571875 0.0375 0.03671875
0 0.04296875 0.371875 0.03828125 0.03671875
0 0.15390625 0.64453125 0.0375 0.0375
0 0.30078125 0.47734375 0.03828125 0.03671875
0 0.33984375 0.4765625 0.03828125 0.03671875
0 0.2 0.434375 0.03828125 0.0359375
0 0.6953125 0.934375 0.0359375 0.03828125
0 0.290625 0.61171875 0.034375 0.034375
0 0.3359375 0.6125 0.03984375 0.0390625
0 0.31328125 0.70859375 0.034375 0.03203125
0 0.37734375 0.70625 0.03203125 0.0328125
0 0.44296875 0.6953125 0.034375 0.034375
0 0.4734375 0.70859375 0.0328125 0.03515625
0 0.5046875 0.6828125 0.0375 0.0390625
0 0.28515625 0.88984375 0.0390625 0.0375
0 0.32265625 0.83515625 0.03671875 0.0375
0 0.509375 0.8625 0.03828125 0.03515625
0 0.54375 0.871875 0.0359375 0.03359375
0 0.58671875 0.809375 0.0375 0.03671875
0 0.578125 0.7359375 0.0359375 0.03359375
0 0.5984375 0.9328125 0.034375 0.03671875