0 0.5125 0.86171875 0.0375 0.0390625
0 0.2421875 0.73515625 0.03671875 0.0390625
0 0.025 0.52578125 0.0375 0.0375
0 0.590625 0.796875 0.0359375 0.0375
0 0.4828125 0.83671875 0.03671875 0.03828125
0 0.3765625 0.86015625 0.0375 0.03828125
0 0.2828125 0.73125 0.0359375 0.0375
0 0.325 0.675 0.0375 0.0375
0 0.2484375 0.79609375 0.0375 0.0375
0 0.61953125 0.92734375 0.03671875 0.03671875
0 0.16171875 0.56953125 0.0375 0.0375
0 0.09296875 0.684375 0.0390625 0.0375
0 0.4546875 0.68046875 0.03671875 0.03671875
0 0.55 0.94453125 0.03671875 0.0375
0 0.03515625 0.603125 0.03828125 0.0375
0 0.171875 0.84609375 0.0390625 0.03984375
0 0.61953125 0.67890625 0.0375 0.0375
0 0.28046875 0.81484375 0.0390625 0.03828125
0 0.146875 0.71796875 0.03828125 0.0390625
0 0.58046875 0.64375 0.03671875 0.03671875
0 0.3375 0.7734375 0.0359375 0.0390625
0 0.06171875 0.57734375 0.0375 0.03671875
0 0.37265625 0.7875 0.0359375 0.0375
0 0.73203125 0.8453125 0.03828125 0.03984375
0 0.34921875 0.70078125 0.03671875 0.03671875
0 0.575 0.97109375 0.03828125 0.03984375
0 0.4421875 0.56328125 0.0375 0.0359375
0 0.4296875 0.78515625 0.0375 0.03828125
0 0.63203125 0.8921875 0.0359375 0.0375
0 0.54453125 0.7078125 0.03515625 0.0375
0 0.02734375 0.565625 0.0390625 0.03828125
0 0.3109375 0.8296875 0.03828125 0.0375
0 0.72734375 0.88046875 0.0375 0.0390625
0 0.409375 0.815625 0.0375 0.03828125
0 0.49453125 0.79609375 0.0375 0.03828125
0 0.20390625 0.7390625 0.040625 0.03984375
0 0.68125 0.7921875 0.0375 0.0390625
0 0.53203125 0.78984375 0.034375 0.03828125
0 0.31015625 0.71015625 0.03828125 0.0390625
0 0.80078125 0.8671875 0.03828125 0.03984375
0 0.365625 0.61484375 0.03671875 0.0359375
0 0.128125 0.6875 0.03828125 0.0390625
0 0.38046875 0.71640625 0.0375 0.0375
0 0.35234375 0.95234375 0.03828125 0.03828125
0 0.65234375 0.7078125 0.0375 0.03671875
0 0.3796875 0.68046875 0.0375 0.03828125
0 0.41796875 0.925 0.03828125 0.0375
0 0.40546875 0.5515625 0.03671875 0.03671875
0 0.3609375 0.55390625 0.0375 0.03671875
0 0.64765625 0.8078125 0.0359375 0.03828125
0 0.63984375 0.84921875 0.0359375 0.03828125
0 0.39765625 0.96640625 0.0390625 0.03828125
0 0.6078125 0.865625 0.03671875 0.0375
0 0.67265625 0.83359375 0.0359375 0.0390625
0 0.371875 0.896875 0.0375 0.03828125
0 0.47734375 0.7296875 0.03671875 0.03828125
0 0.7078125 0.81875 0.03671875 0.03984375
0 0.46875 0.93828125 0.03671875 0.03671875
0 0.10234375 0.61875 0.0390625 0.03828125
0 0.115625 0.65546875 0.0375 0.03828125
0 0.4015625 0.61171875 0.03671875 0.03671875
0 0.11484375 0.3671875 0.0359375 0.03671875
0 0.175 0.8078125 0.03984375 0.0375
0 0.3421875 0.88125 0.03828125 0.03984375
0 0.80546875 0.79453125 0.0375 0.03828125
0 0.23984375 0.86796875 0.0375 0.03671875
0 0.4859375 0.69453125 0.0359375 0.0375
0 0.434375 0.62421875 0.0359375 0.03671875
0 0.475 0.7671875 0.0375 0.0390625
0 0.10390625 0.40234375 0.0375 0.0375
0 0.30546875 0.565625 0.03828125 0.0359375
0 0.4578125 0.596875 0.0375 0.03671875
0 0.05625 0.54453125 0.03671875 0.0390625
0 0.73359375 0.7953125 0.0375 0.03984375
0 0.12734375 0.5625 0.03828125 0.0375
0 0.14140625 0.8125 0.040625 0.0390625
0 0.49765625 0.9625 0.03828125 0.04140625
0 0.20390625 0.87578125 0.0390625 0.03828125
0 0.09765625 0.58515625 0.03828125 0.03671875
0 0.2703125 0.7671875 0.03671875 0.0390625
0 0.72578125 0.9171875 0.03984375 0.040625
0 0.65546875 0.76875 0.03828125 0.03828125
0 0.24453125 0.628125 0.0359375 0.03515625
0 0.70859375 0.76953125 0.0375 0.0390625
0 0.5421875 0.74453125 0.03515625 0.0359375
0 0.4453125 0.75 0.0375 0.0390625
0 0.1546875 0.7796875 0.03828125 0.03828125
0 0.5265625 0.575 0.0375 0.03671875
0 0.384375 0.58125 0.0375 0.03671875
0 0.27890625 0.8875 0.03671875 0.0390625
0 0.1765625 0.371875 0.03828125 0.03671875
0 0.34609375 0.91796875 0.03671875 0.0375
0 0.09375 0.471875 0.03828125 0.03828125
0 0.0578125 0.47265625 0.0375 0.0375
0 0.28125 0.43515625 0.0375 0.03671875
0 0.1203125 0.49140625 0.03828125 0.0375
0 0.21875 0.7078125 0.0375 0.03671875
0 0.234375 0.4875 0.0390625 0.03671875
0 0.196875 0.5453125 0.0375 0.03671875
0 0.04375 0.64140625 0.03828125 0.03828125
0 0.17421875 0.44140625 0.03828125 0.03671875
0 0.69609375 0.896875 0.03671875 0.03828125
0 0.234375 0.52265625 0.03828125 0.0359375
0 0.178125 0.40546875 0.0390625 0.03671875
0 0.0328125 0.41640625 0.03828125 0.03671875
0 0.2125 0.8015625 0.03828125 0.03671875
0 0.19296875 0.50859375 0.0390625 0.0375
0 0.2796875 0.92421875 0.0375 0.03828125
0 0.5828125 0.93515625 0.03515625 0.0359375
0 0.22578125 0.41796875 0.03671875 0.034375
0 0.18515625 0.475 0.03828125 0.0359375
0 0.18046875 0.640625 0.040625 0.040625
0 0.11171875 0.721875 0.04296875 0.0421875
0 0.16796875 0.74609375 0.03671875 0.03515625
0 0.22578125 0.76796875 0.03984375 0.03203125
0 0.4015625 0.765625 0.0359375 0.03359375
0 0.34296875 0.8078125 0.03671875 0.03671875
0 0.34453125 0.84453125 0.03671875 0.0359375
0 0.4453125 0.834375 0.03828125 0.0359375
0 0.5125 0.721875 0.034375 0.0375
0 0.49453125 0.65859375 0.03515625 0.03359375
0 0.521875 0.684375 0.034375 0.0328125