0 0.3015625 0.534375 0.0375 0.03671875
0 0.15 0.6375 0.03828125 0.03671875
0 0.25625 0.64375 0.0375 0.03671875
0 0.55625 0.59140625 0.0375 0.0359375
0 0.2328125 0.45546875 0.03828125 0.0375
0 0.45859375 0.81875 0.03671875 0.0390625
0 0.57890625 0.8703125 0.03671875 0.0390625
0 0.58828125 0.834375 0.0359375 0.03828125
0 0.38203125 0.72109375 0.0390625 0.03984375
0 0.08984375 0.7421875 0.03828125 0.0390625
0 0.415625 0.73359375 0.03671875 0.0375
0 0.09296875 0.46875 0.03828125 0.03828125
0 0.03359375 0.59375 0.03671875 0.0375
0 0.32578125 0.8046875 0.03828125 0.0390625
0 0.0671875 0.70234375 0.0390625 0.0375
0 0.38515625 0.7546875 0.0375 0.03828125
0 0.1953125 0.8265625 0.03828125 0.03828125
0 0.35625 0.7828125 0.0375 0.03671875
0 0.65390625 0.85703125 0.03828125 0.03828125
0 0.42109375 0.971875 0.03828125 0.03984375
0 0.16171875 0.7390625 0.0390625 0.03828125
0 0.49375 0.97578125 0.0375 0.0390625
0 0.16171875 0.48359375 0.03671875 0.03671875
0 0.70546875 0.82578125 0.03828125 0.03828125
0 0.1578125 0.8328125 0.03828125 0.03828125
0 0.4484375 0.74765625 0.0359375 0.03828125
0 0.2515625 0.60625 0.03984375 0.03828125
0 0.02578125 0.48046875 0.03828125 0.0375
0 0.56484375 0.6296875 0.03671875 0.03671875
0 0.35 0.64296875 0.034375 0.0359375
0 0.4 0.8640625 0.0359375 0.03828125
0 0.39609375 0.64765625 0.0359375 0.0375
0 0.16484375 0.553125 0.0375 0.03671875
0 0.29765625 0.83046875 0.03828125 0.0375
0 0.7140625 0.78984375 0.03828125 0.03828125
0 0.4046875 0.90078125 0.03671875 0.0375
0 0.51015625 0.88203125 0.0375 0.03671875
0 0.17109375 0.51875 0.03671875 0.03671875
0 0.27890625 0.58515625 0.03828125 0.0390625
0 0.2484375 0.48984375 0.0390625 0.0359375
0 0.09453125 0.5765625 0.040625 0.03828125
0 0.265625 0.88515625 0.0375 0.03828125
0 0.55390625 0.940625 0.0375 0.0375
0 0.5328125 0.840625 0.03671875 0.0390625
0 0.19609375 0.4625 0.0375 0.0375
0 0.60625 0.803125 0.03671875 0.0375
0 0.578125 0.96953125 0.03828125 0.03984375
0 0.3453125 0.5828125 0.03671875 0.03671875
0 0.33125 0.84296875 0.03828125 0.0390625
0 0.521875 0.746875 0.03828125 0.0375
0 0.053125 0.66484375 0.03828125 0.0375
0 0.134375 0.42421875 0.03671875 0.03828125
0 0.20546875 0.528125 0.0375 0.0359375
0 0.1828125 0.6203125 0.03671875 0.0375
0 0.4578125 0.97421875 0.0375 0.0390625
0 0.22109375 0.6296875 0.03828125 0.0375
0 0.41953125 0.7703125 0.0375 0.0375
0 0.09296875 0.50390625 0.03984375 0.0375
0 0.32265625 0.7265625 0.0359375 0.0375
0 0.02734375 0.55390625 0.0390625 0.03828125
0 0.34140625 0.91484375 0.03828125 0.03984375
0 0.6140625 0.8578125 0.03671875 0.0375
0 0.57890625 0.703125 0.03671875 0.0375
0 0.4984375 0.84921875 0.0375 0.0390625
0 0.29765625 0.8671875 0.03671875 0.0375
0 0.2671875 0.5515625 0.03984375 0.03828125
0 0.19453125 0.6546875 0.0390625 0.03828125
0 0.21171875 0.696875 0.0375 0.0359375
0 0.22890625 0.8203125 0.03828125 0.0359375
0 0.1046875 0.70859375 0.03828125 0.0375
0 0.63671875 0.88828125 0.0390625 0.03984375
0 0.453125 0.60078125 0.0359375 0.0375
0 0.3296875 0.48359375 0.0390625 0.0375
0 0.4203125 0.5765625 0.0359375 0.03671875
0 0.078125 0.6375 0.0390625 0.03828125
0 0.6296875 0.68671875 0.0359375 0.0390625
0 0.46796875 0.6421875 0.0359375 0.0359375
0 0.05625 0.53203125 0.03828125 0.03828125
0 0.54453125 0.8734375 0.0359375 0.03828125
0 0.77421875 0.84765625 0.03984375 0.0390625
0 0.66796875 0.7125 0.03671875 0.03828125
0 0.103125 0.61015625 0.03828125 0.0390625
0 0.5515625 0.72578125 0.03671875 0.0375
0 0.16875 0.4109375 0.0375 0.0390625
0 0.596875 0.67109375 0.03828125 0.0390625
0 0.3671875 0.6109375 0.0359375 0.03515625
0 0.10703125 0.378125 0.0390625 0.03828125
0 0.33671875 0.878125 0.03671875 0.0375
0 0.646875 0.65625 0.0375 0.03828125
0 0.1015625 0.3421875 0.03828125 0.03828125
0 0.12578125 0.678125 0.0375 0.03828125
0 0.0734375 0.39296875 0.03828125 0.0359375
0 0.2765625 0.92109375 0.0390625 0.03828125
0 0.503125 0.77734375 0.03828125 0.0390625
0 0.21953125 0.75703125 0.0390625 0.0375
0 0.128125 0.496875 0.0375 0.0375
0 0.60703125 0.63671875 0.0375 0.03828125
0 0.2140625 0.49296875 0.03671875 0.0375
0 0.68046875 0.77890625 0.03671875 0.0390625
0 0.29453125 0.49921875 0.0390625 0.03671875
0 0.18203125 0.37890625 0.0390625 0.03671875
0 0.2140625 0.39296875 0.0390625 0.0359375
0 0.34609375 0.95078125 0.03828125 0.03671875
0 0.0265625 0.51640625 0.0390625 0.0375
0 0.27265625 0.7203125 0.04140625 0.040625
0 0.534375 0.69453125 0.03671875 0.0375
0 0.06484375 0.34296875 0.0390625 0.0375
0 0.7109375 0.90078125 0.0375 0.03828125
0 0.46875 0.71484375 0.03515625 0.03671875
0 0.69375 0.93359375 0.03828125 0.03984375
0 0.14765625 0.771875 0.0390625 0.0375
0 0.27734375 0.46640625 0.0390625 0.03671875
0 0.5265625 0.61484375 0.0359375 0.0375
0 0.8453125 0.8265625 0.0390625 0.03828125
0 0.0578125 0.49765625 0.03828125 0.03671875
0 0.209375 0.59765625 0.03984375 0.03515625
0 0.19921875 0.7328125 0.0375 0.03671875
0 0.2578125 0.7515625 0.0390625 0.0359375
0 0.309375 0.90078125 0.034375 0.03125
0 0.3703125 0.88984375 0.03515625 0.03984375
0 0.36796875 0.85546875 0.040625 0.040625
0 0.43515625 0.88046875 0.0390625 0.0390625