0 0.40546875 0.86796875 0.0375 0.03828125
0 0.20078125 0.72890625 0.0375 0.03671875
0 0.24609375 0.865625 0.0375 0.03671875
0 0.23359375 0.609375 0.0390625 0.03828125
0 0.5890625 0.896875 0.03828125 0.03828125
0 0.3703125 0.815625 0.03828125 0.0375
0 0.646875 0.7625 0.0375 0.03828125
0 0.24296875 0.67109375 0.0375 0.03671875
0 0.34296875 0.6609375 0.03671875 0.0375
0 0.56484375 0.85625 0.0375 0.0375
0 0.7125 0.78203125 0.0375 0.03828125
0 0.28671875 0.61875 0.0375 0.03671875
0 0.334375 0.73203125 0.03671875 0.03828125
0 0.78203125 0.8015625 0.03828125 0.03828125
0 0.37265625 0.8890625 0.0375 0.03671875
0 0.18203125 0.8546875 0.03828125 0.03671875
0 0.34453125 0.95078125 0.03828125 0.0390625
0 0.4546875 0.596875 0.0359375 0.03671875
0 0.46953125 0.7546875 0.034375 0.0375
0 0.5375 0.6078125 0.0375 0.03828125
0 0.3046875 0.7875 0.03828125 0.03671875
0 0.24296875 0.56328125 0.0375 0.0375
0 0.440625 0.70078125 0.03671875 0.0375
0 0.23984375 0.72109375 0.0375 0.03828125
0 0.57578125 0.66640625 0.0375 0.0390625
0 0.52890625 0.7609375 0.0359375 0.0359375
0 0.1703125 0.64140625 0.03828125 0.03828125
0 0.2125 0.78828125 0.03828125 0.03828125
0 0.3671875 0.74296875 0.0375 0.03828125
0 0.6234375 0.78984375 0.03828125 0.03828125
0 0.4078125 0.6859375 0.03671875 0.03671875
0 0.4640625 0.825 0.03671875 0.03828125
0 0.74765625 0.78671875 0.0375 0.0390625
0 0.3421875 0.91484375 0.0375 0.03828125
0 0.2515625 0.78046875 0.0375 0.03828125
0 0.27578125 0.921875 0.03828125 0.03828125
0 0.5828125 0.71015625 0.03671875 0.0359375
0 0.4625 0.790625 0.03515625 0.03828125
0 0.30703125 0.90234375 0.0375 0.0375
0 0.51953125 0.9125 0.03671875 0.03828125
0 0.303125 0.7515625 0.03828125 0.0375
0 0.2796875 0.66484375 0.03828125 0.03828125
0 0.70546875 0.8171875 0.0359375 0.0359375
0 0.63984375 0.703125 0.03828125 0.03828125
0 0.55 0.690625 0.0359375 0.03671875
0 0.49375 0.8875 0.0375 0.0390625
0 0.86015625 0.778125 0.0375 0.03828125
0 0.33671875 0.840625 0.0375 0.03828125
0 0.81640625 0.8140625 0.03828125 0.03828125
0 0.25390625 0.4984375 0.0375 0.0375
0 0.4234375 0.61484375 0.0359375 0.0359375
0 0.29375 0.5671875 0.0390625 0.0375
0 0.2171875 0.84453125 0.03828125 0.0390625
0 0.553125 0.82109375 0.03671875 0.0375
0 0.3171875 0.5984375 0.0375 0.0375
0 0.49609375 0.61328125 0.0375 0.03828125
0 0.08984375 0.6625 0.0390625 0.03828125
0 0.215625 0.43515625 0.0375 0.0359375
0 0.165625 0.73515625 0.03828125 0.03671875
0 0.33515625 0.7671875 0.03671875 0.0390625
0 0.13671875 0.6453125 0.0375 0.03828125
0 0.45859375 0.95 0.03828125 0.03671875
0 0.5875 0.63125 0.0359375 0.0375
0 0.47578125 0.9171875 0.0359375 0.0359375
0 0.55859375 0.778125 0.03671875 0.0375
0 0.090625 0.478125 0.0375 0.0375
0 0.13125 0.4375 0.03828125 0.03671875
0 0.3109375 0.93984375 0.0375 0.0390625
0 0.6609375 0.6734375 0.0390625 0.0390625
0 0.21015625 0.88046875 0.0390625 0.03828125
0 0.2265625 0.7546875 0.0375 0.0375
0 0.17578125 0.58671875 0.03671875 0.03515625
0 0.2015625 0.54609375 0.03671875 0.0359375
0 0.85390625 0.81484375 0.0390625 0.0390625
0 0.1234375 0.7375 0.03828125 0.03984375
0 0.6 0.7640625 0.03671875 0.0375
0 0.14453125 0.7671875 0.0375 0.0375
0 0.603125 0.965625 0.0375 0.0390625
0 0.67265625 0.94375 0.03828125 0.03828125
0 0.60625 0.684375 0.03828125 0.0375
0 0.13984375 0.40390625 0.0390625 0.03671875
0 0.5375 0.8796875 0.03671875 0.0359375
0 0.1125 0.61796875 0.0390625 0.03828125
0 0.05703125 0.525 0.0375 0.03671875
0 0.8125 0.7703125 0.03828125 0.03828125
0 0.68203125 0.7609375 0.0375 0.0390625
0 0.10234375 0.409375 0.03671875 0.03515625
0 0.75546875 0.86015625 0.0375 0.0390625
0 0.48984375 0.646875 0.03671875 0.03671875
0 0.309375 0.68046875 0.03828125 0.0375
0 0.646875 0.91875 0.0390625 0.040625
0 0.05859375 0.4546875 0.0375 0.0375
0 0.81875 0.85078125 0.03671875 0.0390625
0 0.12890625 0.34375 0.0390625 0.03671875
0 0.09609375 0.54921875 0.0375 0.034375
0 0.52109375 0.978125 0.0359375 0.03671875
0 0.390625 0.60078125 0.0359375 0.034375
0 0.03828125 0.615625 0.03984375 0.0390625
0 0.61171875 0.92890625 0.03828125 0.03984375
0 0.128125 0.50859375 0.03671875 0.0359375
0 0.2796875 0.45625 0.03828125 0.0359375
0 0.26640625 0.69609375 0.03671875 0.03671875
0 0.21171875 0.58125 0.03828125 0.03671875
0 0.03125 0.58125 0.0375 0.03828125
0 0.3328125 0.5265625 0.0375 0.0359375
0 0.55390625 0.821875 0.0359375 0.0359375
0 0.2359375 0.528125 0.03671875 0.03515625
0 0.20703125 0.4765625 0.03828125 0.03515625
0 0.046875 0.36484375 0.0375 0.03671875
0 0.634375 0.8546875 0.03828125 0.0375
0 0.05703125 0.48984375 0.03671875 0.03828125
0 0.7515625 0.82265625 0.0375 0.0390625
0 0.190625 0.81953125 0.03828125 0.03671875
0 0.30546875 0.86171875 0.0359375 0.03359375
0 0.340625 0.878125 0.0375 0.03515625
0 0.27890625 0.884375 0.0359375 0.03515625
0 0.23984375 0.8140625 0.0359375 0.03984375
0 0.33828125 0.80859375 0.0375 0.04296875
0 0.43359375 0.81015625 0.03515625 0.03515625
0 0.43671875 0.84609375 0.03515625 0.03671875
0 0.46875 0.86328125 0.03984375 0.040625
0 0.40546875 0.90546875 0.03671875 0.03671875
0 0.625 0.88984375 0.03515625 0.0328125