0 0.246875 0.86640625 0.0390625 0.0375
0 0.30859375 0.8703125 0.0390625 0.0390625
0 0.19453125 0.50546875 0.0375 0.03828125
0 0.03125 0.428125 0.03828125 0.0390625
0 0.25859375 0.63203125 0.03671875 0.03515625
0 0.53515625 0.9765625 0.0375 0.0390625
0 0.1265625 0.56484375 0.0390625 0.0375
0 0.353125 0.59140625 0.0375 0.03671875
0 0.303125 0.79765625 0.0375 0.03828125
0 0.29765625 0.6359375 0.0375 0.03671875
0 0.67734375 0.88046875 0.03671875 0.0375
0 0.5625 0.909375 0.03671875 0.0375
0 0.52890625 0.66640625 0.03671875 0.03671875
0 0.1484375 0.6421875 0.0390625 0.03671875
0 0.39609375 0.96796875 0.03828125 0.03984375
0 0.6578125 0.8109375 0.0359375 0.0375
0 0.65078125 0.85625 0.03671875 0.03984375
0 0.4421875 0.88203125 0.03671875 0.03828125
0 0.27109375 0.81171875 0.03828125 0.03828125
0 0.5125 0.721875 0.03671875 0.0390625
0 0.17265625 0.61484375 0.0375 0.0375
0 0.278125 0.74140625 0.0390625 0.0375
0 0.0984375 0.609375 0.0390625 0.03984375
0 0.10390625 0.7640625 0.03984375 0.0390625
0 0.3390625 0.559375 0.03671875 0.0359375
0 0.203125 0.846875 0.0390625 0.0390625
0 0.02578125 0.5046875 0.03828125 0.03828125
0 0.25 0.5421875 0.0375 0.03828125
0 0.090625 0.5734375 0.040625 0.0375
0 0.1671875 0.84296875 0.0375 0.0375
0 0.55703125 0.84765625 0.0375 0.0390625
0 0.2734375 0.66328125 0.0359375 0.0359375
0 0.41796875 0.57734375 0.03828125 0.0375
0 0.23984375 0.79453125 0.0375 0.0390625
0 0.453125 0.7640625 0.03671875 0.03828125
0 0.225 0.56796875 0.0390625 0.03671875
0 0.321875 0.6109375 0.0375 0.03984375
0 0.2796875 0.84921875 0.0390625 0.0390625
0 0.040625 0.62890625 0.03828125 0.0390625
0 0.67421875 0.7234375 0.03671875 0.03671875
0 0.38984375 0.65078125 0.0375 0.03671875
0 0.02734375 0.540625 0.03828125 0.03828125
0 0.6359375 0.89375 0.0375 0.0390625
0 0.22109375 0.7109375 0.0390625 0.03828125
0 0.37890625 0.79765625 0.0375 0.03828125
0 0.50625 0.7625 0.0359375 0.03828125
0 0.615625 0.86640625 0.03828125 0.03828125
0 0.08125 0.38203125 0.03828125 0.03828125
0 0.60078125 0.803125 0.0375 0.040625
0 0.059375 0.5234375 0.03828125 0.0390625
0 0.51171875 0.79765625 0.03828125 0.03984375
0 0.6578125 0.95078125 0.03671875 0.03828125
0 0.590625 0.840625 0.03671875 0.03828125
0 0.16328125 0.52265625 0.03984375 0.0375
0 0.1625 0.4875 0.03984375 0.03828125
0 0.5421875 0.70078125 0.0359375 0.03828125
0 0.15625 0.58203125 0.03828125 0.0375
0 0.45546875 0.67578125 0.03671875 0.0359375
0 0.16640625 0.6765625 0.0390625 0.03984375
0 0.17578125 0.7703125 0.03828125 0.0375
0 0.71171875 0.81484375 0.03828125 0.0390625
0 0.359375 0.67109375 0.03828125 0.03828125
0 0.12421875 0.73515625 0.0390625 0.03828125
0 0.57109375 0.97265625 0.0359375 0.03984375
0 0.66796875 0.915625 0.0375 0.0390625
0 0.74375 0.8734375 0.03671875 0.03984375
0 0.74296875 0.9109375 0.0390625 0.0390625
0 0.128125 0.67421875 0.03828125 0.03671875
0 0.0671875 0.70078125 0.0375 0.0375
0 0.0328125 0.5828125 0.03828125 0.03984375
0 0.8328125 0.840625 0.0390625 0.0390625
0 0.27578125 0.92421875 0.0390625 0.0390625
0 0.43046875 0.79296875 0.03671875 0.0390625
0 0.2421875 0.6828125 0.0390625 0.0390625
0 0.434375 0.97421875 0.03671875 0.0375
0 0.25390625 0.71484375 0.03828125 0.03828125
0 0.38671875 0.9296875 0.03828125 0.0390625
0 0.365625 0.53046875 0.0375 0.0375
0 0.771875 0.85 0.0390625 0.03828125
0 0.08515625 0.34375 0.03828125 0.03671875
0 0.19609375 0.7375 0.0390625 0.0390625
0 0.2671875 0.421875 0.0375 0.0359375
0 0.69765625 0.93671875 0.0375 0.0375
0 0.478125 0.79140625 0.0375 0.0390625
0 0.50234375 0.8625 0.03671875 0.03828125
0 0.15 0.39140625 0.03828125 0.03671875
0 0.42109375 0.6671875 0.03671875 0.03671875
0 0.059375 0.45 0.03828125 0.03828125
0 0.421875 0.66875 0.0359375 0.0375
0 0.11484375 0.4 0.0375 0.0375
0 0.2328125 0.41015625 0.03828125 0.03671875
0 0.28046875 0.45546875 0.0390625 0.03671875
0 0.1609375 0.73828125 0.0390625 0.03984375
0 0.6078125 0.76015625 0.0375 0.03671875
0 0.3609375 0.959375 0.03828125 0.0390625
0 0.48984375 0.621875 0.03828125 0.03828125
0 0.13828125 0.7671875 0.0390625 0.0375
0 0.296875 0.4875 0.0375 0.0359375
0 0.77890625 0.81484375 0.0390625 0.03984375
0 0.2109375 0.5359375 0.03671875 0.0359375
0 0.22421875 0.3640625 0.03828125 0.0359375
0 0.33828125 0.78046875 0.03671875 0.0375
0 0.51328125 0.95 0.03671875 0.03828125
0 0.128125 0.49296875 0.03828125 0.03671875
0 0.41015625 0.9046875 0.0375 0.03671875
0 0.42109375 0.70234375 0.03671875 0.0359375
0 0.48984375 0.825 0.0375 0.0375
0 0.30859375 0.86875 0.0390625 0.03828125
0 0.55703125 0.8484375 0.0359375 0.0359375
0 0.7390625 0.83671875 0.03828125 0.0375
0 0.6265625 0.9328125 0.0359375 0.03828125
0 0.12734375 0.5296875 0.0390625 0.03671875
0 0.25234375 0.47734375 0.0375 0.0359375
0 0.5140625 0.946875 0.0359375 0.03671875
0 0.2265625 0.64921875 0.03828125 0.03359375
0 0.20546875 0.67734375 0.0359375 0.034375
0 0.18359375 0.71015625 0.040625 0.03359375
0 0.14609375 0.70390625 0.034375 0.03125
0 0.1140625 0.640625 0.0359375 0.03828125
0 0.06328125 0.5578125 0.0390625 0.0375
0 0.45859375 0.640625 0.0359375 0.03828125
0 0.43203125 0.84765625 0.0359375 0.034375
0 0.46796875 0.85703125 0.03515625 0.03203125
0 0.45703125 0.82109375 0.040625 0.03671875
0 0.52578125 0.8328125 0.034375 0.03984375
0 0.58046875 0.8765625 0.0390625 0.034375