0 0.21484375 0.74296875 0.03828125 0.0375
0 0.54453125 0.840625 0.0359375 0.0375
0 0.73359375 0.84453125 0.0390625 0.0390625
0 0.37109375 0.7 0.0375 0.03828125
0 0.4 0.56328125 0.0375 0.03671875
0 0.1640625 0.74140625 0.03828125 0.03828125
0 0.09296875 0.6765625 0.03828125 0.03828125
0 0.1984375 0.86875 0.03828125 0.03671875
0 0.3125 0.4359375 0.03828125 0.03828125
0 0.58125 0.828125 0.03671875 0.0375
0 0.48046875 0.9453125 0.0359375 0.0375
0 0.3171875 0.5609375 0.03828125 0.0375
0 0.61796875 0.83671875 0.03671875 0.0375
0 0.2953125 0.625 0.0375 0.03828125
0 0.61484375 0.73671875 0.03828125 0.0390625
0 0.10546875 0.71171875 0.03828125 0.0375
0 0.43984375 0.5734375 0.03671875 0.03671875
0 0.2328125 0.85859375 0.0375 0.0375
0 0.46640625 0.9109375 0.0359375 0.03828125
0 0.57421875 0.64609375 0.03671875 0.0375
0 0.29375 0.49921875 0.0375 0.0375
0 0.36953125 0.92890625 0.0375 0.0390625
0 0.31796875 0.653125 0.03828125 0.0375
0 0.52265625 0.63046875 0.0359375 0.03671875
0 0.16328125 0.83828125 0.0375 0.0375
0 0.128125 0.746875 0.03984375 0.040625
0 0.16640625 0.68515625 0.0390625 0.03828125
0 0.50859375 0.6953125 0.0375 0.03828125
0 0.509375 0.59609375 0.0359375 0.03671875
0 0.3640625 0.82734375 0.03671875 0.03828125
0 0.16171875 0.590625 0.0375 0.03671875
0 0.07890625 0.64296875 0.03828125 0.03828125
0 0.17265625 0.803125 0.040625 0.040625
0 0.73046875 0.77578125 0.0375 0.0390625
0 0.23515625 0.5890625 0.0375 0.03515625
0 0.32578125 0.8375 0.0390625 0.03828125
0 0.09609375 0.57890625 0.03828125 0.03671875
0 0.49609375 0.6609375 0.03671875 0.03828125
0 0.34296875 0.725 0.03828125 0.0375
0 0.36171875 0.65546875 0.0375 0.0390625
0 0.3921875 0.803125 0.0375 0.0390625
0 0.40234375 0.76875 0.03671875 0.03671875
0 0.60546875 0.80234375 0.0375 0.03828125
0 0.41796875 0.7359375 0.0359375 0.0390625
0 0.32109375 0.596875 0.0375 0.03828125
0 0.465625 0.678125 0.03359375 0.0359375
0 0.20625 0.79609375 0.03671875 0.03671875
0 0.24453125 0.45390625 0.0375 0.03671875
0 0.04375 0.63515625 0.0375 0.0390625
0 0.02578125 0.48046875 0.03828125 0.0375
0 0.25078125 0.7421875 0.0375 0.0375
0 0.196875 0.52421875 0.0359375 0.0375
0 0.4078125 0.5984375 0.0375 0.0390625
0 0.5328125 0.80546875 0.03671875 0.03828125
0 0.52421875 0.7390625 0.0359375 0.03828125
0 0.6375 0.70625 0.0375 0.03828125
0 0.40546875 0.70234375 0.03671875 0.0375
0 0.4515625 0.8765625 0.03828125 0.0390625
0 0.571875 0.9078125 0.03515625 0.03671875
0 0.68125 0.72109375 0.03671875 0.0375
0 0.3375 0.53046875 0.0375 0.03671875
0 0.56875 0.68203125 0.0375 0.0375
0 0.11484375 0.78046875 0.0390625 0.03828125
0 0.6265625 0.7703125 0.0375 0.0375
0 0.19921875 0.559375 0.03671875 0.0359375
0 0.26328125 0.87578125 0.03671875 0.03671875
0 0.5625 0.73828125 0.03671875 0.0375
0 0.58515625 0.97109375 0.03828125 0.03984375
0 0.0921875 0.7453125 0.0390625 0.03828125
0 0.4046875 0.93125 0.03671875 0.03828125
0 0.3828125 0.9625 0.0375 0.03828125
0 0.37734375 0.86015625 0.0390625 0.03984375
0 0.26015625 0.4859375 0.03828125 0.03671875
0 0.29453125 0.8953125 0.0390625 0.03828125
0 0.825 0.8453125 0.0390625 0.03984375
0 0.1375 0.6203125 0.03984375 0.03828125
0 0.1515625 0.653125 0.0390625 0.0390625
0 0.7875 0.79765625 0.03828125 0.03984375
0 0.10234375 0.6140625 0.03671875 0.0375
0 0.7609375 0.89921875 0.0375 0.0390625
0 0.65 0.74140625 0.0375 0.03984375
0 0.06015625 0.53203125 0.0359375 0.0375
0 0.540625 0.97578125 0.03828125 0.0375
0 0.43125 0.53828125 0.0375 0.0375
0 0.29453125 0.93046875 0.0390625 0.03984375
0 0.03515625 0.40859375 0.03828125 0.03671875
0 0.1890625 0.65546875 0.0375 0.03515625
0 0.2265625 0.40390625 0.03671875 0.03671875
0 0.08515625 0.375 0.0375 0.0375
0 0.14296875 0.7125 0.03671875 0.03828125
0 0.42734375 0.8078125 0.03515625 0.0359375
0 0.63046875 0.921875 0.03828125 0.03671875
0 0.128125 0.57421875 0.03515625 0.03515625
0 0.06015625 0.56796875 0.03828125 0.0390625
0 0.08984375 0.4375 0.03828125 0.0375
0 0.09765625 0.4734375 0.0390625 0.0375
0 0.55625 0.61484375 0.03671875 0.0375
0 0.6625 0.77578125 0.03828125 0.03828125
0 0.69765625 0.8609375 0.03828125 0.03984375
0 0.21171875 0.628125 0.0359375 0.0375
0 0.15703125 0.43125 0.03671875 0.03671875
0 0.0296875 0.55 0.03671875 0.03671875
0 0.1828125 0.49140625 0.03671875 0.03671875
0 0.71484375 0.7390625 0.0375 0.0375
0 0.7609375 0.8625 0.03828125 0.0390625
0 0.65625 0.95 0.0375 0.03828125
0 0.15390625 0.35625 0.03671875 0.0375
0 0.071875 0.40625 0.03828125 0.03828125
0 0.09140625 0.31875 0.03828125 0.03671875
0 0.33828125 0.68359375 0.03828125 0.0375
0 0.38125 0.6234375 0.034375 0.0328125
0 0.4140625 0.63828125 0.0390625 0.0390625
0 0.06953125 0.7078125 0.0359375 0.040625
0 0.14921875 0.7765625 0.0359375 0.034375
0 0.2984375 0.82109375 0.03828125 0.0375
0 0.36015625 0.8921875 0.040625 0.040625
0 0.4765625 0.84609375 0.03515625 0.0359375
0 0.40390625 0.83515625 0.03671875 0.0359375
0 0.415625 0.86953125 0.0390625 0.0375
0 0.428125 0.903125 0.0359375 0.0375
0 0.58671875 0.7109375 0.0390625 0.0375
0 0.128125 0.68046875 0.0375 0.03828125