0 0.13828125 0.81171875 0.0375 0.03671875
0 0.0640625 0.5765625 0.03671875 0.0359375
0 0.1703125 0.746875 0.0375 0.0390625
0 0.61796875 0.68984375 0.03671875 0.03828125
0 0.228125 0.8484375 0.0375 0.0375
0 0.159375 0.53203125 0.0359375 0.0359375
0 0.2875 0.88203125 0.03828125 0.03828125
0 0.58125 0.67265625 0.03671875 0.03828125
0 0.48046875 0.67578125 0.0359375 0.0375
0 0.36484375 0.68203125 0.0359375 0.0375
0 0.2703125 0.746875 0.03671875 0.0390625
0 0.23046875 0.54609375 0.03671875 0.0359375
0 0.30546875 0.8234375 0.03828125 0.0375
0 0.33046875 0.49765625 0.0375 0.0375
0 0.2578125 0.52265625 0.0359375 0.03671875
0 0.33046875 0.6046875 0.0359375 0.03828125
0 0.04453125 0.6390625 0.03828125 0.03828125
0 0.128125 0.565625 0.0375 0.03828125
0 0.659375 0.7 0.03671875 0.03671875
0 0.5140625 0.759375 0.03671875 0.0375
0 0.20078125 0.82734375 0.03828125 0.0375
0 0.321875 0.8953125 0.03828125 0.03828125
0 0.4234375 0.93515625 0.03671875 0.03671875
0 0.275 0.8453125 0.03828125 0.0390625
0 0.3671875 0.59609375 0.03671875 0.0375
0 0.1328125 0.59921875 0.03828125 0.03828125
0 0.09375 0.33671875 0.0375 0.03828125
0 0.340625 0.828125 0.0375 0.0359375
0 0.321875 0.9421875 0.0390625 0.0390625
0 0.2984375 0.76875 0.0375 0.0375
0 0.390625 0.77109375 0.03828125 0.0390625
0 0.16796875 0.46328125 0.0375 0.03671875
0 0.5203125 0.903125 0.0375 0.03984375
0 0.39453125 0.55390625 0.03671875 0.0359375
0 0.1046875 0.62109375 0.03828125 0.0359375
0 0.73203125 0.8875 0.0390625 0.0375
0 0.025 0.52578125 0.03828125 0.0375
0 0.565625 0.74140625 0.03828125 0.03828125
0 0.421875 0.834375 0.0375 0.0390625
0 0.71875 0.92109375 0.0390625 0.040625
0 0.2984375 0.51640625 0.03671875 0.03671875
0 0.38203125 0.653125 0.0359375 0.0375
0 0.15078125 0.7171875 0.0375 0.03828125
0 0.37734375 0.89375 0.03828125 0.0390625
0 0.31875 0.6921875 0.03828125 0.03828125
0 0.428125 0.971875 0.0375 0.03984375
0 0.24921875 0.61328125 0.03671875 0.0375
0 0.2328125 0.58125 0.03671875 0.0359375
0 0.32578125 0.74375 0.03671875 0.0375
0 0.09453125 0.48203125 0.03828125 0.0390625
0 0.21171875 0.6140625 0.03671875 0.03671875
0 0.37421875 0.83828125 0.0359375 0.03671875
0 0.28515625 0.5484375 0.03671875 0.03671875
0 0.1265625 0.49375 0.0375 0.0375
0 0.48515625 0.90390625 0.03671875 0.03828125
0 0.58515625 0.784375 0.03671875 0.03828125
0 0.2265625 0.7515625 0.0359375 0.03671875
0 0.13203125 0.68515625 0.0390625 0.0375
0 0.25234375 0.778125 0.0375 0.03828125
0 0.35859375 0.95625 0.03828125 0.0375
0 0.6203125 0.928125 0.0375 0.03828125
0 0.434375 0.86953125 0.0375 0.03828125
0 0.35546875 0.6296875 0.03515625 0.03671875
0 0.37265625 0.73828125 0.0359375 0.0359375
0 0.33671875 0.6609375 0.03671875 0.03828125
0 0.50625 0.86953125 0.0375 0.0390625
0 0.2046875 0.475 0.03828125 0.0359375
0 0.05859375 0.67890625 0.03671875 0.0375
0 0.6375 0.76640625 0.0359375 0.03828125
0 0.24375 0.46796875 0.0375 0.0375
0 0.6078125 0.96171875 0.03828125 0.03828125
0 0.271875 0.49140625 0.03671875 0.0375
0 0.4453125 0.67578125 0.03671875 0.03671875
0 0.63359375 0.8546875 0.0359375 0.03515625
0 0.05703125 0.50703125 0.0375 0.03671875
0 0.46328125 0.6421875 0.0359375 0.0359375
0 0.0421875 0.37578125 0.03984375 0.03828125
0 0.2984375 0.7234375 0.0375 0.03984375
0 0.44453125 0.7390625 0.0390625 0.03671875
0 0.571875 0.84296875 0.0375 0.0390625
0 0.0921875 0.55078125 0.03828125 0.0375
0 0.20703125 0.43984375 0.0375 0.0375
0 0.4609375 0.76953125 0.03671875 0.0359375
0 0.30546875 0.46953125 0.03828125 0.0375
0 0.06796875 0.4015625 0.03984375 0.03828125
0 0.10078125 0.41171875 0.03828125 0.0359375
0 0.68671875 0.903125 0.03984375 0.040625
0 0.03203125 0.4171875 0.03828125 0.03671875
0 0.4109375 0.5859375 0.03515625 0.03515625
0 0.66640625 0.78828125 0.03515625 0.0390625
0 0.51328125 0.7953125 0.0375 0.0375
0 0.49375 0.93828125 0.0375 0.03828125
0 0.1640625 0.3578125 0.0390625 0.03671875
0 0.13671875 0.3890625 0.03828125 0.0359375
0 0.025 0.4890625 0.03828125 0.0375
0 0.2453125 0.4328125 0.0375 0.03671875
0 0.23046875 0.5015625 0.03671875 0.03671875
0 0.4046875 0.8015625 0.0359375 0.0375
0 0.434375 0.559375 0.03671875 0.03671875
0 0.646875 0.9515625 0.0375 0.0390625
0 0.53125 0.67421875 0.03515625 0.03671875
0 0.09375 0.37734375 0.0390625 0.0375
0 0.05703125 0.34296875 0.03828125 0.03671875
0 0.115625 0.65546875 0.03828125 0.03671875
0 0.09765625 0.44609375 0.0390625 0.03671875
0 0.12265625 0.35546875 0.0390625 0.0359375
0 0.028125 0.56640625 0.03671875 0.03671875
0 0.28046875 0.79921875 0.0359375 0.03671875
0 0.38125 0.5 0.03671875 0.0359375
0 0.590625 0.90390625 0.03671875 0.0359375
0 0.82421875 0.8 0.03984375 0.03984375
0 0.1125 0.78046875 0.0390625 0.03671875
0 0.39296875 0.965625 0.0375 0.0390625
0 0.034375 0.60078125 0.0359375 0.040625
0 0.4078125 0.67421875 0.03671875 0.0390625
0 0.39140625 0.7078125 0.03984375 0.0359375
0 0.25390625 0.87578125 0.03828125 0.0390625
0 0.653125 0.91328125 0.0328125 0.0375
0 0.60234375 0.75078125 0.034375 0.03984375
0 0.13203125 0.7484375 0.04453125 0.0359375
0 0.0921875 0.515625 0.03828125 0.0375
0 0.075 0.61484375 0.040625 0.0390625