0 0.09296875 0.33046875 0.03828125 0.0375
0 0.2734375 0.7765625 0.03828125 0.0375
0 0.03359375 0.41171875 0.03828125 0.0375
0 0.24765625 0.5359375 0.03984375 0.034375
0 0.26171875 0.5046875 0.0375 0.0359375
0 0.215625 0.68828125 0.0375 0.0359375
0 0.2203125 0.74140625 0.0375 0.0375
0 0.2171875 0.63203125 0.0375 0.03671875
0 0.50546875 0.91328125 0.03671875 0.0375
0 0.09609375 0.75546875 0.0390625 0.0375
0 0.21015625 0.41015625 0.03828125 0.03671875
0 0.45546875 0.63203125 0.0375 0.03828125
0 0.0703125 0.39609375 0.0375 0.03671875
0 0.34765625 0.4140625 0.0375 0.03671875
0 0.38515625 0.56328125 0.0359375 0.0359375
0 0.425 0.784375 0.0375 0.03671875
0 0.1546875 0.56015625 0.0390625 0.0375
0 0.11640625 0.784375 0.03828125 0.0375
0 0.159375 0.45546875 0.0375 0.03671875
0 0.3546875 0.72109375 0.03828125 0.03984375
0 0.18828125 0.5140625 0.0375 0.0375
0 0.47109375 0.6640625 0.0375 0.03671875
0 0.28046875 0.38828125 0.0375 0.03671875
0 0.2625 0.5703125 0.03828125 0.03828125
0 0.23828125 0.7734375 0.03828125 0.03828125
0 0.31796875 0.71796875 0.0390625 0.03828125
0 0.15859375 0.328125 0.0390625 0.0390625
0 0.19375 0.659375 0.03828125 0.03671875
0 0.3 0.571875 0.03828125 0.0375
0 0.07734375 0.72265625 0.0390625 0.0375
0 0.36796875 0.81328125 0.03671875 0.0375
0 0.29375 0.8953125 0.0375 0.03828125
0 0.2421875 0.396875 0.0375 0.03671875
0 0.11875 0.6578125 0.03828125 0.03828125
0 0.50625 0.72578125 0.0359375 0.03671875
0 0.28828125 0.809375 0.03828125 0.03671875
0 0.0953125 0.690625 0.03828125 0.03828125
0 0.09453125 0.44921875 0.03828125 0.0375
0 0.375 0.68984375 0.0375 0.0375
0 0.23828125 0.66015625 0.0375 0.03671875
0 0.12265625 0.54453125 0.03828125 0.0375
0 0.0421875 0.37421875 0.0390625 0.0375
0 0.18203125 0.38671875 0.03984375 0.0375
0 0.5859375 0.96953125 0.0375 0.040625
0 0.284375 0.54140625 0.0375 0.03671875
0 0.39921875 0.59765625 0.03828125 0.0359375
0 0.4828125 0.7515625 0.03671875 0.0359375
0 0.28046875 0.60078125 0.0359375 0.03671875
0 0.346875 0.84453125 0.0375 0.0375
0 0.26328125 0.8765625 0.0375 0.03828125
0 0.54453125 0.7859375 0.0359375 0.03671875
0 0.4078125 0.5375 0.0359375 0.0359375
0 0.15390625 0.72109375 0.0390625 0.0390625
0 0.0703125 0.62109375 0.0375 0.03828125
0 0.3640625 0.4859375 0.03671875 0.03671875
0 0.165625 0.5953125 0.0375 0.0359375
0 0.05859375 0.68515625 0.040625 0.03828125
0 0.16328125 0.840625 0.0375 0.0375
0 0.234375 0.434375 0.03671875 0.03671875
0 0.303125 0.83984375 0.03828125 0.03828125
0 0.66484375 0.90078125 0.0375 0.0375
0 0.09375 0.59140625 0.0375 0.03828125
0 0.18828125 0.4765625 0.0375 0.03671875
0 0.378125 0.6265625 0.0359375 0.03671875
0 0.53671875 0.84609375 0.03515625 0.03671875
0 0.32890625 0.94765625 0.0390625 0.04140625
0 0.32265625 0.65625 0.03828125 0.03828125
0 0.028125 0.56171875 0.03828125 0.0375
0 0.13671875 0.753125 0.040625 0.0390625
0 0.4375 0.60078125 0.0359375 0.0375
0 0.61484375 0.8453125 0.03671875 0.03828125
0 0.05546875 0.53828125 0.0359375 0.0375
0 0.4265625 0.97265625 0.03828125 0.0390625
0 0.46328125 0.78359375 0.0359375 0.0375
0 0.5796875 0.78359375 0.03671875 0.0375
0 0.40390625 0.875 0.03828125 0.03828125
0 0.428125 0.7234375 0.03671875 0.03828125
0 0.3265625 0.909375 0.03671875 0.03828125
0 0.38203125 0.846875 0.03671875 0.0390625
0 0.3578125 0.88515625 0.03671875 0.03984375
0 0.4984375 0.6234375 0.0375 0.03828125
0 0.12734375 0.34375 0.03828125 0.0375
0 0.15625 0.78125 0.0390625 0.03828125
0 0.575 0.90625 0.0359375 0.03828125
0 0.26171875 0.915625 0.03828125 0.03984375
0 0.503125 0.97734375 0.03671875 0.0375
0 0.10078125 0.415625 0.03828125 0.03828125
0 0.28828125 0.47890625 0.03671875 0.03515625
0 0.4328125 0.9125 0.0375 0.03828125
0 0.196875 0.44375 0.0375 0.0375
0 0.60078125 0.8109375 0.03671875 0.0390625
0 0.3984375 0.9484375 0.0375 0.03828125
0 0.2671875 0.68359375 0.03671875 0.03828125
0 0.62421875 0.9078125 0.03828125 0.03828125
0 0.5421875 0.97578125 0.034375 0.0375
0 0.18515625 0.35234375 0.0375 0.0375
0 0.3390625 0.5125 0.0375 0.03515625
0 0.57578125 0.70703125 0.03828125 0.0390625
0 0.36875 0.75234375 0.0375 0.0359375
0 0.50078125 0.846875 0.0359375 0.0375
0 0.05546875 0.3359375 0.0390625 0.0375
0 0.60234375 0.88046875 0.03671875 0.0375
0 0.15625 0.65703125 0.0375 0.03828125
0 0.44453125 0.753125 0.03671875 0.0359375
0 0.8078125 0.8625 0.0390625 0.03984375
0 0.21171875 0.5359375 0.03984375 0.0390625
0 0.23125 0.8953125 0.0375 0.03828125
0 0.296875 0.4453125 0.0375 0.03671875
0 0.33515625 0.7515625 0.03671875 0.0375
0 0.51796875 0.878125 0.03671875 0.0375
0 0.6 0.934375 0.0375 0.0390625
0 0.36171875 0.9203125 0.0375 0.03984375
0 0.46953125 0.978125 0.0375 0.03828125
0 0.753125 0.8421875 0.03828125 0.0390625
0 0.18828125 0.56640625 0.0359375 0.03515625
0 0.22265625 0.5671875 0.0390625 0.04140625
0 0.3484375 0.5640625 0.0375 0.0359375
0 0.36640625 0.5953125 0.0375 0.0359375
0 0.3421875 0.628125 0.03671875 0.0359375
0 0.4140625 0.6296875 0.03984375 0.03828125
0 0.4078125 0.753125 0.03984375 0.0375
0 0.21953125 0.80625 0.04296875 0.03828125