0 0.3015625 0.634375 0.0375 0.03671875
0 0.23203125 0.76953125 0.03828125 0.0375
0 0.44375 0.77890625 0.03671875 0.03671875
0 0.19296875 0.65078125 0.0390625 0.0375
0 0.1890625 0.7125 0.03828125 0.0359375
0 0.13515625 0.68671875 0.03828125 0.03828125
0 0.34453125 0.6328125 0.03828125 0.03671875
0 0.17734375 0.6171875 0.0375 0.03671875
0 0.340625 0.8 0.03671875 0.0375
0 0.28671875 0.81484375 0.03828125 0.0390625
0 0.23046875 0.709375 0.0375 0.03828125
0 0.2859375 0.4265625 0.0375 0.0375
0 0.375 0.6125 0.03828125 0.0375
0 0.175 0.74765625 0.03828125 0.03828125
0 0.08203125 0.3671875 0.0375 0.0375
0 0.26640625 0.64609375 0.03828125 0.03828125
0 0.2796875 0.76015625 0.03828125 0.0375
0 0.67265625 0.92265625 0.03671875 0.0375
0 0.3234375 0.6046875 0.0390625 0.03671875
0 0.4046875 0.67109375 0.03828125 0.03671875
0 0.0265625 0.56171875 0.0375 0.03828125
0 0.35859375 0.95625 0.0390625 0.03984375
0 0.040625 0.63671875 0.03828125 0.03828125
0 0.0484375 0.35078125 0.0390625 0.0359375
0 0.34921875 0.684375 0.03828125 0.0375
0 0.321875 0.6609375 0.03828125 0.03671875
0 0.31640625 0.696875 0.0375 0.03671875
0 0.76953125 0.89453125 0.0375 0.03828125
0 0.27109375 0.48125 0.0375 0.03828125
0 0.07734375 0.6453125 0.03828125 0.0375
0 0.1203125 0.65546875 0.03828125 0.03828125
0 0.096875 0.5875 0.0375 0.03671875
0 0.128125 0.46484375 0.0390625 0.03671875
0 0.42578125 0.74765625 0.0375 0.0375
0 0.059375 0.5765625 0.0375 0.0375
0 0.55078125 0.85859375 0.03671875 0.0375
0 0.17890625 0.37578125 0.03828125 0.03671875
0 0.38125 0.91484375 0.03828125 0.0390625
0 0.25078125 0.68046875 0.03671875 0.03828125
0 0.109375 0.7765625 0.03828125 0.03828125
0 0.6453125 0.77421875 0.03828125 0.0375
0 0.1296875 0.571875 0.03671875 0.03671875
0 0.48671875 0.721875 0.0375 0.03828125
0 0.09140625 0.553125 0.03671875 0.0375
0 0.1796875 0.42421875 0.03828125 0.0375
0 0.2359375 0.4203125 0.0375 0.0375
0 0.4625 0.7484375 0.03671875 0.0375
0 0.38515625 0.571875 0.0375 0.03671875
0 0.48203125 0.94453125 0.03671875 0.03828125
0 0.3796875 0.73671875 0.03671875 0.03671875
0 0.12265625 0.3796875 0.03828125 0.03671875
0 0.45859375 0.853125 0.03671875 0.03828125
0 0.44296875 0.821875 0.0375 0.0390625
0 0.30078125 0.4609375 0.03828125 0.03671875
0 0.43515625 0.646875 0.0375 0.0375
0 0.56328125 0.90390625 0.03828125 0.03984375
0 0.51640625 0.74140625 0.03671875 0.03828125
0 0.02578125 0.45546875 0.0390625 0.03671875
0 0.10546875 0.3125 0.0390625 0.0375
0 0.23515625 0.58359375 0.0375 0.0375
0 0.62421875 0.928125 0.03828125 0.03984375
0 0.1265625 0.5375 0.0375 0.0375
0 0.17578125 0.51953125 0.03828125 0.0359375
0 0.15703125 0.55078125 0.0375 0.0375
0 0.53046875 0.7734375 0.03671875 0.03828125
0 0.70859375 0.928125 0.03984375 0.03828125
0 0.47265625 0.8 0.03828125 0.0390625
0 0.5078125 0.803125 0.03828125 0.0390625
0 0.26796875 0.56875 0.03828125 0.03515625
0 0.21015625 0.4453125 0.03828125 0.03828125
0 0.746875 0.7953125 0.03828125 0.0390625
0 0.02421875 0.48984375 0.0375 0.03828125
0 0.67109375 0.72734375 0.0375 0.0390625
0 0.4375 0.68203125 0.0390625 0.03984375
0 0.53984375 0.66953125 0.03828125 0.03828125
0 0.4234375 0.97109375 0.0390625 0.0390625
0 0.30625 0.571875 0.03828125 0.03515625
0 0.634375 0.809375 0.03671875 0.0390625
0 0.253125 0.828125 0.0375 0.0390625
0 0.4859375 0.878125 0.0375 0.03828125
0 0.21171875 0.521875 0.03515625 0.0359375
0 0.31328125 0.90390625 0.0390625 0.0390625
0 0.8140625 0.86015625 0.03828125 0.03671875
0 0.15234375 0.4 0.03984375 0.0375
0 0.71796875 0.821875 0.0390625 0.0390625
0 0.4234375 0.85234375 0.03671875 0.0375
0 0.22421875 0.8046875 0.0375 0.0375
0 0.2546875 0.44921875 0.0375 0.03828125
0 0.671875 0.79921875 0.03671875 0.0390625
0 0.71015625 0.85703125 0.0390625 0.0390625
0 0.37578125 0.8625 0.03671875 0.0390625
0 0.47578125 0.615625 0.03671875 0.0375
0 0.540625 0.61484375 0.03671875 0.0375
0 0.2078125 0.68125 0.0375 0.03828125
0 0.73359375 0.90390625 0.0390625 0.03984375
0 0.61953125 0.86953125 0.03671875 0.03828125
0 0.79765625 0.825 0.0375 0.03828125
0 0.40390625 0.88515625 0.0390625 0.040625
0 0.2515625 0.615625 0.03671875 0.0375
0 0.071875 0.4015625 0.03671875 0.0375
0 0.1421875 0.434375 0.0375 0.03671875
0 0.21171875 0.74140625 0.0390625 0.03984375
0 0.7421875 0.759375 0.0390625 0.0390625
0 0.61015625 0.8359375 0.0359375 0.0390625
0 0.1984375 0.77421875 0.0390625 0.0390625
0 0.60078125 0.73359375 0.03671875 0.03984375
0 0.07109375 0.32265625 0.03671875 0.0375
0 0.29453125 0.50859375 0.0359375 0.03671875
0 0.446875 0.940625 0.03828125 0.03984375
0 0.51640625 0.85625 0.03828125 0.03828125
0 0.53203125 0.88828125 0.0375 0.03828125
0 0.46015625 0.97421875 0.03828125 0.0390625
0 0.61484375 0.9625 0.0375 0.03828125
0 0.5984375 0.803125 0.0359375 0.03828125
0 0.41796875 0.91640625 0.0375 0.0390625
0 0.5328125 0.82265625 0.03671875 0.03671875
0 0.1578125 0.48828125 0.0375 0.0359375
0 0.53515625 0.97578125 0.0359375 0.0375
0 0.23046875 0.6515625 0.034375 0.03515625
0 0.2609375 0.790625 0.0328125 0.0328125
0 0.415625 0.71328125 0.03515625 0.0375
0 0.61015625 0.76796875 0.03671875 0.04140625