0 0.2453125 0.78671875 0.0375 0.0375
0 0.5484375 0.909375 0.0375 0.0375
0 0.5609375 0.7703125 0.0359375 0.03828125
0 0.41171875 0.93984375 0.0375 0.03828125
0 0.43828125 0.915625 0.03671875 0.0390625
0 0.14765625 0.77109375 0.03828125 0.0390625
0 0.39921875 0.86796875 0.0390625 0.03828125
0 0.621875 0.896875 0.03828125 0.0390625
0 0.103125 0.70703125 0.03828125 0.03828125
0 0.684375 0.83984375 0.03671875 0.03828125
0 0.26015625 0.8515625 0.03828125 0.03828125
0 0.58984375 0.97109375 0.0375 0.03984375
0 0.246875 0.54140625 0.0375 0.03828125
0 0.2125 0.61015625 0.03828125 0.0375
0 0.496875 0.94609375 0.0375 0.0375
0 0.71953125 0.8984375 0.0375 0.0390625
0 0.2046875 0.68046875 0.0390625 0.03984375
0 0.25234375 0.7328125 0.03828125 0.0390625
0 0.28828125 0.728125 0.03671875 0.0375
0 0.0671875 0.70078125 0.040625 0.03828125
0 0.1875 0.646875 0.0390625 0.0390625
0 0.6078125 0.8234375 0.0375 0.0390625
0 0.68203125 0.80234375 0.03828125 0.040625
0 0.225 0.85703125 0.0375 0.0375
0 0.53671875 0.84453125 0.03671875 0.03984375
0 0.20859375 0.7921875 0.0390625 0.03828125
0 0.125 0.74375 0.0375 0.0375
0 0.11328125 0.64296875 0.03828125 0.0390625
0 0.09375 0.5015625 0.03828125 0.0375
0 0.43359375 0.8796875 0.03984375 0.0390625
0 0.428125 0.7296875 0.03828125 0.0375
0 0.68671875 0.67578125 0.03671875 0.03828125
0 0.2 0.53984375 0.03984375 0.03828125
0 0.575 0.83984375 0.03671875 0.03828125
0 0.02578125 0.5125 0.0390625 0.0390625
0 0.62109375 0.64921875 0.03671875 0.03671875
0 0.32265625 0.6078125 0.0375 0.03671875
0 0.265625 0.7 0.0390625 0.03828125
0 0.4296875 0.97421875 0.040625 0.04140625
0 0.5265625 0.7375 0.03828125 0.0375
0 0.1546875 0.46796875 0.03828125 0.03671875
0 0.7328125 0.753125 0.03984375 0.040625
0 0.49296875 0.7921875 0.03671875 0.03828125
0 0.46171875 0.85703125 0.03828125 0.03828125
0 0.346875 0.5484375 0.0390625 0.0375
0 0.8890625 0.77421875 0.03828125 0.03984375
0 0.0421875 0.44375 0.040625 0.0375
0 0.1046875 0.60859375 0.0390625 0.03984375
0 0.659375 0.771875 0.03828125 0.0375
0 0.22265625 0.64375 0.03828125 0.03828125
0 0.36015625 0.7453125 0.0390625 0.0390625
0 0.6296875 0.85078125 0.0375 0.03828125
0 0.06875 0.6 0.03828125 0.03828125
0 0.7546875 0.90234375 0.0375 0.0375
0 0.240625 0.57578125 0.0375 0.03671875
0 0.5828125 0.90078125 0.0359375 0.0375
0 0.52421875 0.77578125 0.0375 0.03984375
0 0.1296875 0.53203125 0.03671875 0.0375
0 0.1671875 0.50703125 0.03828125 0.0375
0 0.69140625 0.71171875 0.03828125 0.0390625
0 0.45703125 0.6328125 0.0359375 0.03515625
0 0.553125 0.97578125 0.03828125 0.0390625
0 0.08828125 0.74140625 0.0390625 0.03828125
0 0.1484375 0.63828125 0.0390625 0.0390625
0 0.47578125 0.9171875 0.0359375 0.0390625
0 0.2640625 0.88828125 0.03828125 0.0375
0 0.5609375 0.7359375 0.03671875 0.0390625
0 0.5984375 0.8671875 0.03828125 0.03828125
0 0.396875 0.6375 0.0375 0.0375
0 0.1390625 0.60234375 0.0390625 0.0390625
0 0.62734375 0.75625 0.0375 0.0375
0 0.16015625 0.6703125 0.03828125 0.03671875
0 0.275 0.92421875 0.0390625 0.03828125
0 0.3125 0.5375 0.0375 0.0375
0 0.3140625 0.9421875 0.0390625 0.0390625
0 0.02578125 0.47734375 0.0375 0.03671875
0 0.7890625 0.70859375 0.0375 0.03828125
0 0.72578125 0.71640625 0.0375 0.0390625
0 0.7234375 0.68046875 0.0375 0.03828125
0 0.28203125 0.521875 0.03828125 0.03828125
0 0.44296875 0.80859375 0.03828125 0.03671875
0 0.16328125 0.54296875 0.0390625 0.03984375
0 0.8078125 0.821875 0.0390625 0.03984375
0 0.09296875 0.5375 0.0390625 0.0375
0 0.190625 0.47890625 0.040625 0.0375
0 0.709375 0.78125 0.0359375 0.0390625
0 0.62578125 0.721875 0.03671875 0.0390625
0 0.33046875 0.84609375 0.0390625 0.03828125
0 0.48984375 0.68203125 0.03671875 0.0375
0 0.70546875 0.93046875 0.03671875 0.03671875
0 0.16640625 0.57890625 0.03828125 0.03671875
0 0.58984375 0.715625 0.0375 0.0390625
0 0.47734375 0.978125 0.0375 0.0390625
0 0.6421875 0.9265625 0.03671875 0.03828125
0 0.70859375 0.64765625 0.0390625 0.0375
0 0.8328125 0.79453125 0.0375 0.03828125
0 0.60625 0.82421875 0.03828125 0.0390625
0 0.37890625 0.5625 0.03671875 0.03671875
0 0.1 0.43671875 0.0390625 0.0390625
0 0.653125 0.821875 0.0375 0.0375
0 0.39296875 0.7546875 0.03671875 0.0375
0 0.21328125 0.50546875 0.0390625 0.0375
0 0.1390625 0.70859375 0.0375 0.03671875
0 0.378125 0.92890625 0.03828125 0.0375
0 0.55625 0.6265625 0.0375 0.03828125
0 0.1703125 0.8 0.03828125 0.03671875
0 0.13203125 0.56875 0.0375 0.03671875
0 0.46015625 0.7765625 0.0359375 0.0375
0 0.9078125 0.74296875 0.0390625 0.0390625
0 0.52265625 0.659375 0.03515625 0.03671875
0 0.89296875 0.709375 0.03828125 0.03828125
0 0.85703125 0.7140625 0.0375 0.03828125
0 0.7765625 0.8078125 0.0390625 0.03828125
0 0.5015625 0.84921875 0.03671875 0.0375
0 0.765625 0.76640625 0.0375 0.03671875
0 0.0578125 0.5296875 0.0390625 0.0390625
0 0.45546875 0.94765625 0.03671875 0.0375
0 0.8625 0.75 0.0375 0.0390625
0 0.58671875 0.6421875 0.03671875 0.0375
0 0.2796875 0.5546875 0.0359375 0.03515625
0 0.225 0.70859375 0.034375 0.03203125
0 0.5578125 0.6984375 0.034375 0.03515625
0 0.659375 0.7 0.03515625 0.0375