0 0.93671875 0.33203125 0.03984375 0.0375
0 0.60234375 0.72734375 0.0390625 0.0375
0 0.7390625 0.69609375 0.0390625 0.03671875
0 0.6703125 0.70625 0.03984375 0.03828125
0 0.96328125 0.39765625 0.03828125 0.03671875
0 0.67109375 0.8421875 0.0390625 0.03828125
0 0.75859375 0.859375 0.040625 0.0390625
0 0.43828125 0.64765625 0.03828125 0.03671875
0 0.43515625 0.87734375 0.03828125 0.03828125
0 0.71015625 0.67265625 0.0390625 0.0375
0 0.53671875 0.7296875 0.03828125 0.03828125
0 0.6 0.8203125 0.03984375 0.03984375
0 0.53359375 0.8671875 0.03828125 0.03828125
0 0.66484375 0.61640625 0.03828125 0.0359375
0 0.41171875 0.76953125 0.0375 0.03828125
0 0.21015625 0.83203125 0.040625 0.0390625
0 0.8953125 0.60859375 0.0390625 0.0375
0 0.63671875 0.8546875 0.03984375 0.0390625
0 0.50234375 0.7171875 0.0375 0.0375
0 0.84765625 0.65703125 0.0390625 0.03671875
0 0.4859375 0.978125 0.03671875 0.03828125
0 0.7671875 0.72109375 0.03984375 0.0375
0 0.8234375 0.6296875 0.03828125 0.03671875
0 0.35390625 0.7765625 0.0375 0.0390625
0 0.7859375 0.6890625 0.0390625 0.0375
0 0.715625 0.7625 0.0390625 0.0390625
0 0.60078125 0.85625 0.0390625 0.0390625
0 0.7125 0.6109375 0.0390625 0.0390625
0 0.8171875 0.81484375 0.040625 0.03984375
0 0.43359375 0.93828125 0.03828125 0.03828125
0 0.9125 0.6625 0.03984375 0.03828125
0 0.903125 0.35390625 0.0390625 0.03671875
0 0.7953125 0.6046875 0.03828125 0.03671875
0 0.94296875 0.48828125 0.0390625 0.03828125
0 0.80625 0.78203125 0.03984375 0.03828125
0 0.775 0.634375 0.03828125 0.03671875
0 0.396875 0.86640625 0.03828125 0.03828125
0 0.85625 0.615625 0.0390625 0.0375
0 0.33359375 0.946875 0.0390625 0.03828125
0 0.778125 0.43984375 0.03828125 0.0359375
0 0.97421875 0.50859375 0.03828125 0.03828125
0 0.353125 0.8109375 0.03828125 0.0390625
0 0.940625 0.52265625 0.03984375 0.03984375
0 0.2140625 0.79375 0.03984375 0.03828125
0 0.6890625 0.93828125 0.0390625 0.0390625
0 0.92109375 0.384375 0.03984375 0.03671875
0 0.29453125 0.725 0.0390625 0.0390625
0 0.54609375 0.93828125 0.03828125 0.0375
0 0.26640625 0.87734375 0.03984375 0.03984375
0 0.67421875 0.67109375 0.03828125 0.0375
0 0.70625 0.43984375 0.0390625 0.0375
0 0.54609375 0.64921875 0.03828125 0.0359375
0 0.8734375 0.54765625 0.0375 0.03671875
0 0.553125 0.6109375 0.03671875 0.03671875
0 0.5625 0.9046875 0.03828125 0.03828125
0 0.796875 0.87421875 0.040625 0.03828125
0 0.33125 0.8734375 0.0375 0.03828125
0 0.234375 0.89609375 0.03984375 0.03984375
0 0.36953125 0.95859375 0.0390625 0.0390625
0 0.59609375 0.89375 0.0390625 0.03828125
0 0.45078125 0.97421875 0.0390625 0.03984375
0 0.8375 0.48671875 0.0390625 0.0375
0 0.5015625 0.92421875 0.0375 0.0375
0 0.19375 0.7625 0.03984375 0.0390625
0 0.77109375 0.475 0.03671875 0.0359375
0 0.36875 0.6796875 0.03671875 0.0375
0 0.94921875 0.36484375 0.0390625 0.03671875
0 0.84765625 0.72109375 0.0390625 0.03828125
0 0.8 0.41015625 0.03984375 0.03671875
0 0.309375 0.75859375 0.03828125 0.0375
0 0.52734375 0.90078125 0.0390625 0.0390625
0 0.8421875 0.521875 0.03828125 0.03671875
0 0.82578125 0.43515625 0.03828125 0.0359375
0 0.80625 0.46328125 0.03828125 0.0375
0 0.8671875 0.3734375 0.0390625 0.0359375
0 0.8375 0.5578125 0.03828125 0.0375
0 0.48671875 0.97578125 0.0359375 0.0375
0 0.6140625 0.5640625 0.03828125 0.0359375
0 0.8765625 0.4078125 0.0390625 0.03671875
0 0.9734375 0.54453125 0.03828125 0.03671875
0 0.940625 0.55859375 0.040625 0.0390625
0 0.96875 0.5828125 0.03828125 0.0375
0 0.6765625 0.534375 0.0390625 0.03671875
0 0.9 0.43359375 0.03828125 0.0375
0 0.71484375 0.47421875 0.0390625 0.03671875
0 0.2328125 0.75546875 0.03828125 0.0375
0 0.30078125 0.9328125 0.03828125 0.0375
0 0.6203125 0.9625 0.03984375 0.0390625
0 0.828125 0.43515625 0.03671875 0.03671875
0 0.87421875 0.40625 0.03671875 0.03828125
0 0.91015625 0.50234375 0.034375 0.03515625
0 0.86796875 0.58203125 0.04140625 0.03359375
0 0.95078125 0.65546875 0.0390625 0.0375
0 0.9015625 0.69375 0.0375 0.03515625
0 0.83046875 0.68515625 0.03828125 0.034375
0 0.759375 0.66484375 0.03671875 0.034375
0 0.70546875 0.709375 0.03828125 0.0390625
0 0.68984375 0.6390625 0.03984375 0.0359375
0 0.73125 0.57734375 0.0390625 0.03515625
0 0.64375 0.64375 0.04296875 0.0375
0 0.6109375 0.65546875 0.04375 0.04296875
0 0.5671875 0.71484375 0.034375 0.0359375
0 0.54609375 0.68828125 0.0328125 0.034375
0 0.634375 0.71484375 0.04140625 0.034375
0 0.4734375 0.69453125 0.03671875 0.0359375
0 0.47421875 0.73984375 0.03828125 0.0359375
0 0.84453125 0.78359375 0.034375 0.0375
0 0.77265625 0.79453125 0.0375 0.0390625
0 0.73671875 0.7921875 0.03671875 0.03671875
0 0.66875 0.80625 0.03984375 0.0375
0 0.6328125 0.81953125 0.03515625 0.03671875
0 0.63046875 0.88984375 0.03984375 0.0359375
0 0.78671875 0.83828125 0.04296875 0.03671875
0 0.540625 0.76328125 0.03828125 0.03671875
0 0.5171875 0.7890625 0.03984375 0.040625
0 0.56640625 0.83359375 0.03671875 0.0390625
0 0.5703125 0.8703125 0.0390625 0.03671875
0 0.45703125 0.90703125 0.03203125 0.0359375
0 0.4578125 0.825 0.03203125 0.0390625
0 0.425 0.84140625 0.03671875 0.034375
0 0.41796875 0.80546875 0.0375 0.03515625
0 0.41328125 0.73203125 0.034375 0.03515625
0 0.378125 0.75234375 0.0375 0.0390625
0 0.40078125 0.69921875 0.034375 0.03671875
0 0.2859375 0.7875 0.03828125 0.03828125
0 0.32421875 0.83515625 0.04140625 0.03828125