0 0.74453125 0.871875 0.03828125 0.03984375
0 0.62578125 0.68671875 0.0375 0.03828125
0 0.803125 0.86796875 0.0390625 0.03984375
0 0.678125 0.73125 0.03828125 0.03828125
0 0.71171875 0.928125 0.0375 0.0375
0 0.28203125 0.925 0.03828125 0.0390625
0 0.61796875 0.96171875 0.03671875 0.03828125
0 0.6765625 0.94453125 0.03828125 0.0390625
0 0.27109375 0.75703125 0.0375 0.03828125
0 0.6265625 0.784375 0.03828125 0.0375
0 0.74453125 0.9109375 0.0375 0.0390625
0 0.1546875 0.82734375 0.0375 0.03828125
0 0.1828125 0.8546875 0.03828125 0.03828125
0 0.21484375 0.88203125 0.03828125 0.0390625
0 0.4890625 0.68515625 0.0359375 0.0375
0 0.24765625 0.90546875 0.03828125 0.0375
0 0.54765625 0.65625 0.0359375 0.03671875
0 0.41328125 0.6828125 0.0375 0.0375
0 0.575 0.771875 0.03671875 0.03828125
0 0.26796875 0.70234375 0.0375 0.03828125
0 0.71328125 0.85 0.0375 0.0375
0 0.22734375 0.70078125 0.0390625 0.03828125
0 0.51015625 0.6515625 0.0359375 0.03671875
0 0.41328125 0.7546875 0.0375 0.0375
0 0.3796875 0.8953125 0.0375 0.0390625
0 0.26640625 0.796875 0.03828125 0.03984375
0 0.32265625 0.94453125 0.0390625 0.03984375
0 0.3484375 0.728125 0.03828125 0.03984375
0 0.77578125 0.88984375 0.0390625 0.03984375
0 0.52578125 0.753125 0.0359375 0.0375
0 0.38359375 0.784375 0.03828125 0.0390625
0 0.3546875 0.640625 0.0375 0.03671875
0 0.4390625 0.9734375 0.03828125 0.0390625
0 0.48125 0.8109375 0.03671875 0.03828125
0 0.32890625 0.80078125 0.03828125 0.040625
0 0.396875 0.82109375 0.0390625 0.0390625
0 0.60703125 0.75234375 0.0375 0.0375
0 0.56171875 0.97421875 0.0390625 0.0390625
0 0.2984375 0.78046875 0.0359375 0.03671875
0 0.40078125 0.9671875 0.03828125 0.040625
0 0.36328125 0.9578125 0.03828125 0.0390625
0 0.48515625 0.9765625 0.03671875 0.0375
0 0.46484375 0.94765625 0.03671875 0.0375
0 0.5421875 0.94453125 0.0375 0.03828125
0 0.35234375 0.92265625 0.03671875 0.03828125
0 0.64140625 0.93359375 0.0375 0.0375
0 0.31484375 0.9078125 0.03828125 0.03828125
0 0.425 0.940625 0.0375 0.0390625
0 0.4703125 0.778125 0.03671875 0.0375
0 0.29921875 0.61953125 0.03671875 0.03515625
0 0.52734375 0.97890625 0.03671875 0.0375
0 0.48515625 0.97890625 0.03515625 0.0375
0 0.67734375 0.73125 0.03671875 0.03515625
0 0.296875 0.678125 0.034375 0.0375
0 0.321875 0.7015625 0.0359375 0.0328125
0 0.34453125 0.67734375 0.03671875 0.03671875
0 0.3828125 0.6625 0.03515625 0.0359375
0 0.3703125 0.7 0.0359375 0.03828125
0 0.38046875 0.7453125 0.03671875 0.03671875
0 0.40078125 0.715625 0.0375 0.0375
0 0.4375 0.715625 0.03515625 0.0375
0 0.45546875 0.6828125 0.03671875 0.0375
0 0.47265625 0.71875 0.0359375 0.03671875
0 0.4515625 0.7484375 0.03828125 0.0359375
0 0.48984375 0.74765625 0.0375 0.0375
0 0.509375 0.71875 0.034375 0.03359375
0 0.54609375 0.72109375 0.03359375 0.03671875
0 0.57578125 0.73515625 0.03671875 0.0390625
0 0.59609375 0.70703125 0.0359375 0.03671875
0 0.62734375 0.725 0.03671875 0.03671875
0 0.59375 0.66953125 0.0390625 0.03671875
0 0.56171875 0.68984375 0.03828125 0.03515625
0 0.5265625 0.68515625 0.04140625 0.0328125
0 0.29375 0.7296875 0.0421875 0.03671875
0 0.31953125 0.75234375 0.0390625 0.0359375
0 0.35 0.76875 0.040625 0.0359375
0 0.41796875 0.79140625 0.0390625 0.03984375
0 0.16328125 0.78515625 0.03828125 0.0375
0 0.20078125 0.78046875 0.0359375 0.0359375
0 0.2140625 0.7484375 0.04140625 0.040625
0 0.24765625 0.7328125 0.03828125 0.03515625
0 0.23984375 0.775 0.0359375 0.0359375
0 0.22578125 0.8078125 0.03828125 0.0375
0 0.1890625 0.8171875 0.0390625 0.03828125
0 0.21953125 0.84453125 0.0390625 0.04296875
0 0.25078125 0.86875 0.03671875 0.03671875
0 0.28125 0.8890625 0.040625 0.0390625
0 0.25234375 0.828125 0.0375 0.03984375
0 0.28359375 0.84921875 0.0390625 0.03828125
0 0.315625 0.871875 0.034375 0.03515625
0 0.34609375 0.88671875 0.03828125 0.03125
0 0.29453125 0.815625 0.0390625 0.0375
0 0.3234375 0.83828125 0.0390625 0.04140625
0 0.35859375 0.85390625 0.0421875 0.0359375
0 0.396875 0.86015625 0.04609375 0.0421875
0 0.36328125 0.8171875 0.03671875 0.04140625
0 0.44921875 0.8109375 0.03359375 0.03671875
0 0.46328125 0.84375 0.034375 0.03671875
0 0.50078125 0.84609375 0.0421875 0.0453125
0 0.50625 0.78125 0.0375 0.03359375
0 0.5421875 0.78671875 0.0421875 0.0390625
0 0.56015625 0.81875 0.03359375 0.03515625
0 0.58828125 0.803125 0.04765625 0.04375
0 0.5203125 0.8140625 0.034375 0.0328125
0 0.53515625 0.846875 0.03515625 0.04140625
0 0.571875 0.85546875 0.0421875 0.03828125
0 0.590625 0.88359375 0.03828125 0.03359375
0 0.4296875 0.84375 0.0359375 0.034375
0 0.43828125 0.878125 0.0390625 0.034375
0 0.4765625 0.88125 0.03828125 0.0375
0 0.51171875 0.87890625 0.0375 0.03828125
0 0.54453125 0.88359375 0.040625 0.03828125
0 0.56640625 0.91328125 0.040625 0.03984375
0 0.58671875 0.94453125 0.0375 0.03203125
0 0.415625 0.903125 0.03984375 0.03671875
0 0.45234375 0.9125 0.03828125 0.0359375
0 0.48671875 0.9140625 0.0375 0.03828125
0 0.5234375 0.91328125 0.0421875 0.0359375
0 0.390625 0.93359375 0.0359375 0.03359375
0 0.50703125 0.94765625 0.034375 0.034375
0 0.621875 0.87109375 0.03671875 0.03984375
0 0.653125 0.85234375 0.03515625 0.03828125
0 0.64609375 0.89609375 0.03515625 0.03671875
0 0.68359375 0.90859375 0.03828125 0.0375
0 0.68359375 0.87109375 0.03828125 0.0375