0 0.059375 0.33984375 0.0421875 0.03671875
0 0.08203125 0.365625 0.0390625 0.0390625
0 0.10390625 0.38828125 0.0390625 0.03828125
0 0.10078125 0.42890625 0.03515625 0.03359375
0 0.096875 0.46015625 0.03828125 0.03125
0 0.090625 0.49609375 0.0359375 0.03515625
0 0.12265625 0.503125 0.04140625 0.03828125
0 0.14765625 0.48046875 0.03671875 0.03359375
0 0.1546875 0.51484375 0.04921875 0.034375
0 0.16875 0.5453125 0.040625 0.04140625
0 0.13203125 0.540625 0.0453125 0.03515625
0 0.19453125 0.571875 0.0375 0.03828125
0 0.2078125 0.60234375 0.04609375 0.03359375
0 0.246875 0.59375 0.03984375 0.0296875
0 0.27734375 0.57890625 0.03203125 0.02890625
0 0.271875 0.54375 0.03984375 0.03671875
0 0.240625 0.5234375 0.03671875 0.0296875
0 0.3140625 0.55546875 0.05 0.04140625
0 0.34140625 0.54140625 0.0421875 0.0375
0 0.35390625 0.5734375 0.03359375 0.034375
0 0.3734375 0.5984375 0.0375 0.0375
0 0.2328125 0.403125 0.0375 0.03515625
0 0.24921875 0.43046875 0.0390625 0.04140625
0 0.2609375 0.46875 0.040625 0.0375
0 0.19921875 0.42578125 0.03359375 0.034375
0 0.14375 0.38125 0.034375 0.03359375
0 0.1703125 0.403125 0.0359375 0.03671875
0 0.034375 0.40625 0.03671875 0.040625
0 0.0453125 0.3765625 0.04296875 0.03203125
0 0.0265625 0.51484375 0.0375 0.03984375
0 0.11640625 0.60078125 0.0359375 0.0375
0 0.078125 0.62578125 0.03984375 0.03671875
0 0.08828125 0.66015625 0.0390625 0.0359375
0 0.1171875 0.63515625 0.0375 0.03515625
0 0.0640625 0.69140625 0.040625 0.040625
0 0.1171875 0.72421875 0.0421875 0.040625
0 0.13828125 0.75390625 0.0328125 0.0390625
0 0.159375 0.78125 0.0453125 0.040625
0 0.1453125 0.81875 0.03828125 0.0390625
0 0.1703125 0.84296875 0.0328125 0.03203125
0 0.22421875 0.74921875 0.034375 0.03515625
0 0.2390625 0.71875 0.03125 0.03046875
0 0.2234375 0.634375 0.03828125 0.0375
0 0.240625 0.66484375 0.03984375 0.03671875
0 0.27734375 0.65703125 0.0359375 0.0375
0 0.26484375 0.68984375 0.0390625 0.03359375
0 0.31171875 0.68515625 0.0390625 0.0375
0 0.34296875 0.6625 0.040625 0.03828125
0 0.16640625 0.66328125 0.03984375 0.040625
0 0.16953125 0.5984375 0.03984375 0.0390625
0 0.26640625 0.746875 0.0390625 0.03671875
0 0.303125 0.75546875 0.0359375 0.03671875
0 0.31015625 0.7890625 0.046875 0.04375
0 0.33984375 0.8015625 0.0421875 0.0359375
0 0.33203125 0.83984375 0.0390625 0.040625
0 0.32890625 0.878125 0.04140625 0.03828125
0 0.29609375 0.896875 0.03828125 0.03828125
0 0.33046875 0.91484375 0.03828125 0.03515625
0 0.24609375 0.778125 0.03359375 0.03203125
0 0.2765625 0.80078125 0.040625 0.03671875
0 0.46484375 0.5765625 0.03359375 0.03515625
0 0.48046875 0.60625 0.03515625 0.03828125
0 0.50625 0.64375 0.04140625 0.04296875
0 0.51953125 0.67734375 0.0375 0.03828125
0 0.53203125 0.71171875 0.03515625 0.03203125
0 0.54296875 0.7453125 0.0390625 0.03828125
0 0.3671875 0.74140625 0.0390625 0.03984375
0 0.3984375 0.75390625 0.03671875 0.03515625
0 0.4109375 0.721875 0.0359375 0.0328125
0 0.45078125 0.7171875 0.03984375 0.03828125
0 0.496875 0.71015625 0.0359375 0.0359375
0 0.434375 0.74921875 0.03984375 0.0359375
0 0.4703125 0.740625 0.04140625 0.040625
0 0.50859375 0.74375 0.0296875 0.03203125
0 0.4046875 0.79140625 0.0390625 0.040625
0 0.4421875 0.784375 0.0375 0.0375
0 0.48203125 0.778125 0.03984375 0.0421875
0 0.51875 0.77734375 0.03671875 0.03828125
0 0.5390625 0.80625 0.0390625 0.03671875
0 0.4234375 0.81640625 0.0390625 0.03359375
0 0.40078125 0.65 0.0359375 0.0375
0 0.471875 0.64296875 0.0328125 0.03515625
0 0.50390625 0.578125 0.034375 0.03671875
0 0.53828125 0.584375 0.034375 0.03828125
0 0.55546875 0.61875 0.0390625 0.03984375
0 0.4859375 0.8421875 0.03203125 0.0390625
0 0.43203125 0.90546875 0.0375 0.0375
0 0.4078125 0.9328125 0.03828125 0.03671875
0 0.38203125 0.96171875 0.03515625 0.03671875
0 0.41953125 0.9703125 0.04140625 0.0375
0 0.459375 0.975 0.03984375 0.0375
0 0.48203125 0.946875 0.04140625 0.03671875
0 0.49921875 0.9765625 0.03984375 0.0375
0 0.52421875 0.94375 0.03828125 0.0359375
0 0.5375 0.9109375 0.04140625 0.04140625
0 0.56484375 0.87578125 0.03984375 0.040625
0 0.59921875 0.86171875 0.0375 0.0390625
0 0.61015625 0.89609375 0.0390625 0.040625
0 0.64375 0.88828125 0.0375 0.03671875
0 0.63671875 0.853125 0.03671875 0.03671875
0 0.58828125 0.671875 0.0359375 0.0359375
0 0.58359375 0.71328125 0.03671875 0.04140625
0 0.61640625 0.72734375 0.04140625 0.040625
0 0.628125 0.75546875 0.04140625 0.0359375
0 0.66015625 0.7765625 0.0375 0.03828125
0 0.68515625 0.80390625 0.0390625 0.03671875
0 0.628125 0.7953125 0.0359375 0.040625
0 0.65234375 0.821875 0.03984375 0.03828125
0 0.6890625 0.7546875 0.04140625 0.03828125
0 0.7109375 0.78203125 0.040625 0.0359375
0 0.73828125 0.79921875 0.040625 0.0390625
0 0.778125 0.81640625 0.0390625 0.028125
0 0.76875 0.77421875 0.0390625 0.0375
0 0.8375 0.78984375 0.03515625 0.0375
0 0.846875 0.82421875 0.040625 0.04140625
0 0.71328125 0.82265625 0.03828125 0.0359375
0 0.7140625 0.8609375 0.0359375 0.0375
0 0.6265625 0.959375 0.0375 0.03515625
0 0.6625 0.95234375 0.0421875 0.03671875
0 0.70390625 0.93359375 0.040625 0.03515625
0 0.71171875 0.896875 0.04140625 0.0390625
0 0.7453125 0.9125 0.04140625 0.03984375
0 0.78671875 0.8890625 0.04765625 0.0484375