0 0.940625 0.33984375 0.0421875 0.03671875
0 0.91796875 0.365625 0.0390625 0.0390625
0 0.89609375 0.38828125 0.0390625 0.03828125
0 0.89921875 0.42890625 0.03515625 0.03359375
0 0.903125 0.46015625 0.03828125 0.03125
0 0.909375 0.49609375 0.0359375 0.03515625
0 0.87734375 0.503125 0.04140625 0.03828125
0 0.85234375 0.48046875 0.03671875 0.03359375
0 0.8453125 0.51484375 0.04921875 0.034375
0 0.83125 0.5453125 0.040625 0.04140625
0 0.86796875 0.540625 0.0453125 0.03515625
0 0.80546875 0.571875 0.0375 0.03828125
0 0.7921875 0.60234375 0.04609375 0.03359375
0 0.753125 0.59375 0.03984375 0.0296875
0 0.72265625 0.57890625 0.03203125 0.02890625
0 0.728125 0.54375 0.03984375 0.03671875
0 0.759375 0.5234375 0.03671875 0.0296875
0 0.6859375 0.55546875 0.05 0.04140625
0 0.65859375 0.54140625 0.0421875 0.0375
0 0.64609375 0.5734375 0.03359375 0.034375
0 0.6265625 0.5984375 0.0375 0.0375
0 0.7671875 0.403125 0.0375 0.03515625
0 0.75078125 0.43046875 0.0390625 0.04140625
0 0.7390625 0.46875 0.040625 0.0375
0 0.80078125 0.42578125 0.03359375 0.034375
0 0.85625 0.38125 0.034375 0.03359375
0 0.8296875 0.403125 0.0359375 0.03671875
0 0.965625 0.40625 0.03671875 0.040625
0 0.9546875 0.3765625 0.04296875 0.03203125
0 0.9734375 0.51484375 0.0375 0.03984375
0 0.88359375 0.60078125 0.0359375 0.0375
0 0.921875 0.62578125 0.03984375 0.03671875
0 0.91171875 0.66015625 0.0390625 0.0359375
0 0.8828125 0.63515625 0.0375 0.03515625
0 0.9359375 0.69140625 0.040625 0.040625
0 0.8828125 0.72421875 0.0421875 0.040625
0 0.86171875 0.75390625 0.0328125 0.0390625
0 0.840625 0.78125 0.0453125 0.040625
0 0.8546875 0.81875 0.03828125 0.0390625
0 0.8296875 0.84296875 0.0328125 0.03203125
0 0.77578125 0.74921875 0.034375 0.03515625
0 0.7609375 0.71875 0.03125 0.03046875
0 0.7765625 0.634375 0.03828125 0.0375
0 0.759375 0.66484375 0.03984375 0.03671875
0 0.72265625 0.65703125 0.0359375 0.0375
0 0.73515625 0.68984375 0.0390625 0.03359375
0 0.68828125 0.68515625 0.0390625 0.0375
0 0.65703125 0.6625 0.040625 0.03828125
0 0.83359375 0.66328125 0.03984375 0.040625
0 0.83046875 0.5984375 0.03984375 0.0390625
0 0.73359375 0.746875 0.0390625 0.03671875
0 0.696875 0.75546875 0.0359375 0.03671875
0 0.68984375 0.7890625 0.046875 0.04375
0 0.66015625 0.8015625 0.0421875 0.0359375
0 0.66796875 0.83984375 0.0390625 0.040625
0 0.67109375 0.878125 0.04140625 0.03828125
0 0.70390625 0.896875 0.03828125 0.03828125
0 0.66953125 0.91484375 0.03828125 0.03515625
0 0.75390625 0.778125 0.03359375 0.03203125
0 0.7234375 0.80078125 0.040625 0.03671875
0 0.53515625 0.5765625 0.03359375 0.03515625
0 0.51953125 0.60625 0.03515625 0.03828125
0 0.49375 0.64375 0.04140625 0.04296875
0 0.48046875 0.67734375 0.0375 0.03828125
0 0.46796875 0.71171875 0.03515625 0.03203125
0 0.45703125 0.7453125 0.0390625 0.03828125
0 0.6328125 0.74140625 0.0390625 0.03984375
0 0.6015625 0.75390625 0.03671875 0.03515625
0 0.5890625 0.721875 0.0359375 0.0328125
0 0.54921875 0.7171875 0.03984375 0.03828125
0 0.503125 0.71015625 0.0359375 0.0359375
0 0.565625 0.74921875 0.03984375 0.0359375
0 0.5296875 0.740625 0.04140625 0.040625
0 0.49140625 0.74375 0.0296875 0.03203125
0 0.5953125 0.79140625 0.0390625 0.040625
0 0.5578125 0.784375 0.0375 0.0375
0 0.51796875 0.778125 0.03984375 0.0421875
0 0.48125 0.77734375 0.03671875 0.03828125
0 0.4609375 0.80625 0.0390625 0.03671875
0 0.5765625 0.81640625 0.0390625 0.03359375
0 0.59921875 0.65 0.0359375 0.0375
0 0.528125 0.64296875 0.0328125 0.03515625
0 0.49609375 0.578125 0.034375 0.03671875
0 0.46171875 0.584375 0.034375 0.03828125
0 0.44453125 0.61875 0.0390625 0.03984375
0 0.5140625 0.8421875 0.03203125 0.0390625
0 0.56796875 0.90546875 0.0375 0.0375
0 0.5921875 0.9328125 0.03828125 0.03671875
0 0.61796875 0.96171875 0.03515625 0.03671875
0 0.58046875 0.9703125 0.04140625 0.0375
0 0.540625 0.975 0.03984375 0.0375
0 0.51796875 0.946875 0.04140625 0.03671875
0 0.50078125 0.9765625 0.03984375 0.0375
0 0.47578125 0.94375 0.03828125 0.0359375
0 0.4625 0.9109375 0.04140625 0.04140625
0 0.43515625 0.87578125 0.03984375 0.040625
0 0.40078125 0.86171875 0.0375 0.0390625
0 0.38984375 0.89609375 0.0390625 0.040625
0 0.35625 0.88828125 0.0375 0.03671875
0 0.36328125 0.853125 0.03671875 0.03671875
0 0.41171875 0.671875 0.0359375 0.0359375
0 0.41640625 0.71328125 0.03671875 0.04140625
0 0.38359375 0.72734375 0.04140625 0.040625
0 0.371875 0.75546875 0.04140625 0.0359375
0 0.33984375 0.7765625 0.0375 0.03828125
0 0.31484375 0.80390625 0.0390625 0.03671875
0 0.371875 0.7953125 0.0359375 0.040625
0 0.34765625 0.821875 0.03984375 0.03828125
0 0.3109375 0.7546875 0.04140625 0.03828125
0 0.2890625 0.78203125 0.040625 0.0359375
0 0.26171875 0.79921875 0.040625 0.0390625
0 0.221875 0.81640625 0.0390625 0.028125
0 0.23125 0.77421875 0.0390625 0.0375
0 0.1625 0.78984375 0.03515625 0.0375
0 0.153125 0.82421875 0.040625 0.04140625
0 0.28671875 0.82265625 0.03828125 0.0359375
0 0.2859375 0.8609375 0.0359375 0.0375
0 0.3734375 0.959375 0.0375 0.03515625
0 0.3375 0.95234375 0.0421875 0.03671875
0 0.29609375 0.93359375 0.040625 0.03515625
0 0.28828125 0.896875 0.04140625 0.0390625
0 0.2546875 0.9125 0.04140625 0.03984375
0 0.21328125 0.8890625 0.04765625 0.0484375