0 0.03203125 0.42109375 0.040625 0.03828125
0 0.26484375 0.5609375 0.0390625 0.03671875
0 0.24453125 0.8671875 0.03984375 0.03828125
0 0.17734375 0.45859375 0.0390625 0.0375
0 0.22890625 0.7171875 0.03828125 0.03828125
0 0.44375 0.79765625 0.03984375 0.03828125
0 0.090625 0.51953125 0.0390625 0.03828125
0 0.165625 0.5953125 0.0390625 0.0359375
0 0.57578125 0.87265625 0.0390625 0.03828125
0 0.19296875 0.50859375 0.03828125 0.03671875
0 0.2609375 0.7 0.0390625 0.03828125
0 0.61875 0.93125 0.0390625 0.03828125
0 0.24453125 0.77578125 0.0390625 0.03828125
0 0.1078125 0.77109375 0.0390625 0.03671875
0 0.4953125 0.75 0.0390625 0.0390625
0 0.44375 0.87109375 0.0390625 0.03828125
0 0.16328125 0.56171875 0.03828125 0.03671875
0 0.4859375 0.92421875 0.0390625 0.0390625
0 0.3109375 0.75078125 0.03984375 0.03828125
0 0.6390625 0.7171875 0.0390625 0.0375
0 0.1484375 0.66953125 0.0390625 0.03828125
0 0.73671875 0.80390625 0.03984375 0.03828125
0 0.2421875 0.46328125 0.03828125 0.03671875
0 0.30390625 0.55234375 0.03984375 0.03828125
0 0.24609375 0.625 0.03828125 0.03671875
0 0.22890625 0.559375 0.03828125 0.0359375
0 0.56484375 0.971875 0.0390625 0.040625
0 0.02578125 0.490625 0.0390625 0.03671875
0 0.3046875 0.58671875 0.0390625 0.0359375
0 0.12734375 0.56640625 0.0390625 0.03828125
0 0.50859375 0.6359375 0.0375 0.03671875
0 0.7328125 0.8765625 0.03984375 0.0390625
0 0.278125 0.8453125 0.04140625 0.03984375
0 0.12734375 0.49609375 0.0390625 0.0375
0 0.1796875 0.75859375 0.0375 0.03671875
0 0.63046875 0.65078125 0.03671875 0.03671875
0 0.09296875 0.484375 0.040625 0.03984375
0 0.3796875 0.521875 0.03828125 0.03828125
0 0.27265625 0.4390625 0.03828125 0.0375
0 0.73125 0.7640625 0.03984375 0.03984375
0 0.46640625 0.9765625 0.040625 0.03984375
0 0.7296875 0.83984375 0.0390625 0.03984375
0 0.203125 0.7859375 0.0390625 0.0359375
0 0.68828125 0.7421875 0.03828125 0.0375
0 0.16015625 0.52578125 0.0390625 0.03828125
0 0.40078125 0.6375 0.0375 0.0359375
0 0.5515625 0.6203125 0.0375 0.03671875
0 0.43125 0.971875 0.0390625 0.03984375
0 0.6609375 0.8078125 0.0390625 0.0375
0 0.66171875 0.915625 0.0390625 0.0390625
0 0.60078125 0.96484375 0.03671875 0.03828125
0 0.059375 0.46875 0.03984375 0.03828125
0 0.12109375 0.7375 0.04140625 0.03984375
0 0.57578125 0.93515625 0.03828125 0.03671875
0 0.034375 0.5984375 0.03984375 0.03984375
0 0.59609375 0.840625 0.03828125 0.03828125
0 0.76875 0.74296875 0.0390625 0.0390625
0 0.8015625 0.834375 0.0390625 0.03828125
0 0.2671875 0.596875 0.03984375 0.0375
0 0.409375 0.59921875 0.0390625 0.03828125
0 0.0265625 0.45546875 0.03984375 0.03828125
0 0.62578125 0.86015625 0.0390625 0.0390625
0 0.4078125 0.79296875 0.03828125 0.0390625
0 0.2671875 0.8109375 0.03828125 0.0390625
0 0.1828125 0.85703125 0.0390625 0.03984375
0 0.496875 0.60234375 0.0375 0.03671875
0 0.45546875 0.9421875 0.040625 0.0390625
0 0.76640625 0.8921875 0.03828125 0.0375
0 0.0984375 0.5890625 0.03984375 0.0375
0 0.11875 0.41875 0.0390625 0.03828125
0 0.32109375 0.703125 0.03828125 0.03828125
0 0.70078125 0.896875 0.0390625 0.03828125
0 0.13203125 0.60234375 0.0390625 0.03671875
0 0.06171875 0.6875 0.03984375 0.03828125
0 0.66328125 0.6890625 0.0390625 0.03828125
0 0.065625 0.36171875 0.03984375 0.0375
0 0.10859375 0.384375 0.0390625 0.0375
0 0.47421875 0.853125 0.0390625 0.040625
0 0.15390625 0.82890625 0.0390625 0.03828125
0 0.0765625 0.40078125 0.0390625 0.0375
0 0.34375 0.91796875 0.03828125 0.0375
0 0.153125 0.43125 0.03828125 0.03671875
0 0.57109375 0.740625 0.0359375 0.03671875
0 0.340625 0.54375 0.03828125 0.03671875
0 0.38984375 0.56953125 0.03984375 0.03828125
0 0.41953125 0.93671875 0.0375 0.0375
0 0.765625 0.78046875 0.03828125 0.0390625
0 0.496875 0.9578125 0.03984375 0.0390625
0 0.59453125 0.6421875 0.0375 0.03671875
0 0.5765625 0.93671875 0.03828125 0.0375
0 0.0453125 0.64140625 0.040625 0.0390625
0 0.059375 0.540625 0.03671875 0.03828125
0 0.0890625 0.5546875 0.0390625 0.0390625
0 0.23046875 0.59375 0.03515625 0.0359375
0 0.27734375 0.528125 0.0390625 0.03515625
0 0.43515625 0.621875 0.0359375 0.04453125
0 0.403125 0.684375 0.04140625 0.04296875
0 0.440625 0.69375 0.0390625 0.03671875
0 0.47421875 0.69765625 0.03671875 0.03203125
0 0.540625 0.653125 0.0359375 0.0375
0 0.31328125 0.65 0.0390625 0.0359375
0 0.1140625 0.6671875 0.04140625 0.03671875
0 0.16875 0.6984375 0.04296875 0.03828125
0 0.08359375 0.73359375 0.03359375 0.03671875
0 0.2828125 0.76875 0.03828125 0.03671875
0 0.33984375 0.771875 0.0359375 0.0328125
0 0.28828125 0.721875 0.03828125 0.03828125
0 0.40859375 0.7546875 0.034375 0.0359375
0 0.440625 0.7578125 0.03828125 0.040625
0 0.471875 0.77734375 0.0484375 0.04140625
0 0.4765625 0.815625 0.03828125 0.0328125
0 0.371875 0.85703125 0.0390625 0.03671875
0 0.41171875 0.86640625 0.04140625 0.0421875
0 0.309375 0.828125 0.03671875 0.03125
0 0.30625 0.86484375 0.04296875 0.0390625
0 0.309375 0.90078125 0.03671875 0.0390625
0 0.21015625 0.87890625 0.0359375 0.03203125
0 0.4734375 0.88515625 0.03515625 0.03828125
0 0.54375 0.87578125 0.04296875 0.0390625
0 0.5359375 0.80859375 0.04140625 0.03671875
0 0.56171875 0.775 0.0359375 0.03984375
0 0.64296875 0.753125 0.040625 0.03828125
0 0.62109375 0.6859375 0.03671875 0.0390625
0 0.628125 0.82421875 0.03828125 0.0390625