0 0.16328125 0.35546875 0.03984375 0.03671875
0 0.0921875 0.384375 0.0359375 0.03984375
0 0.11796875 0.41015625 0.03515625 0.03984375
0 0.15546875 0.4046875 0.040625 0.03515625
0 0.2 0.4234375 0.046875 0.03515625
0 0.128125 0.45 0.03984375 0.03984375
0 0.15859375 0.47109375 0.03828125 0.03828125
0 0.221875 0.4828125 0.03515625 0.034375
0 0.2984375 0.4484375 0.0390625 0.040625
0 0.3875 0.49453125 0.04375 0.0390625
0 0.40078125 0.52109375 0.04140625 0.03828125
0 0.3953125 0.55703125 0.0359375 0.03359375
0 0.3515625 0.50390625 0.0375 0.03515625
0 0.31796875 0.5203125 0.040625 0.03828125
0 0.284375 0.49609375 0.0375 0.034375
0 0.2890625 0.540625 0.040625 0.0390625
0 0.2484375 0.53828125 0.03984375 0.03671875
0 0.1625 0.5421875 0.0359375 0.03984375
0 0.09375 0.50625 0.0453125 0.03984375
0 0.059375 0.4859375 0.04453125 0.03671875
0 0.06328125 0.45 0.04765625 0.04140625
0 0.0296875 0.425 0.0375 0.03203125
0 0.02578125 0.4984375 0.0390625 0.03984375
0 0.06015625 0.5515625 0.0375 0.03359375
0 0.02890625 0.57109375 0.03515625 0.0359375
0 0.06171875 0.5890625 0.03828125 0.0375
0 0.10859375 0.61171875 0.040625 0.03203125
0 0.13828125 0.59140625 0.040625 0.03359375
0 0.1703125 0.6046875 0.0375 0.03828125
0 0.17578125 0.63515625 0.040625 0.0375
0 0.234375 0.65859375 0.0359375 0.03671875
0 0.2484375 0.6921875 0.040625 0.0359375
0 0.32578125 0.66328125 0.03125 0.03359375
0 0.3609375 0.66171875 0.04375 0.03671875
0 0.38046875 0.63125 0.04453125 0.0375
0 0.38515625 0.59453125 0.04296875 0.0328125
0 0.3546875 0.56796875 0.0375 0.03203125
0 0.3328125 0.5953125 0.0421875 0.04140625
0 0.3921875 0.67890625 0.03828125 0.034375
0 0.40859375 0.64609375 0.04375 0.03828125
0 0.45859375 0.62734375 0.03671875 0.03515625
0 0.48046875 0.59765625 0.0453125 0.0375
0 0.490625 0.62421875 0.0390625 0.03984375
0 0.53203125 0.6296875 0.04140625 0.03046875
0 0.55703125 0.60234375 0.0296875 0.03671875
0 0.6359375 0.65703125 0.0375 0.03984375
0 0.60546875 0.67578125 0.0546875 0.03359375
0 0.5921875 0.7171875 0.0375 0.03984375
0 0.55078125 0.7171875 0.0421875 0.03984375
0 0.53125 0.68125 0.04140625 0.03671875
0 0.47421875 0.65859375 0.0421875 0.03671875
0 0.4609375 0.696875 0.0390625 0.0375
0 0.44296875 0.7359375 0.040625 0.0390625
0 0.44765625 0.77109375 0.0390625 0.04296875
0 0.4140625 0.7640625 0.0390625 0.040625
0 0.3953125 0.79453125 0.0359375 0.04140625
0 0.42421875 0.84375 0.0359375 0.04140625
0 0.4625 0.84140625 0.0375 0.03828125
0 0.46328125 0.80390625 0.03984375 0.04453125
0 0.49609375 0.84609375 0.0375 0.04765625
0 0.52265625 0.8203125 0.0359375 0.03828125
0 0.54765625 0.8421875 0.04375 0.046875
0 0.575 0.871875 0.0359375 0.04140625
0 0.59453125 0.9078125 0.0421875 0.04140625
0 0.61875 0.934375 0.0453125 0.03984375
0 0.6515625 0.91875 0.04453125 0.03984375
0 0.67734375 0.940625 0.046875 0.0390625
0 0.6859375 0.90390625 0.0390625 0.0375
0 0.72265625 0.921875 0.04453125 0.0390625
0 0.73046875 0.8875 0.046875 0.04921875
0 0.74765625 0.8625 0.03203125 0.03515625
0 0.79140625 0.878125 0.04375 0.03984375
0 0.8375 0.83203125 0.03125 0.03828125
0 0.8453125 0.7984375 0.03515625 0.04140625
0 0.70546875 0.75078125 0.0421875 0.0375
0 0.72421875 0.79765625 0.04140625 0.04296875
0 0.75 0.81796875 0.0484375 0.04453125
0 0.725 0.840625 0.0421875 0.04140625
0 0.690625 0.8234375 0.0359375 0.03984375
0 0.69296875 0.86328125 0.03671875 0.0453125
0 0.57734375 0.78046875 0.040625 0.04765625
0 0.596875 0.75234375 0.0421875 0.0375
0 0.63125 0.7421875 0.040625 0.040625
0 0.678125 0.70859375 0.0359375 0.04375
0 0.60078125 0.8046875 0.04375 0.04140625
0 0.6234375 0.8296875 0.04453125 0.04609375
0 0.6046875 0.8609375 0.0375 0.03984375
0 0.46953125 0.878125 0.0421875 0.04296875
0 0.4796875 0.9109375 0.0390625 0.03671875
0 0.49375 0.94453125 0.03828125 0.04140625
0 0.465625 0.94453125 0.04609375 0.03671875
0 0.47578125 0.975 0.0375 0.04765625
0 0.44765625 0.9140625 0.04140625 0.040625
0 0.43046875 0.878125 0.040625 0.03984375
0 0.4203125 0.940625 0.034375 0.0390625
0 0.38984375 0.96640625 0.0421875 0.0421875
0 0.31875 0.94296875 0.04453125 0.04140625
0 0.30703125 0.90546875 0.0375 0.0390625
0 0.340625 0.884375 0.0421875 0.0359375
0 0.30546875 0.86953125 0.034375 0.03828125
0 0.32890625 0.84140625 0.03984375 0.0390625
0 0.325 0.8015625 0.040625 0.046875
0 0.3015625 0.74453125 0.03828125 0.04140625
0 0.34921875 0.68984375 0.0375 0.0421875
0 0.37421875 0.71171875 0.0453125 0.04609375
0 0.165625 0.6875 0.0375 0.03671875
0 0.18671875 0.71484375 0.04453125 0.03984375
0 0.20859375 0.74609375 0.04140625 0.04375
0 0.23359375 0.76953125 0.04921875 0.04296875
0 0.2609375 0.79375 0.034375 0.03515625
0 0.2671875 0.75234375 0.03125 0.03828125
0 0.21796875 0.8046875 0.040625 0.0421875
0 0.171875 0.7515625 0.03203125 0.03828125
0 0.153125 0.72265625 0.0359375 0.04140625
0 0.1359375 0.7578125 0.0375 0.03671875
0 0.103125 0.7609375 0.034375 0.03671875
0 0.146875 0.82734375 0.046875 0.04140625
0 0.240625 0.86484375 0.0328125 0.034375
0 0.2734375 0.8515625 0.040625 0.04453125
0 0.27109375 0.88671875 0.04140625 0.03828125
0 0.28046875 0.92265625 0.04296875 0.04609375
0 0.55078125 0.91328125 0.0421875 0.03984375
0 0.578125 0.94140625 0.0390625 0.03828125