0 0.14140625 0.70390625 0.03828125 0.0375
0 0.25078125 0.90703125 0.03828125 0.0375
0 0.28359375 0.9265625 0.03984375 0.03984375
0 0.65078125 0.728125 0.0375 0.0375
0 0.4109375 0.74921875 0.03828125 0.03828125
0 0.565625 0.80390625 0.0375 0.03828125
0 0.41171875 0.78359375 0.0390625 0.0390625
0 0.23125 0.8125 0.0390625 0.03828125
0 0.12109375 0.54609375 0.0390625 0.03671875
0 0.22890625 0.54921875 0.03828125 0.03671875
0 0.2078125 0.4828125 0.0390625 0.0359375
0 0.3828125 0.66875 0.03671875 0.03671875
0 0.20625 0.68203125 0.03984375 0.03828125
0 0.315625 0.903125 0.03984375 0.03984375
0 0.1171875 0.34609375 0.03828125 0.03671875
0 0.18828125 0.4515625 0.03828125 0.0359375
0 0.42421875 0.8734375 0.0390625 0.03828125
0 0.696875 0.8625 0.03828125 0.0390625
0 0.48984375 0.9421875 0.03671875 0.03671875
0 0.56953125 0.60859375 0.0375 0.0375
0 0.2890625 0.60859375 0.03984375 0.0390625
0 0.0328125 0.59375 0.0390625 0.0375
0 0.31640625 0.9390625 0.040625 0.03984375
0 0.13359375 0.403125 0.0390625 0.03671875
0 0.62578125 0.70078125 0.03671875 0.0359375
0 0.27421875 0.57734375 0.0390625 0.0375
0 0.58125 0.83671875 0.03828125 0.03828125
0 0.56328125 0.66875 0.0375 0.03828125
0 0.5375 0.71015625 0.03671875 0.0375
0 0.2 0.5734375 0.0390625 0.03671875
0 0.15390625 0.36015625 0.0390625 0.03671875
0 0.4828125 0.740625 0.03671875 0.0359375
0 0.0578125 0.49921875 0.040625 0.03828125
0 0.03984375 0.62890625 0.0390625 0.0390625
0 0.76171875 0.8953125 0.03984375 0.03984375
0 0.2953125 0.81484375 0.03984375 0.03828125
0 0.03359375 0.41015625 0.0390625 0.03671875
0 0.359375 0.846875 0.0390625 0.0390625
0 0.43984375 0.57890625 0.0375 0.0359375
0 0.22265625 0.71328125 0.03828125 0.03671875
0 0.57109375 0.97109375 0.03828125 0.03984375
0 0.45390625 0.940625 0.03828125 0.0375
0 0.7609375 0.85859375 0.0390625 0.0390625
0 0.659375 0.7640625 0.0375 0.03828125
0 0.3921875 0.58984375 0.03671875 0.0359375
0 0.63203125 0.65859375 0.03671875 0.0390625
0 0.16640625 0.58359375 0.0390625 0.0375
0 0.21015625 0.6078125 0.03828125 0.03671875
0 0.16015625 0.47578125 0.0375 0.0359375
0 0.5328125 0.88125 0.03828125 0.0375
0 0.1875 0.86015625 0.0390625 0.0375
0 0.35390625 0.5890625 0.03828125 0.0375
0 0.05234375 0.66640625 0.03984375 0.03828125
0 0.6796875 0.79375 0.03984375 0.0390625
0 0.54609375 0.84453125 0.0375 0.0390625
0 0.0890625 0.6703125 0.040625 0.03828125
0 0.253125 0.86953125 0.0390625 0.03828125
0 0.759375 0.77578125 0.03828125 0.0390625
0 0.075 0.3578125 0.0390625 0.03671875
0 0.13125 0.5796875 0.0375 0.03671875
0 0.5375 0.93828125 0.0375 0.03828125
0 0.325 0.52421875 0.03828125 0.03671875
0 0.475 0.58203125 0.03671875 0.03671875
0 0.0640625 0.42890625 0.04140625 0.0390625
0 0.2953125 0.48203125 0.03828125 0.03671875
0 0.6015625 0.67421875 0.03671875 0.03671875
0 0.06875 0.603125 0.040625 0.03828125
0 0.21875 0.51640625 0.0390625 0.0359375
0 0.0578125 0.53359375 0.03984375 0.0375
0 0.41875 0.9359375 0.0359375 0.0375
0 0.103125 0.6046875 0.03828125 0.0375
0 0.309375 0.7828125 0.03828125 0.03828125
0 0.18046875 0.5046875 0.0375 0.03515625
0 0.5359375 0.97421875 0.0390625 0.040625
0 0.28984375 0.5171875 0.03828125 0.03671875
0 0.059375 0.4625 0.0390625 0.0375
0 0.39375 0.965625 0.0375 0.03828125
0 0.45703125 0.6125 0.03671875 0.0375
0 0.55859375 0.90703125 0.03828125 0.0375
0 0.70390625 0.76640625 0.0390625 0.03828125
0 0.25703125 0.38515625 0.0390625 0.0375
0 0.1015625 0.41875 0.0390625 0.0375
0 0.42890625 0.96953125 0.0375 0.03984375
0 0.10859375 0.38046875 0.03828125 0.03671875
0 0.4953125 0.81015625 0.0375 0.03828125
0 0.04140625 0.375 0.0390625 0.0375
0 0.50078125 0.978125 0.03671875 0.03828125
0 0.2828125 0.925 0.0375 0.0375
0 0.16875 0.3921875 0.0390625 0.03671875
0 0.02890625 0.4453125 0.0390625 0.03828125
0 0.70390625 0.7671875 0.0375 0.0375
0 0.43125 0.96953125 0.03359375 0.0359375
0 0.12734375 0.48828125 0.04140625 0.03984375
0 0.31953125 0.5875 0.0359375 0.03671875
0 0.2546875 0.61796875 0.03828125 0.034375
0 0.190625 0.64921875 0.03671875 0.03515625
0 0.17109375 0.678125 0.040625 0.0328125
0 0.1859375 0.7125 0.0359375 0.034375
0 0.1203125 0.73359375 0.0421875 0.034375
0 0.2421875 0.66953125 0.03515625 0.034375
0 0.2578125 0.70234375 0.0375 0.0328125
0 0.2859375 0.68046875 0.03984375 0.03359375
0 0.34453125 0.7234375 0.03515625 0.03125
0 0.37421875 0.6203125 0.03828125 0.0375
0 0.4046875 0.63984375 0.0359375 0.03671875
0 0.353125 0.65078125 0.03828125 0.0375
0 0.1671875 0.7984375 0.03671875 0.03671875
0 0.17890625 0.7640625 0.03359375 0.0359375
0 0.159375 0.8359375 0.0375 0.03828125
0 0.26015625 0.83359375 0.03671875 0.03671875
0 0.23828125 0.7734375 0.0390625 0.03828125
0 0.28046875 0.76328125 0.03828125 0.0375
0 0.38046875 0.778125 0.03828125 0.0390625
0 0.3234375 0.86640625 0.0390625 0.03671875
0 0.39453125 0.89296875 0.0375 0.03984375
0 0.49453125 0.87890625 0.0390625 0.0375
0 0.51015625 0.91015625 0.0375 0.03828125
0 0.46171875 0.809375 0.0359375 0.034375
0 0.44609375 0.7390625 0.0359375 0.0359375
0 0.45625 0.67421875 0.03671875 0.0359375
0 0.4671875 0.71015625 0.0453125 0.03828125
0 0.4734375 0.6453125 0.034375 0.034375
0 0.53046875 0.809375 0.03515625 0.03671875
0 0.6171875 0.828125 0.034375 0.03515625
0 0.60234375 0.86328125 0.03671875 0.034375
0 0.63046875 0.890625 0.040625 0.034375