0 0.96796875 0.42109375 0.040625 0.03828125
0 0.73515625 0.5609375 0.0390625 0.03671875
0 0.75546875 0.8671875 0.03984375 0.03828125
0 0.82265625 0.45859375 0.0390625 0.0375
0 0.77109375 0.7171875 0.03828125 0.03828125
0 0.55625 0.79765625 0.03984375 0.03828125
0 0.909375 0.51953125 0.0390625 0.03828125
0 0.834375 0.5953125 0.0390625 0.0359375
0 0.42421875 0.87265625 0.0390625 0.03828125
0 0.80703125 0.50859375 0.03828125 0.03671875
0 0.7390625 0.7 0.0390625 0.03828125
0 0.38125 0.93125 0.0390625 0.03828125
0 0.75546875 0.77578125 0.0390625 0.03828125
0 0.8921875 0.77109375 0.0390625 0.03671875
0 0.5046875 0.75 0.0390625 0.0390625
0 0.55625 0.87109375 0.0390625 0.03828125
0 0.83671875 0.56171875 0.03828125 0.03671875
0 0.5140625 0.92421875 0.0390625 0.0390625
0 0.6890625 0.75078125 0.03984375 0.03828125
0 0.3609375 0.7171875 0.0390625 0.0375
0 0.8515625 0.66953125 0.0390625 0.03828125
0 0.26328125 0.80390625 0.03984375 0.03828125
0 0.7578125 0.46328125 0.03828125 0.03671875
0 0.69609375 0.55234375 0.03984375 0.03828125
0 0.75390625 0.625 0.03828125 0.03671875
0 0.77109375 0.559375 0.03828125 0.0359375
0 0.43515625 0.971875 0.0390625 0.040625
0 0.97421875 0.490625 0.0390625 0.03671875
0 0.6953125 0.58671875 0.0390625 0.0359375
0 0.87265625 0.56640625 0.0390625 0.03828125
0 0.49140625 0.6359375 0.0375 0.03671875
0 0.2671875 0.8765625 0.03984375 0.0390625
0 0.721875 0.8453125 0.04140625 0.03984375
0 0.87265625 0.49609375 0.0390625 0.0375
0 0.8203125 0.75859375 0.0375 0.03671875
0 0.36953125 0.65078125 0.03671875 0.03671875
0 0.90703125 0.484375 0.040625 0.03984375
0 0.6203125 0.521875 0.03828125 0.03828125
0 0.72734375 0.4390625 0.03828125 0.0375
0 0.26875 0.7640625 0.03984375 0.03984375
0 0.53359375 0.9765625 0.040625 0.03984375
0 0.2703125 0.83984375 0.0390625 0.03984375
0 0.796875 0.7859375 0.0390625 0.0359375
0 0.31171875 0.7421875 0.03828125 0.0375
0 0.83984375 0.52578125 0.0390625 0.03828125
0 0.59921875 0.6375 0.0375 0.0359375
0 0.4484375 0.6203125 0.0375 0.03671875
0 0.56875 0.971875 0.0390625 0.03984375
0 0.3390625 0.8078125 0.0390625 0.0375
0 0.33828125 0.915625 0.0390625 0.0390625
0 0.39921875 0.96484375 0.03671875 0.03828125
0 0.940625 0.46875 0.03984375 0.03828125
0 0.87890625 0.7375 0.04140625 0.03984375
0 0.42421875 0.93515625 0.03828125 0.03671875
0 0.965625 0.5984375 0.03984375 0.03984375
0 0.40390625 0.840625 0.03828125 0.03828125
0 0.23125 0.74296875 0.0390625 0.0390625
0 0.1984375 0.834375 0.0390625 0.03828125
0 0.7328125 0.596875 0.03984375 0.0375
0 0.590625 0.59921875 0.0390625 0.03828125
0 0.9734375 0.45546875 0.03984375 0.03828125
0 0.37421875 0.86015625 0.0390625 0.0390625
0 0.5921875 0.79296875 0.03828125 0.0390625
0 0.7328125 0.8109375 0.03828125 0.0390625
0 0.8171875 0.85703125 0.0390625 0.03984375
0 0.503125 0.60234375 0.0375 0.03671875
0 0.54453125 0.9421875 0.040625 0.0390625
0 0.23359375 0.8921875 0.03828125 0.0375
0 0.9015625 0.5890625 0.03984375 0.0375
0 0.88125 0.41875 0.0390625 0.03828125
0 0.67890625 0.703125 0.03828125 0.03828125
0 0.29921875 0.896875 0.0390625 0.03828125
0 0.86796875 0.60234375 0.0390625 0.03671875
0 0.93828125 0.6875 0.03984375 0.03828125
0 0.33671875 0.6890625 0.0390625 0.03828125
0 0.934375 0.36171875 0.03984375 0.0375
0 0.89140625 0.384375 0.0390625 0.0375
0 0.52578125 0.853125 0.0390625 0.040625
0 0.84609375 0.82890625 0.0390625 0.03828125
0 0.9234375 0.40078125 0.0390625 0.0375
0 0.65625 0.91796875 0.03828125 0.0375
0 0.846875 0.43125 0.03828125 0.03671875
0 0.42890625 0.740625 0.0359375 0.03671875
0 0.659375 0.54375 0.03828125 0.03671875
0 0.61015625 0.56953125 0.03984375 0.03828125
0 0.58046875 0.93671875 0.0375 0.0375
0 0.234375 0.78046875 0.03828125 0.0390625
0 0.503125 0.9578125 0.03984375 0.0390625
0 0.40546875 0.6421875 0.0375 0.03671875
0 0.4234375 0.93671875 0.03828125 0.0375
0 0.9546875 0.64140625 0.040625 0.0390625
0 0.940625 0.540625 0.03671875 0.03828125
0 0.9109375 0.5546875 0.0390625 0.0390625
0 0.76953125 0.59375 0.03515625 0.0359375
0 0.72265625 0.528125 0.0390625 0.03515625
0 0.56484375 0.621875 0.0359375 0.04453125
0 0.596875 0.684375 0.04140625 0.04296875
0 0.559375 0.69375 0.0390625 0.03671875
0 0.52578125 0.69765625 0.03671875 0.03203125
0 0.459375 0.653125 0.0359375 0.0375
0 0.68671875 0.65 0.0390625 0.0359375
0 0.8859375 0.6671875 0.04140625 0.03671875
0 0.83125 0.6984375 0.04296875 0.03828125
0 0.91640625 0.73359375 0.03359375 0.03671875
0 0.7171875 0.76875 0.03828125 0.03671875
0 0.66015625 0.771875 0.0359375 0.0328125
0 0.71171875 0.721875 0.03828125 0.03828125
0 0.59140625 0.7546875 0.034375 0.0359375
0 0.559375 0.7578125 0.03828125 0.040625
0 0.528125 0.77734375 0.0484375 0.04140625
0 0.5234375 0.815625 0.03828125 0.0328125
0 0.628125 0.85703125 0.0390625 0.03671875
0 0.58828125 0.86640625 0.04140625 0.0421875
0 0.690625 0.828125 0.03671875 0.03125
0 0.69375 0.86484375 0.04296875 0.0390625
0 0.690625 0.90078125 0.03671875 0.0390625
0 0.78984375 0.87890625 0.0359375 0.03203125
0 0.5265625 0.88515625 0.03515625 0.03828125
0 0.45625 0.87578125 0.04296875 0.0390625
0 0.4640625 0.80859375 0.04140625 0.03671875
0 0.43828125 0.775 0.0359375 0.03984375
0 0.35703125 0.753125 0.040625 0.03828125
0 0.37890625 0.6859375 0.03671875 0.0390625
0 0.371875 0.82421875 0.03828125 0.0390625