0 0.5734375 0.9109375 0.03828125 0.0375
0 0.83515625 0.33359375 0.03828125 0.0375
0 0.721875 0.58046875 0.0390625 0.0375
0 0.9734375 0.471875 0.03984375 0.0390625
0 0.325 0.87421875 0.03828125 0.0390625
0 0.77734375 0.71328125 0.0390625 0.0375
0 0.740625 0.6125 0.0390625 0.0375
0 0.7953125 0.56328125 0.03828125 0.03671875
0 0.58515625 0.69140625 0.0375 0.0375
0 0.8671875 0.7578125 0.03984375 0.03828125
0 0.53046875 0.9109375 0.03828125 0.03828125
0 0.84921875 0.39453125 0.0390625 0.03671875
0 0.8390625 0.55 0.0375 0.03671875
0 0.7578125 0.66171875 0.03828125 0.0375
0 0.83984375 0.478125 0.0390625 0.03671875
0 0.853125 0.63515625 0.0390625 0.0375
0 0.82578125 0.44609375 0.03984375 0.0375
0 0.940625 0.52265625 0.03984375 0.03828125
0 0.634375 0.81484375 0.0390625 0.03984375
0 0.82734375 0.5828125 0.03828125 0.0375
0 0.28828125 0.85859375 0.0375 0.03828125
0 0.46015625 0.6953125 0.03828125 0.03828125
0 0.7 0.7828125 0.03828125 0.03828125
0 0.51640625 0.8765625 0.03984375 0.040625
0 0.7265625 0.54609375 0.03828125 0.0359375
0 0.7390625 0.91484375 0.03984375 0.040625
0 0.640625 0.92734375 0.03984375 0.0390625
0 0.83515625 0.840625 0.0390625 0.03828125
0 0.60859375 0.9109375 0.0390625 0.03828125
0 0.90546875 0.3140625 0.040625 0.0390625
0 0.76953125 0.8953125 0.0390625 0.03828125
0 0.56015625 0.625 0.03828125 0.0375
0 0.3953125 0.90703125 0.0375 0.03828125
0 0.9296875 0.41796875 0.03984375 0.03828125
0 0.378125 0.96171875 0.03828125 0.03828125
0 0.66484375 0.725 0.03984375 0.03828125
0 0.44453125 0.94140625 0.03828125 0.0390625
0 0.859375 0.6953125 0.03828125 0.0375
0 0.62265625 0.54140625 0.03828125 0.0359375
0 0.8421875 0.80546875 0.040625 0.03984375
0 0.740625 0.5125 0.040625 0.0375
0 0.315625 0.8015625 0.03828125 0.0390625
0 0.43671875 0.75859375 0.0375 0.03828125
0 0.42421875 0.86953125 0.03828125 0.03828125
0 0.7640625 0.32890625 0.0390625 0.0375
0 0.4640625 0.9765625 0.0375 0.0390625
0 0.4734375 0.81875 0.0375 0.03828125
0 0.33515625 0.95 0.03984375 0.040625
0 0.67421875 0.94609375 0.040625 0.0390625
0 0.57421875 0.9734375 0.03828125 0.0390625
0 0.80546875 0.79921875 0.0390625 0.03828125
0 0.9390625 0.5578125 0.0390625 0.03828125
0 0.91640625 0.38515625 0.0390625 0.03828125
0 0.79453125 0.76640625 0.03984375 0.03984375
0 0.44375 0.79765625 0.0375 0.0390625
0 0.4109375 0.78359375 0.0375 0.0390625
0 0.246875 0.8 0.0390625 0.03984375
0 0.6671875 0.79921875 0.040625 0.04140625
0 0.21484375 0.81640625 0.03984375 0.03984375
0 0.7796875 0.43125 0.0390625 0.03671875
0 0.57421875 0.853125 0.0390625 0.03828125
0 0.77578125 0.396875 0.03828125 0.03515625
0 0.409375 0.9421875 0.03984375 0.03984375
0 0.66875 0.55546875 0.0390625 0.03671875
0 0.9328125 0.5921875 0.0390625 0.03671875
0 0.76953125 0.3609375 0.03828125 0.0359375
0 0.22265625 0.8890625 0.0390625 0.0390625
0 0.66953125 0.8359375 0.0390625 0.03984375
0 0.77578125 0.51328125 0.0390625 0.03828125
0 0.6375 0.50703125 0.0390625 0.03671875
0 0.7296875 0.72734375 0.03828125 0.0375
0 0.871875 0.3265625 0.03828125 0.0375
0 0.49609375 0.6609375 0.03671875 0.0375
0 0.9296875 0.340625 0.0390625 0.0375
0 0.14375 0.8171875 0.0390625 0.0390625
0 0.80078125 0.34296875 0.0390625 0.03671875
0 0.69453125 0.49453125 0.03828125 0.03671875
0 0.4953125 0.90390625 0.03984375 0.0390625
0 0.7109375 0.44453125 0.0390625 0.0359375
0 0.79375 0.46328125 0.0375 0.03671875
0 0.7015625 0.81953125 0.0390625 0.0390625
0 0.396875 0.69765625 0.0375 0.0390625
0 0.8078125 0.4953125 0.040625 0.0375
0 0.70625 0.93125 0.040625 0.03984375
0 0.50234375 0.97890625 0.0359375 0.03984375
0 0.9015625 0.51484375 0.03984375 0.03828125
0 0.86953125 0.53125 0.034375 0.03515625
0 0.81875 0.61796875 0.03671875 0.03828125
0 0.87578125 0.66484375 0.0390625 0.0359375
0 0.89765625 0.69375 0.03828125 0.03671875
0 0.81796875 0.69921875 0.0390625 0.03671875
0 0.784375 0.68046875 0.04375 0.040625
0 0.74375 0.69609375 0.040625 0.03828125
0 0.80546875 0.73359375 0.0421875 0.0375
0 0.87421875 0.79453125 0.03984375 0.0359375
0 0.765625 0.8203125 0.0359375 0.0375
0 0.7625 0.784375 0.03671875 0.03828125
0 0.73046875 0.803125 0.03359375 0.03984375
0 0.76484375 0.8578125 0.03671875 0.03984375
0 0.7359375 0.87734375 0.0328125 0.0375
0 0.671875 0.87421875 0.03984375 0.0375
0 0.60546875 0.83671875 0.0359375 0.03828125
0 0.634375 0.78203125 0.0390625 0.03984375
0 0.603125 0.76328125 0.0375 0.0375
0 0.584375 0.73203125 0.03828125 0.0375
0 0.553125 0.7125 0.0359375 0.0375
0 0.5484375 0.67578125 0.03828125 0.03671875
0 0.51640625 0.69140625 0.03671875 0.0375
0 0.57890625 0.65703125 0.0359375 0.0359375
0 0.61484375 0.67578125 0.0359375 0.0359375
0 0.609375 0.6390625 0.0390625 0.03828125
0 0.75703125 0.58203125 0.0390625 0.0359375
0 0.725 0.6453125 0.0359375 0.0328125
0 0.70390625 0.6109375 0.0359375 0.03515625
0 0.6765625 0.67734375 0.0359375 0.0359375
0 0.6453125 0.6953125 0.0359375 0.03515625
0 0.69765625 0.7109375 0.03671875 0.03671875
0 0.5296875 0.77578125 0.03671875 0.0390625
0 0.49765625 0.79375 0.0359375 0.0359375
0 0.5390625 0.846875 0.0359375 0.03515625
0 0.48359375 0.85859375 0.0359375 0.03828125
0 0.284375 0.82109375 0.03515625 0.03671875
0 0.35703125 0.89296875 0.03828125 0.0390625