0 0.85859375 0.70390625 0.03828125 0.0375
0 0.74921875 0.90703125 0.03828125 0.0375
0 0.71640625 0.9265625 0.03984375 0.03984375
0 0.34921875 0.728125 0.0375 0.0375
0 0.5890625 0.74921875 0.03828125 0.03828125
0 0.434375 0.80390625 0.0375 0.03828125
0 0.58828125 0.78359375 0.0390625 0.0390625
0 0.76875 0.8125 0.0390625 0.03828125
0 0.87890625 0.54609375 0.0390625 0.03671875
0 0.77109375 0.54921875 0.03828125 0.03671875
0 0.7921875 0.4828125 0.0390625 0.0359375
0 0.6171875 0.66875 0.03671875 0.03671875
0 0.79375 0.68203125 0.03984375 0.03828125
0 0.684375 0.903125 0.03984375 0.03984375
0 0.8828125 0.34609375 0.03828125 0.03671875
0 0.81171875 0.4515625 0.03828125 0.0359375
0 0.57578125 0.8734375 0.0390625 0.03828125
0 0.303125 0.8625 0.03828125 0.0390625
0 0.51015625 0.9421875 0.03671875 0.03671875
0 0.43046875 0.60859375 0.0375 0.0375
0 0.7109375 0.60859375 0.03984375 0.0390625
0 0.9671875 0.59375 0.0390625 0.0375
0 0.68359375 0.9390625 0.040625 0.03984375
0 0.86640625 0.403125 0.0390625 0.03671875
0 0.37421875 0.70078125 0.03671875 0.0359375
0 0.72578125 0.57734375 0.0390625 0.0375
0 0.41875 0.83671875 0.03828125 0.03828125
0 0.43671875 0.66875 0.0375 0.03828125
0 0.4625 0.71015625 0.03671875 0.0375
0 0.8 0.5734375 0.0390625 0.03671875
0 0.84609375 0.36015625 0.0390625 0.03671875
0 0.5171875 0.740625 0.03671875 0.0359375
0 0.9421875 0.49921875 0.040625 0.03828125
0 0.96015625 0.62890625 0.0390625 0.0390625
0 0.23828125 0.8953125 0.03984375 0.03984375
0 0.7046875 0.81484375 0.03984375 0.03828125
0 0.96640625 0.41015625 0.0390625 0.03671875
0 0.640625 0.846875 0.0390625 0.0390625
0 0.56015625 0.57890625 0.0375 0.0359375
0 0.77734375 0.71328125 0.03828125 0.03671875
0 0.42890625 0.97109375 0.03828125 0.03984375
0 0.54609375 0.940625 0.03828125 0.0375
0 0.2390625 0.85859375 0.0390625 0.0390625
0 0.340625 0.7640625 0.0375 0.03828125
0 0.6078125 0.58984375 0.03671875 0.0359375
0 0.36796875 0.65859375 0.03671875 0.0390625
0 0.83359375 0.58359375 0.0390625 0.0375
0 0.78984375 0.6078125 0.03828125 0.03671875
0 0.83984375 0.47578125 0.0375 0.0359375
0 0.4671875 0.88125 0.03828125 0.0375
0 0.8125 0.86015625 0.0390625 0.0375
0 0.64609375 0.5890625 0.03828125 0.0375
0 0.94765625 0.66640625 0.03984375 0.03828125
0 0.3203125 0.79375 0.03984375 0.0390625
0 0.45390625 0.84453125 0.0375 0.0390625
0 0.9109375 0.6703125 0.040625 0.03828125
0 0.746875 0.86953125 0.0390625 0.03828125
0 0.240625 0.77578125 0.03828125 0.0390625
0 0.925 0.3578125 0.0390625 0.03671875
0 0.86875 0.5796875 0.0375 0.03671875
0 0.4625 0.93828125 0.0375 0.03828125
0 0.675 0.52421875 0.03828125 0.03671875
0 0.525 0.58203125 0.03671875 0.03671875
0 0.9359375 0.42890625 0.04140625 0.0390625
0 0.7046875 0.48203125 0.03828125 0.03671875
0 0.3984375 0.67421875 0.03671875 0.03671875
0 0.93125 0.603125 0.040625 0.03828125
0 0.78125 0.51640625 0.0390625 0.0359375
0 0.9421875 0.53359375 0.03984375 0.0375
0 0.58125 0.9359375 0.0359375 0.0375
0 0.896875 0.6046875 0.03828125 0.0375
0 0.690625 0.7828125 0.03828125 0.03828125
0 0.81953125 0.5046875 0.0375 0.03515625
0 0.4640625 0.97421875 0.0390625 0.040625
0 0.71015625 0.5171875 0.03828125 0.03671875
0 0.940625 0.4625 0.0390625 0.0375
0 0.60625 0.965625 0.0375 0.03828125
0 0.54296875 0.6125 0.03671875 0.0375
0 0.44140625 0.90703125 0.03828125 0.0375
0 0.29609375 0.76640625 0.0390625 0.03828125
0 0.74296875 0.38515625 0.0390625 0.0375
0 0.8984375 0.41875 0.0390625 0.0375
0 0.57109375 0.96953125 0.0375 0.03984375
0 0.89140625 0.38046875 0.03828125 0.03671875
0 0.5046875 0.81015625 0.0375 0.03828125
0 0.95859375 0.375 0.0390625 0.0375
0 0.49921875 0.978125 0.03671875 0.03828125
0 0.7171875 0.925 0.0375 0.0375
0 0.83125 0.3921875 0.0390625 0.03671875
0 0.97109375 0.4453125 0.0390625 0.03828125
0 0.29609375 0.7671875 0.0375 0.0375
0 0.56875 0.96953125 0.03359375 0.0359375
0 0.87265625 0.48828125 0.04140625 0.03984375
0 0.68046875 0.5875 0.0359375 0.03671875
0 0.7453125 0.61796875 0.03828125 0.034375
0 0.809375 0.64921875 0.03671875 0.03515625
0 0.82890625 0.678125 0.040625 0.0328125
0 0.8140625 0.7125 0.0359375 0.034375
0 0.8796875 0.73359375 0.0421875 0.034375
0 0.7578125 0.66953125 0.03515625 0.034375
0 0.7421875 0.70234375 0.0375 0.0328125
0 0.7140625 0.68046875 0.03984375 0.03359375
0 0.65546875 0.7234375 0.03515625 0.03125
0 0.62578125 0.6203125 0.03828125 0.0375
0 0.5953125 0.63984375 0.0359375 0.03671875
0 0.646875 0.65078125 0.03828125 0.0375
0 0.8328125 0.7984375 0.03671875 0.03671875
0 0.82109375 0.7640625 0.03359375 0.0359375
0 0.840625 0.8359375 0.0375 0.03828125
0 0.73984375 0.83359375 0.03671875 0.03671875
0 0.76171875 0.7734375 0.0390625 0.03828125
0 0.71953125 0.76328125 0.03828125 0.0375
0 0.61953125 0.778125 0.03828125 0.0390625
0 0.6765625 0.86640625 0.0390625 0.03671875
0 0.60546875 0.89296875 0.0375 0.03984375
0 0.50546875 0.87890625 0.0390625 0.0375
0 0.48984375 0.91015625 0.0375 0.03828125
0 0.53828125 0.809375 0.0359375 0.034375
0 0.55390625 0.7390625 0.0359375 0.0359375
0 0.54375 0.67421875 0.03671875 0.0359375
0 0.5328125 0.71015625 0.0453125 0.03828125
0 0.5265625 0.6453125 0.034375 0.034375
0 0.46953125 0.809375 0.03515625 0.03671875
0 0.3828125 0.828125 0.034375 0.03515625
0 0.39765625 0.86328125 0.03671875 0.034375
0 0.36953125 0.890625 0.040625 0.034375