0 0.06328125 0.33203125 0.03984375 0.0375
0 0.39765625 0.72734375 0.0390625 0.0375
0 0.2609375 0.69609375 0.0390625 0.03671875
0 0.3296875 0.70625 0.03984375 0.03828125
0 0.03671875 0.39765625 0.03828125 0.03671875
0 0.32890625 0.8421875 0.0390625 0.03828125
0 0.24140625 0.859375 0.040625 0.0390625
0 0.56171875 0.64765625 0.03828125 0.03671875
0 0.56484375 0.87734375 0.03828125 0.03828125
0 0.28984375 0.67265625 0.0390625 0.0375
0 0.46328125 0.7296875 0.03828125 0.03828125
0 0.4 0.8203125 0.03984375 0.03984375
0 0.46640625 0.8671875 0.03828125 0.03828125
0 0.33515625 0.61640625 0.03828125 0.0359375
0 0.58828125 0.76953125 0.0375 0.03828125
0 0.78984375 0.83203125 0.040625 0.0390625
0 0.1046875 0.60859375 0.0390625 0.0375
0 0.36328125 0.8546875 0.03984375 0.0390625
0 0.49765625 0.7171875 0.0375 0.0375
0 0.15234375 0.65703125 0.0390625 0.03671875
0 0.5140625 0.978125 0.03671875 0.03828125
0 0.2328125 0.72109375 0.03984375 0.0375
0 0.1765625 0.6296875 0.03828125 0.03671875
0 0.64609375 0.7765625 0.0375 0.0390625
0 0.2140625 0.6890625 0.0390625 0.0375
0 0.284375 0.7625 0.0390625 0.0390625
0 0.39921875 0.85625 0.0390625 0.0390625
0 0.2875 0.6109375 0.0390625 0.0390625
0 0.1828125 0.81484375 0.040625 0.03984375
0 0.56640625 0.93828125 0.03828125 0.03828125
0 0.0875 0.6625 0.03984375 0.03828125
0 0.096875 0.35390625 0.0390625 0.03671875
0 0.2046875 0.6046875 0.03828125 0.03671875
0 0.05703125 0.48828125 0.0390625 0.03828125
0 0.19375 0.78203125 0.03984375 0.03828125
0 0.225 0.634375 0.03828125 0.03671875
0 0.603125 0.86640625 0.03828125 0.03828125
0 0.14375 0.615625 0.0390625 0.0375
0 0.66640625 0.946875 0.0390625 0.03828125
0 0.221875 0.43984375 0.03828125 0.0359375
0 0.02578125 0.50859375 0.03828125 0.03828125
0 0.646875 0.8109375 0.03828125 0.0390625
0 0.059375 0.52265625 0.03984375 0.03984375
0 0.7859375 0.79375 0.03984375 0.03828125
0 0.3109375 0.93828125 0.0390625 0.0390625
0 0.07890625 0.384375 0.03984375 0.03671875
0 0.70546875 0.725 0.0390625 0.0390625
0 0.45390625 0.93828125 0.03828125 0.0375
0 0.73359375 0.87734375 0.03984375 0.03984375
0 0.32578125 0.67109375 0.03828125 0.0375
0 0.29375 0.43984375 0.0390625 0.0375
0 0.45390625 0.64921875 0.03828125 0.0359375
0 0.1265625 0.54765625 0.0375 0.03671875
0 0.446875 0.6109375 0.03671875 0.03671875
0 0.4375 0.9046875 0.03828125 0.03828125
0 0.203125 0.87421875 0.040625 0.03828125
0 0.66875 0.8734375 0.0375 0.03828125
0 0.765625 0.89609375 0.03984375 0.03984375
0 0.63046875 0.95859375 0.0390625 0.0390625
0 0.40390625 0.89375 0.0390625 0.03828125
0 0.54921875 0.97421875 0.0390625 0.03984375
0 0.1625 0.48671875 0.0390625 0.0375
0 0.4984375 0.92421875 0.0375 0.0375
0 0.80625 0.7625 0.03984375 0.0390625
0 0.22890625 0.475 0.03671875 0.0359375
0 0.63125 0.6796875 0.03671875 0.0375
0 0.05078125 0.36484375 0.0390625 0.03671875
0 0.15234375 0.72109375 0.0390625 0.03828125
0 0.2 0.41015625 0.03984375 0.03671875
0 0.690625 0.75859375 0.03828125 0.0375
0 0.47265625 0.90078125 0.0390625 0.0390625
0 0.1578125 0.521875 0.03828125 0.03671875
0 0.17421875 0.43515625 0.03828125 0.0359375
0 0.19375 0.46328125 0.03828125 0.0375
0 0.1328125 0.3734375 0.0390625 0.0359375
0 0.1625 0.5578125 0.03828125 0.0375
0 0.51328125 0.97578125 0.0359375 0.0375
0 0.3859375 0.5640625 0.03828125 0.0359375
0 0.1234375 0.4078125 0.0390625 0.03671875
0 0.0265625 0.54453125 0.03828125 0.03671875
0 0.059375 0.55859375 0.040625 0.0390625
0 0.03125 0.5828125 0.03828125 0.0375
0 0.3234375 0.534375 0.0390625 0.03671875
0 0.1 0.43359375 0.03828125 0.0375
0 0.28515625 0.47421875 0.0390625 0.03671875
0 0.7671875 0.75546875 0.03828125 0.0375
0 0.69921875 0.9328125 0.03828125 0.0375
0 0.3796875 0.9625 0.03984375 0.0390625
0 0.171875 0.43515625 0.03671875 0.03671875
0 0.12578125 0.40625 0.03671875 0.03828125
0 0.08984375 0.50234375 0.034375 0.03515625
0 0.13203125 0.58203125 0.04140625 0.03359375
0 0.04921875 0.65546875 0.0390625 0.0375
0 0.0984375 0.69375 0.0375 0.03515625
0 0.16953125 0.68515625 0.03828125 0.034375
0 0.240625 0.66484375 0.03671875 0.034375
0 0.29453125 0.709375 0.03828125 0.0390625
0 0.31015625 0.6390625 0.03984375 0.0359375
0 0.26875 0.57734375 0.0390625 0.03515625
0 0.35625 0.64375 0.04296875 0.0375
0 0.3890625 0.65546875 0.04375 0.04296875
0 0.4328125 0.71484375 0.034375 0.0359375
0 0.45390625 0.68828125 0.0328125 0.034375
0 0.365625 0.71484375 0.04140625 0.034375
0 0.5265625 0.69453125 0.03671875 0.0359375
0 0.52578125 0.73984375 0.03828125 0.0359375
0 0.15546875 0.78359375 0.034375 0.0375
0 0.22734375 0.79453125 0.0375 0.0390625
0 0.26328125 0.7921875 0.03671875 0.03671875
0 0.33125 0.80625 0.03984375 0.0375
0 0.3671875 0.81953125 0.03515625 0.03671875
0 0.36953125 0.88984375 0.03984375 0.0359375
0 0.21328125 0.83828125 0.04296875 0.03671875
0 0.459375 0.76328125 0.03828125 0.03671875
0 0.4828125 0.7890625 0.03984375 0.040625
0 0.43359375 0.83359375 0.03671875 0.0390625
0 0.4296875 0.8703125 0.0390625 0.03671875
0 0.54296875 0.90703125 0.03203125 0.0359375
0 0.5421875 0.825 0.03203125 0.0390625
0 0.575 0.84140625 0.03671875 0.034375
0 0.58203125 0.80546875 0.0375 0.03515625
0 0.58671875 0.73203125 0.034375 0.03515625
0 0.621875 0.75234375 0.0375 0.0390625
0 0.59921875 0.69921875 0.034375 0.03671875
0 0.7140625 0.7875 0.03828125 0.03828125
0 0.67578125 0.83515625 0.04140625 0.03828125