0 0.0484375 0.353125 0.03828125 0.03984375
0 0.084375 0.33828125 0.03515625 0.034375
0 0.11484375 0.3625 0.03515625 0.03671875
0 0.1390625 0.390625 0.0359375 0.03828125
0 0.1796875 0.3921875 0.03828125 0.034375
0 0.08203125 0.37265625 0.04140625 0.03359375
0 0.03203125 0.42265625 0.03515625 0.0375
0 0.05859375 0.44140625 0.0359375 0.03515625
0 0.0953125 0.446875 0.034375 0.03515625
0 0.13359375 0.4453125 0.0375 0.03515625
0 0.090625 0.48125 0.034375 0.03515625
0 0.12734375 0.48046875 0.03671875 0.03515625
0 0.1265625 0.51640625 0.03359375 0.03515625
0 0.16328125 0.52734375 0.0375 0.034375
0 0.20078125 0.49453125 0.0390625 0.0375
0 0.2140625 0.4640625 0.03359375 0.03515625
0 0.24609375 0.4875 0.03515625 0.03671875
0 0.28125 0.46875 0.0390625 0.03671875
0 0.28828125 0.503125 0.0375 0.03828125
0 0.32265625 0.52890625 0.0375 0.03671875
0 0.346875 0.55625 0.040625 0.03203125
0 0.35234375 0.46640625 0.0375 0.03515625
0 0.35 0.590625 0.03203125 0.03125
0 0.384375 0.58046875 0.0328125 0.03203125
0 0.41328125 0.5484375 0.040625 0.03515625
0 0.24921875 0.625 0.03828125 0.034375
0 0.2796875 0.6015625 0.03828125 0.03515625
0 0.29609375 0.628125 0.034375 0.0359375
0 0.3359375 0.6234375 0.03671875 0.03359375
0 0.3203125 0.65546875 0.03984375 0.034375
0 0.27265625 0.65390625 0.03984375 0.0359375
0 0.2359375 0.66328125 0.03515625 0.0359375
0 0.21484375 0.63515625 0.0359375 0.03359375
0 0.20703125 0.60234375 0.03828125 0.034375
0 0.20234375 0.565625 0.03828125 0.03515625
0 0.2359375 0.55546875 0.0390625 0.03671875
0 0.0546875 0.5125 0.03359375 0.0359375
0 0.02421875 0.53359375 0.040625 0.03515625
0 0.028125 0.5703125 0.03828125 0.0359375
0 0.0625 0.58359375 0.040625 0.03828125
0 0.0984375 0.58828125 0.03671875 0.0375
0 0.10546875 0.6234375 0.03984375 0.03671875
0 0.0359375 0.6078125 0.04296875 0.03671875
0 0.09453125 0.68671875 0.0375 0.034375
0 0.1296875 0.69140625 0.034375 0.0328125
0 0.1109375 0.72265625 0.0375 0.034375
0 0.096875 0.7578125 0.0390625 0.03671875
0 0.1703125 0.7515625 0.0390625 0.03515625
0 0.19453125 0.77734375 0.0359375 0.03515625
0 0.2171875 0.8046875 0.04765625 0.04375
0 0.24453125 0.8265625 0.03671875 0.0328125
0 0.2421875 0.8625 0.034375 0.03203125
0 0.24296875 0.89921875 0.034375 0.0390625
0 0.27734375 0.9 0.0390625 0.0359375
0 0.3078125 0.88046875 0.03828125 0.03359375
0 0.29296875 0.928125 0.03828125 0.03515625
0 0.17890625 0.8484375 0.0390625 0.0390625
0 0.14765625 0.81953125 0.0390625 0.0328125
0 0.21015625 0.746875 0.03984375 0.0328125
0 0.2359375 0.721875 0.0359375 0.03046875
0 0.19453125 0.66484375 0.040625 0.03828125
0 0.2625 0.746875 0.03984375 0.03984375
0 0.31484375 0.74296875 0.04140625 0.03828125
0 0.3515625 0.72265625 0.0375 0.03515625
0 0.3796875 0.6984375 0.04296875 0.040625
0 0.41484375 0.6921875 0.03671875 0.0359375
0 0.4109375 0.63359375 0.03671875 0.03671875
0 0.446875 0.62421875 0.03828125 0.03671875
0 0.48046875 0.6359375 0.0375 0.0375
0 0.50390625 0.609375 0.0375 0.03515625
0 0.50078125 0.684375 0.034375 0.034375
0 0.5125 0.73125 0.0375 0.03671875
0 0.465625 0.746875 0.03828125 0.0359375
0 0.40390625 0.7609375 0.0375 0.0375
0 0.4375 0.77109375 0.034375 0.0375
0 0.46953125 0.78828125 0.040625 0.03671875
0 0.50234375 0.80078125 0.040625 0.03515625
0 0.3671875 0.78828125 0.0359375 0.034375
0 0.40078125 0.79609375 0.0390625 0.0359375
0 0.3734375 0.82578125 0.040625 0.034375
0 0.38359375 0.859375 0.040625 0.0359375
0 0.3890625 0.896875 0.03828125 0.03828125
0 0.42578125 0.903125 0.03671875 0.0390625
0 0.43203125 0.940625 0.0359375 0.0390625
0 0.3609375 0.92265625 0.03671875 0.0328125
0 0.3703125 0.95859375 0.03671875 0.0375
0 0.334375 0.946875 0.03515625 0.034375
0 0.209375 0.87578125 0.0375 0.03671875
0 0.44453125 0.84375 0.0375 0.03984375
0 0.4734375 0.82265625 0.0359375 0.03828125
0 0.51015625 0.83359375 0.03671875 0.034375
0 0.48046875 0.8578125 0.0359375 0.0375
0 0.45 0.8796875 0.03828125 0.03515625
0 0.4734375 0.94921875 0.040625 0.0390625
0 0.50625 0.93984375 0.0359375 0.03515625
0 0.496875 0.9765625 0.03984375 0.03828125
0 0.53046875 0.97421875 0.03984375 0.04140625
0 0.58203125 0.93984375 0.03828125 0.0375
0 0.61796875 0.93046875 0.0390625 0.03671875
0 0.64375 0.9546875 0.0359375 0.0359375
0 0.58125 0.83828125 0.03984375 0.0375
0 0.5796875 0.7546875 0.04140625 0.0375
0 0.5640625 0.7140625 0.0359375 0.0375
0 0.54296875 0.63125 0.03671875 0.03828125
0 0.5765625 0.64453125 0.03984375 0.0359375
0 0.61171875 0.65546875 0.03828125 0.03828125
0 0.61640625 0.6921875 0.0375 0.03828125
0 0.58046875 0.68203125 0.0375 0.03671875
0 0.54609375 0.66796875 0.0390625 0.03828125
0 0.6953125 0.7578125 0.0390625 0.03515625
0 0.709375 0.79140625 0.03671875 0.0390625
0 0.67421875 0.79140625 0.0390625 0.040625
0 0.6578125 0.821875 0.0375 0.0375
0 0.64296875 0.85703125 0.03515625 0.03671875
0 0.63125 0.8921875 0.0375 0.03671875
0 0.66796875 0.8859375 0.0359375 0.03515625
0 0.7390625 0.846875 0.03828125 0.03828125
0 0.74375 0.884375 0.040625 0.03984375
0 0.73203125 0.9171875 0.040625 0.040625
0 0.7484375 0.77421875 0.03828125 0.03984375
0 0.80390625 0.78984375 0.0390625 0.03828125
0 0.80859375 0.8265625 0.040625 0.0375
0 0.8078125 0.8625 0.03984375 0.03828125