0 0.39453125 0.77890625 0.0390625 0.0390625
0 0.6609375 0.60703125 0.0390625 0.03671875
0 0.6125 0.82734375 0.03984375 0.0390625
0 0.69609375 0.70234375 0.03828125 0.0375
0 0.3390625 0.94765625 0.03828125 0.0390625
0 0.3640625 0.92109375 0.03828125 0.03828125
0 0.60390625 0.75546875 0.0375 0.0375
0 0.6421875 0.69453125 0.03828125 0.0375
0 0.57578125 0.79921875 0.03828125 0.0375
0 0.7390625 0.64375 0.0390625 0.0375
0 0.52265625 0.97421875 0.03828125 0.03828125
0 0.70546875 0.81328125 0.03828125 0.0390625
0 0.64921875 0.9203125 0.0390625 0.0375
0 0.58515625 0.90078125 0.0390625 0.0390625
0 0.4734375 0.7296875 0.03671875 0.0375
0 0.71171875 0.5171875 0.03828125 0.0359375
0 0.47421875 0.82578125 0.0375 0.03828125
0 0.8375 0.52421875 0.0390625 0.03671875
0 0.74453125 0.60859375 0.0390625 0.0375
0 0.921875 0.38203125 0.0390625 0.0375
0 0.84921875 0.82421875 0.0390625 0.0375
0 0.478125 0.66328125 0.0359375 0.0359375
0 0.9359375 0.58984375 0.03828125 0.0375
0 0.47890625 0.9078125 0.03828125 0.0390625
0 0.9046875 0.521875 0.03984375 0.03671875
0 0.65546875 0.8859375 0.040625 0.03984375
0 0.771875 0.6578125 0.03828125 0.0375
0 0.92578125 0.62578125 0.0390625 0.0390625
0 0.76796875 0.54296875 0.0375 0.03671875
0 0.33515625 0.69453125 0.03828125 0.03828125
0 0.67578125 0.82890625 0.03828125 0.03828125
0 0.8703125 0.54609375 0.03828125 0.03671875
0 0.6875 0.48125 0.0375 0.0359375
0 0.64375 0.81171875 0.03828125 0.0375
0 0.58828125 0.6453125 0.0375 0.03671875
0 0.49609375 0.87578125 0.03828125 0.0390625
0 0.50390625 0.94296875 0.03828125 0.03984375
0 0.76484375 0.471875 0.03828125 0.03671875
0 0.86953125 0.440625 0.03828125 0.03671875
0 0.22734375 0.8171875 0.0390625 0.0390625
0 0.36796875 0.66328125 0.0375 0.0375
0 0.81796875 0.8546875 0.03828125 0.0375
0 0.6515625 0.5671875 0.0390625 0.0375
0 0.7890625 0.746875 0.03828125 0.03671875
0 0.55859375 0.6234375 0.0375 0.03671875
0 0.8109375 0.71953125 0.03828125 0.0375
0 0.63203125 0.496875 0.03671875 0.0359375
0 0.27890625 0.878125 0.03828125 0.03828125
0 0.39921875 0.93203125 0.0390625 0.03984375
0 0.80625 0.35625 0.03984375 0.0359375
0 0.409375 0.896875 0.03671875 0.03828125
0 0.71953125 0.921875 0.0390625 0.03828125
0 0.7640625 0.5078125 0.03828125 0.0375
0 0.3046875 0.93359375 0.0375 0.03828125
0 0.94375 0.4859375 0.03828125 0.03828125
0 0.80078125 0.521875 0.03828125 0.0359375
0 0.88359375 0.72890625 0.03828125 0.0375
0 0.90703125 0.4890625 0.03984375 0.0375
0 0.8703125 0.39375 0.03828125 0.0359375
0 0.4671875 0.6 0.0359375 0.0359375
0 0.671875 0.5140625 0.03828125 0.03671875
0 0.7171875 0.671875 0.03828125 0.03828125
0 0.890625 0.6296875 0.0390625 0.0359375
0 0.19921875 0.8671875 0.0390625 0.0390625
0 0.74921875 0.6859375 0.03828125 0.03671875
0 0.13203125 0.79765625 0.0390625 0.0390625
0 0.8 0.41640625 0.03828125 0.03515625
0 0.975 0.5046875 0.0390625 0.03828125
0 0.8359375 0.4515625 0.0390625 0.03671875
0 0.80078125 0.5578125 0.0390625 0.0375
0 0.83671875 0.559375 0.03828125 0.0375
0 0.26953125 0.771875 0.03828125 0.03828125
0 0.63984375 0.5328125 0.03828125 0.0359375
0 0.87890625 0.3296875 0.0390625 0.03671875
0 0.6359375 0.95546875 0.03984375 0.040625
0 0.86328125 0.58359375 0.03828125 0.03671875
0 0.3734375 0.9578125 0.03828125 0.03984375
0 0.33046875 0.9078125 0.0375 0.0390625
0 0.95078125 0.653125 0.0390625 0.0375
0 0.55703125 0.5859375 0.0375 0.03671875
0 0.83828125 0.41953125 0.03828125 0.0359375
0 0.303125 0.753125 0.03828125 0.03828125
0 0.87421875 0.7953125 0.03828125 0.03671875
0 0.303125 0.83984375 0.03671875 0.0375
0 0.45546875 0.63515625 0.03671875 0.03671875
0 0.23359375 0.85234375 0.03828125 0.0390625
0 0.19453125 0.78125 0.03828125 0.03828125
0 0.23046875 0.78046875 0.03828125 0.0375
0 0.22890625 0.78203125 0.03828125 0.0375
0 0.871875 0.4765625 0.0390625 0.03984375
0 0.8703125 0.51171875 0.034375 0.0375
0 0.93984375 0.55625 0.0390625 0.03515625
0 0.81328125 0.625 0.0359375 0.03359375
0 0.778125 0.62265625 0.0375 0.03671875
0 0.6859375 0.58203125 0.03828125 0.034375
0 0.62109375 0.6265625 0.0375 0.0328125
0 0.625 0.6625 0.03515625 0.03828125
0 0.59453125 0.6796875 0.03515625 0.0359375
0 0.56171875 0.696875 0.0328125 0.03515625
0 0.60859375 0.7125 0.03515625 0.0359375
0 0.7015625 0.7390625 0.0375 0.0375
0 0.70390625 0.7765625 0.0359375 0.0390625
0 0.671875 0.79375 0.03515625 0.0390625
0 0.77578125 0.8078125 0.0375 0.0375
0 0.71640625 0.84765625 0.03828125 0.03828125
0 0.63984375 0.84921875 0.040625 0.0390625
0 0.575 0.83671875 0.03828125 0.03828125
0 0.60859375 0.79296875 0.03515625 0.0359375
0 0.56796875 0.76328125 0.03515625 0.0359375
0 0.5421875 0.734375 0.040625 0.0375
0 0.50625 0.73515625 0.03203125 0.040625
0 0.49140625 0.70078125 0.0375 0.03515625
0 0.44921875 0.75625 0.03671875 0.0359375
0 0.428125 0.7890625 0.03671875 0.040625
0 0.403125 0.8140625 0.034375 0.034375
0 0.4640625 0.790625 0.04453125 0.040625
0 0.50625 0.840625 0.03828125 0.0375
0 0.53125 0.8765625 0.03828125 0.0390625
0 0.5140625 0.90859375 0.04140625 0.03515625
0 0.4625 0.86171875 0.03828125 0.0390625
0 0.41484375 0.69609375 0.03828125 0.03671875
0 0.41328125 0.75 0.03515625 0.0359375
0 0.36171875 0.79921875 0.040625 0.03828125
0 0.3421875 0.85234375 0.03671875 0.0390625