0 0.24140625 0.590625 0.0390625 0.03828125
0 0.1984375 0.86875 0.0390625 0.03828125
0 0.3 0.8625 0.03828125 0.03828125
0 0.253125 0.62421875 0.03828125 0.03828125
0 0.71640625 0.815625 0.0375 0.0390625
0 0.09375 0.51171875 0.03984375 0.03828125
0 0.38828125 0.63046875 0.03828125 0.03671875
0 0.16171875 0.66484375 0.03984375 0.03828125
0 0.19921875 0.66484375 0.03828125 0.03828125
0 0.31171875 0.565625 0.03828125 0.0375
0 0.625 0.68828125 0.0375 0.03671875
0 0.49609375 0.81484375 0.03828125 0.03828125
0 0.29296875 0.7734375 0.03984375 0.03828125
0 0.14453125 0.815625 0.03828125 0.0375
0 0.39375 0.828125 0.03828125 0.03828125
0 0.51015625 0.97578125 0.0375 0.03828125
0 0.11171875 0.71484375 0.0390625 0.03671875
0 0.6234375 0.96015625 0.03828125 0.0390625
0 0.50859375 0.91015625 0.0375 0.03828125
0 0.0359375 0.60078125 0.0390625 0.0375
0 0.21875 0.6203125 0.03828125 0.0375
0 0.30234375 0.73828125 0.03828125 0.0375
0 0.3828125 0.71796875 0.0375 0.0375
0 0.4109375 0.93671875 0.03671875 0.03671875
0 0.09453125 0.6796875 0.03984375 0.0375
0 0.45234375 0.73125 0.0375 0.0375
0 0.48828125 0.7421875 0.0375 0.03828125
0 0.74921875 0.8328125 0.0390625 0.0390625
0 0.20078125 0.72578125 0.0390625 0.0375
0 0.3015625 0.82578125 0.03828125 0.03828125
0 0.4703125 0.9734375 0.0375 0.0390625
0 0.2703125 0.91875 0.040625 0.040625
0 0.7921875 0.815625 0.0390625 0.0390625
0 0.1484375 0.71328125 0.0390625 0.0375
0 0.7140625 0.85078125 0.03828125 0.0390625
0 0.028125 0.56015625 0.0390625 0.03828125
0 0.1703125 0.8421875 0.03984375 0.0375
0 0.428125 0.8015625 0.03828125 0.03828125
0 0.11796875 0.78125 0.0390625 0.0375
0 0.19140625 0.7703125 0.03828125 0.0375
0 0.09453125 0.5453125 0.04140625 0.03828125
0 0.71171875 0.92578125 0.03828125 0.0390625
0 0.57890625 0.8953125 0.03828125 0.0390625
0 0.2078125 0.58203125 0.0390625 0.03671875
0 0.40078125 0.90078125 0.0390625 0.0390625
0 0.1625 0.528125 0.040625 0.0375
0 0.3125 0.52421875 0.03828125 0.03671875
0 0.059375 0.5390625 0.040625 0.03828125
0 0.58828125 0.96875 0.03828125 0.0390625
0 0.37890625 0.59609375 0.03828125 0.0375
0 0.75546875 0.715625 0.03828125 0.03828125
0 0.734375 0.74453125 0.03828125 0.0375
0 0.32578125 0.7640625 0.0390625 0.03828125
0 0.07578125 0.71171875 0.03984375 0.03671875
0 0.09140625 0.38203125 0.0390625 0.03671875
0 0.41484375 0.5328125 0.0375 0.03671875
0 0.44296875 0.5609375 0.0375 0.0375
0 0.084375 0.44296875 0.0390625 0.03671875
0 0.16875 0.74296875 0.0390625 0.03828125
0 0.490625 0.94609375 0.0375 0.0390625
0 0.06953125 0.4109375 0.03984375 0.03671875
0 0.27421875 0.653125 0.03984375 0.03828125
0 0.16953125 0.49375 0.0390625 0.0375
0 0.4859375 0.63515625 0.0375 0.0375
0 0.596875 0.92421875 0.0375 0.03828125
0 0.65703125 0.70703125 0.0375 0.0375
0 0.5171875 0.646875 0.0359375 0.0359375
0 0.1265625 0.359375 0.0390625 0.03671875
0 0.6609375 0.9484375 0.0375 0.0390625
0 0.165625 0.459375 0.03984375 0.03671875
0 0.74765625 0.90703125 0.03984375 0.0390625
0 0.20546875 0.8328125 0.03984375 0.03828125
0 0.61484375 0.65390625 0.0359375 0.0375
0 0.1984375 0.44375 0.0390625 0.0359375
0 0.15234375 0.42578125 0.03828125 0.0359375
0 0.096875 0.340625 0.03984375 0.03671875
0 0.296875 0.4640625 0.0375 0.0375
0 0.0609375 0.35078125 0.03984375 0.0375
0 0.04453125 0.3828125 0.03984375 0.0375
0 0.02890625 0.45 0.040625 0.0390625
0 0.2609375 0.46015625 0.03828125 0.0375
0 0.2390625 0.48828125 0.03671875 0.0359375
0 0.35703125 0.50625 0.03828125 0.0375
0 0.02578125 0.4890625 0.0390625 0.03828125
0 0.05859375 0.50390625 0.0390625 0.03828125
0 0.325 0.4890625 0.03828125 0.0375
0 0.034375 0.4171875 0.040625 0.0390625
0 0.1265625 0.528125 0.0375 0.03671875
0 0.1296875 0.56328125 0.03671875 0.034375
0 0.1 0.58125 0.03828125 0.03515625
0 0.07109375 0.61015625 0.03671875 0.03671875
0 0.11640625 0.65 0.0359375 0.0328125
0 0.14609375 0.63046875 0.0375 0.034375
0 0.1296875 0.68515625 0.0375 0.03515625
0 0.24375 0.721875 0.0359375 0.034375
0 0.271875 0.7484375 0.04140625 0.0390625
0 0.1828125 0.80703125 0.03984375 0.03515625
0 0.175 0.59765625 0.03828125 0.034375
0 0.23515625 0.6515625 0.0375 0.0328125
0 0.31015625 0.64296875 0.03359375 0.0375
0 0.3640625 0.65625 0.0359375 0.03515625
0 0.31875 0.70625 0.0359375 0.034375
0 0.346875 0.73046875 0.0359375 0.0296875
0 0.35859375 0.7796875 0.03359375 0.03515625
0 0.39296875 0.79140625 0.03125 0.034375
0 0.42109375 0.7671875 0.034375 0.034375
0 0.4234375 0.69296875 0.034375 0.03671875
0 0.48671875 0.67109375 0.0359375 0.03671875
0 0.52265625 0.68125 0.0375 0.0359375
0 0.52265625 0.75390625 0.0390625 0.0390625
0 0.49140625 0.77890625 0.03828125 0.0359375
0 0.46484375 0.80390625 0.03828125 0.040625
0 0.50234375 0.85078125 0.0359375 0.03515625
0 0.40390625 0.865625 0.03828125 0.03515625
0 0.37578125 0.92578125 0.0375 0.040625
0 0.45625 0.9421875 0.03359375 0.03671875
0 0.54453125 0.9109375 0.0390625 0.03359375
0 0.56015625 0.86171875 0.034375 0.03515625
0 0.5484375 0.85859375 0.04375 0.03046875
0 0.5859375 0.6796875 0.03515625 0.034375
0 0.65546875 0.7796875 0.03515625 0.0390625
0 0.684375 0.83671875 0.0375 0.03671875
0 0.7171875 0.88828125 0.03828125 0.034375
0 0.6140625 0.89296875 0.0421875 0.0375