0 0.60546875 0.77890625 0.0390625 0.0390625
0 0.3390625 0.60703125 0.0390625 0.03671875
0 0.3875 0.82734375 0.03984375 0.0390625
0 0.30390625 0.70234375 0.03828125 0.0375
0 0.6609375 0.94765625 0.03828125 0.0390625
0 0.6359375 0.92109375 0.03828125 0.03828125
0 0.39609375 0.75546875 0.0375 0.0375
0 0.3578125 0.69453125 0.03828125 0.0375
0 0.42421875 0.79921875 0.03828125 0.0375
0 0.2609375 0.64375 0.0390625 0.0375
0 0.47734375 0.97421875 0.03828125 0.03828125
0 0.29453125 0.81328125 0.03828125 0.0390625
0 0.35078125 0.9203125 0.0390625 0.0375
0 0.41484375 0.90078125 0.0390625 0.0390625
0 0.5265625 0.7296875 0.03671875 0.0375
0 0.28828125 0.5171875 0.03828125 0.0359375
0 0.52578125 0.82578125 0.0375 0.03828125
0 0.1625 0.52421875 0.0390625 0.03671875
0 0.25546875 0.60859375 0.0390625 0.0375
0 0.078125 0.38203125 0.0390625 0.0375
0 0.15078125 0.82421875 0.0390625 0.0375
0 0.521875 0.66328125 0.0359375 0.0359375
0 0.0640625 0.58984375 0.03828125 0.0375
0 0.52109375 0.9078125 0.03828125 0.0390625
0 0.0953125 0.521875 0.03984375 0.03671875
0 0.34453125 0.8859375 0.040625 0.03984375
0 0.228125 0.6578125 0.03828125 0.0375
0 0.07421875 0.62578125 0.0390625 0.0390625
0 0.23203125 0.54296875 0.0375 0.03671875
0 0.66484375 0.69453125 0.03828125 0.03828125
0 0.32421875 0.82890625 0.03828125 0.03828125
0 0.1296875 0.54609375 0.03828125 0.03671875
0 0.3125 0.48125 0.0375 0.0359375
0 0.35625 0.81171875 0.03828125 0.0375
0 0.41171875 0.6453125 0.0375 0.03671875
0 0.50390625 0.87578125 0.03828125 0.0390625
0 0.49609375 0.94296875 0.03828125 0.03984375
0 0.23515625 0.471875 0.03828125 0.03671875
0 0.13046875 0.440625 0.03828125 0.03671875
0 0.77265625 0.8171875 0.0390625 0.0390625
0 0.63203125 0.66328125 0.0375 0.0375
0 0.18203125 0.8546875 0.03828125 0.0375
0 0.3484375 0.5671875 0.0390625 0.0375
0 0.2109375 0.746875 0.03828125 0.03671875
0 0.44140625 0.6234375 0.0375 0.03671875
0 0.1890625 0.71953125 0.03828125 0.0375
0 0.36796875 0.496875 0.03671875 0.0359375
0 0.72109375 0.878125 0.03828125 0.03828125
0 0.60078125 0.93203125 0.0390625 0.03984375
0 0.19375 0.35625 0.03984375 0.0359375
0 0.590625 0.896875 0.03671875 0.03828125
0 0.28046875 0.921875 0.0390625 0.03828125
0 0.2359375 0.5078125 0.03828125 0.0375
0 0.6953125 0.93359375 0.0375 0.03828125
0 0.05625 0.4859375 0.03828125 0.03828125
0 0.19921875 0.521875 0.03828125 0.0359375
0 0.11640625 0.72890625 0.03828125 0.0375
0 0.09296875 0.4890625 0.03984375 0.0375
0 0.1296875 0.39375 0.03828125 0.0359375
0 0.5328125 0.6 0.0359375 0.0359375
0 0.328125 0.5140625 0.03828125 0.03671875
0 0.2828125 0.671875 0.03828125 0.03828125
0 0.109375 0.6296875 0.0390625 0.0359375
0 0.80078125 0.8671875 0.0390625 0.0390625
0 0.25078125 0.6859375 0.03828125 0.03671875
0 0.86796875 0.79765625 0.0390625 0.0390625
0 0.2 0.41640625 0.03828125 0.03515625
0 0.025 0.5046875 0.0390625 0.03828125
0 0.1640625 0.4515625 0.0390625 0.03671875
0 0.19921875 0.5578125 0.0390625 0.0375
0 0.16328125 0.559375 0.03828125 0.0375
0 0.73046875 0.771875 0.03828125 0.03828125
0 0.36015625 0.5328125 0.03828125 0.0359375
0 0.12109375 0.3296875 0.0390625 0.03671875
0 0.3640625 0.95546875 0.03984375 0.040625
0 0.13671875 0.58359375 0.03828125 0.03671875
0 0.6265625 0.9578125 0.03828125 0.03984375
0 0.66953125 0.9078125 0.0375 0.0390625
0 0.04921875 0.653125 0.0390625 0.0375
0 0.44296875 0.5859375 0.0375 0.03671875
0 0.16171875 0.41953125 0.03828125 0.0359375
0 0.696875 0.753125 0.03828125 0.03828125
0 0.12578125 0.7953125 0.03828125 0.03671875
0 0.696875 0.83984375 0.03671875 0.0375
0 0.54453125 0.63515625 0.03671875 0.03671875
0 0.76640625 0.85234375 0.03828125 0.0390625
0 0.80546875 0.78125 0.03828125 0.03828125
0 0.76953125 0.78046875 0.03828125 0.0375
0 0.77109375 0.78203125 0.03828125 0.0375
0 0.128125 0.4765625 0.0390625 0.03984375
0 0.1296875 0.51171875 0.034375 0.0375
0 0.06015625 0.55625 0.0390625 0.03515625
0 0.18671875 0.625 0.0359375 0.03359375
0 0.221875 0.62265625 0.0375 0.03671875
0 0.3140625 0.58203125 0.03828125 0.034375
0 0.37890625 0.6265625 0.0375 0.0328125
0 0.375 0.6625 0.03515625 0.03828125
0 0.40546875 0.6796875 0.03515625 0.0359375
0 0.43828125 0.696875 0.0328125 0.03515625
0 0.39140625 0.7125 0.03515625 0.0359375
0 0.2984375 0.7390625 0.0375 0.0375
0 0.29609375 0.7765625 0.0359375 0.0390625
0 0.328125 0.79375 0.03515625 0.0390625
0 0.22421875 0.8078125 0.0375 0.0375
0 0.28359375 0.84765625 0.03828125 0.03828125
0 0.36015625 0.84921875 0.040625 0.0390625
0 0.425 0.83671875 0.03828125 0.03828125
0 0.39140625 0.79296875 0.03515625 0.0359375
0 0.43203125 0.76328125 0.03515625 0.0359375
0 0.4578125 0.734375 0.040625 0.0375
0 0.49375 0.73515625 0.03203125 0.040625
0 0.50859375 0.70078125 0.0375 0.03515625
0 0.55078125 0.75625 0.03671875 0.0359375
0 0.571875 0.7890625 0.03671875 0.040625
0 0.596875 0.8140625 0.034375 0.034375
0 0.5359375 0.790625 0.04453125 0.040625
0 0.49375 0.840625 0.03828125 0.0375
0 0.46875 0.8765625 0.03828125 0.0390625
0 0.4859375 0.90859375 0.04140625 0.03515625
0 0.5375 0.86171875 0.03828125 0.0390625
0 0.58515625 0.69609375 0.03828125 0.03671875
0 0.58671875 0.75 0.03515625 0.0359375
0 0.63828125 0.79921875 0.040625 0.03828125
0 0.6578125 0.85234375 0.03671875 0.0390625