0 0.4265625 0.9109375 0.03828125 0.0375
0 0.16484375 0.33359375 0.03828125 0.0375
0 0.278125 0.58046875 0.0390625 0.0375
0 0.0265625 0.471875 0.03984375 0.0390625
0 0.675 0.87421875 0.03828125 0.0390625
0 0.22265625 0.71328125 0.0390625 0.0375
0 0.259375 0.6125 0.0390625 0.0375
0 0.2046875 0.56328125 0.03828125 0.03671875
0 0.41484375 0.69140625 0.0375 0.0375
0 0.1328125 0.7578125 0.03984375 0.03828125
0 0.46953125 0.9109375 0.03828125 0.03828125
0 0.15078125 0.39453125 0.0390625 0.03671875
0 0.1609375 0.55 0.0375 0.03671875
0 0.2421875 0.66171875 0.03828125 0.0375
0 0.16015625 0.478125 0.0390625 0.03671875
0 0.146875 0.63515625 0.0390625 0.0375
0 0.17421875 0.44609375 0.03984375 0.0375
0 0.059375 0.52265625 0.03984375 0.03828125
0 0.365625 0.81484375 0.0390625 0.03984375
0 0.17265625 0.5828125 0.03828125 0.0375
0 0.71171875 0.85859375 0.0375 0.03828125
0 0.53984375 0.6953125 0.03828125 0.03828125
0 0.3 0.7828125 0.03828125 0.03828125
0 0.48359375 0.8765625 0.03984375 0.040625
0 0.2734375 0.54609375 0.03828125 0.0359375
0 0.2609375 0.91484375 0.03984375 0.040625
0 0.359375 0.92734375 0.03984375 0.0390625
0 0.16484375 0.840625 0.0390625 0.03828125
0 0.39140625 0.9109375 0.0390625 0.03828125
0 0.09453125 0.3140625 0.040625 0.0390625
0 0.23046875 0.8953125 0.0390625 0.03828125
0 0.43984375 0.625 0.03828125 0.0375
0 0.6046875 0.90703125 0.0375 0.03828125
0 0.0703125 0.41796875 0.03984375 0.03828125
0 0.621875 0.96171875 0.03828125 0.03828125
0 0.33515625 0.725 0.03984375 0.03828125
0 0.55546875 0.94140625 0.03828125 0.0390625
0 0.140625 0.6953125 0.03828125 0.0375
0 0.37734375 0.54140625 0.03828125 0.0359375
0 0.1578125 0.80546875 0.040625 0.03984375
0 0.259375 0.5125 0.040625 0.0375
0 0.684375 0.8015625 0.03828125 0.0390625
0 0.56328125 0.75859375 0.0375 0.03828125
0 0.57578125 0.86953125 0.03828125 0.03828125
0 0.2359375 0.32890625 0.0390625 0.0375
0 0.5359375 0.9765625 0.0375 0.0390625
0 0.5265625 0.81875 0.0375 0.03828125
0 0.66484375 0.95 0.03984375 0.040625
0 0.32578125 0.94609375 0.040625 0.0390625
0 0.42578125 0.9734375 0.03828125 0.0390625
0 0.19453125 0.79921875 0.0390625 0.03828125
0 0.0609375 0.5578125 0.0390625 0.03828125
0 0.08359375 0.38515625 0.0390625 0.03828125
0 0.20546875 0.76640625 0.03984375 0.03984375
0 0.55625 0.79765625 0.0375 0.0390625
0 0.5890625 0.78359375 0.0375 0.0390625
0 0.753125 0.8 0.0390625 0.03984375
0 0.3328125 0.79921875 0.040625 0.04140625
0 0.78515625 0.81640625 0.03984375 0.03984375
0 0.2203125 0.43125 0.0390625 0.03671875
0 0.42578125 0.853125 0.0390625 0.03828125
0 0.22421875 0.396875 0.03828125 0.03515625
0 0.590625 0.9421875 0.03984375 0.03984375
0 0.33125 0.55546875 0.0390625 0.03671875
0 0.0671875 0.5921875 0.0390625 0.03671875
0 0.23046875 0.3609375 0.03828125 0.0359375
0 0.77734375 0.8890625 0.0390625 0.0390625
0 0.33046875 0.8359375 0.0390625 0.03984375
0 0.22421875 0.51328125 0.0390625 0.03828125
0 0.3625 0.50703125 0.0390625 0.03671875
0 0.2703125 0.72734375 0.03828125 0.0375
0 0.128125 0.3265625 0.03828125 0.0375
0 0.50390625 0.6609375 0.03671875 0.0375
0 0.0703125 0.340625 0.0390625 0.0375
0 0.85625 0.8171875 0.0390625 0.0390625
0 0.19921875 0.34296875 0.0390625 0.03671875
0 0.30546875 0.49453125 0.03828125 0.03671875
0 0.5046875 0.90390625 0.03984375 0.0390625
0 0.2890625 0.44453125 0.0390625 0.0359375
0 0.20625 0.46328125 0.0375 0.03671875
0 0.2984375 0.81953125 0.0390625 0.0390625
0 0.603125 0.69765625 0.0375 0.0390625
0 0.1921875 0.4953125 0.040625 0.0375
0 0.29375 0.93125 0.040625 0.03984375
0 0.49765625 0.97890625 0.0359375 0.03984375
0 0.0984375 0.51484375 0.03984375 0.03828125
0 0.13046875 0.53125 0.034375 0.03515625
0 0.18125 0.61796875 0.03671875 0.03828125
0 0.12421875 0.66484375 0.0390625 0.0359375
0 0.10234375 0.69375 0.03828125 0.03671875
0 0.18203125 0.69921875 0.0390625 0.03671875
0 0.215625 0.68046875 0.04375 0.040625
0 0.25625 0.69609375 0.040625 0.03828125
0 0.19453125 0.73359375 0.0421875 0.0375
0 0.12578125 0.79453125 0.03984375 0.0359375
0 0.234375 0.8203125 0.0359375 0.0375
0 0.2375 0.784375 0.03671875 0.03828125
0 0.26953125 0.803125 0.03359375 0.03984375
0 0.23515625 0.8578125 0.03671875 0.03984375
0 0.2640625 0.87734375 0.0328125 0.0375
0 0.328125 0.87421875 0.03984375 0.0375
0 0.39453125 0.83671875 0.0359375 0.03828125
0 0.365625 0.78203125 0.0390625 0.03984375
0 0.396875 0.76328125 0.0375 0.0375
0 0.415625 0.73203125 0.03828125 0.0375
0 0.446875 0.7125 0.0359375 0.0375
0 0.4515625 0.67578125 0.03828125 0.03671875
0 0.48359375 0.69140625 0.03671875 0.0375
0 0.42109375 0.65703125 0.0359375 0.0359375
0 0.38515625 0.67578125 0.0359375 0.0359375
0 0.390625 0.6390625 0.0390625 0.03828125
0 0.24296875 0.58203125 0.0390625 0.0359375
0 0.275 0.6453125 0.0359375 0.0328125
0 0.29609375 0.6109375 0.0359375 0.03515625
0 0.3234375 0.67734375 0.0359375 0.0359375
0 0.3546875 0.6953125 0.0359375 0.03515625
0 0.30234375 0.7109375 0.03671875 0.03671875
0 0.4703125 0.77578125 0.03671875 0.0390625
0 0.50234375 0.79375 0.0359375 0.0359375
0 0.4609375 0.846875 0.0359375 0.03515625
0 0.51640625 0.85859375 0.0359375 0.03828125
0 0.715625 0.82109375 0.03515625 0.03671875
0 0.64296875 0.89296875 0.03828125 0.0390625