0 0.75859375 0.590625 0.0390625 0.03828125
0 0.8015625 0.86875 0.0390625 0.03828125
0 0.7 0.8625 0.03828125 0.03828125
0 0.746875 0.62421875 0.03828125 0.03828125
0 0.28359375 0.815625 0.0375 0.0390625
0 0.90625 0.51171875 0.03984375 0.03828125
0 0.61171875 0.63046875 0.03828125 0.03671875
0 0.83828125 0.66484375 0.03984375 0.03828125
0 0.80078125 0.66484375 0.03828125 0.03828125
0 0.68828125 0.565625 0.03828125 0.0375
0 0.375 0.68828125 0.0375 0.03671875
0 0.50390625 0.81484375 0.03828125 0.03828125
0 0.70703125 0.7734375 0.03984375 0.03828125
0 0.85546875 0.815625 0.03828125 0.0375
0 0.60625 0.828125 0.03828125 0.03828125
0 0.48984375 0.97578125 0.0375 0.03828125
0 0.88828125 0.71484375 0.0390625 0.03671875
0 0.3765625 0.96015625 0.03828125 0.0390625
0 0.49140625 0.91015625 0.0375 0.03828125
0 0.9640625 0.60078125 0.0390625 0.0375
0 0.78125 0.6203125 0.03828125 0.0375
0 0.69765625 0.73828125 0.03828125 0.0375
0 0.6171875 0.71796875 0.0375 0.0375
0 0.5890625 0.93671875 0.03671875 0.03671875
0 0.90546875 0.6796875 0.03984375 0.0375
0 0.54765625 0.73125 0.0375 0.0375
0 0.51171875 0.7421875 0.0375 0.03828125
0 0.25078125 0.8328125 0.0390625 0.0390625
0 0.79921875 0.72578125 0.0390625 0.0375
0 0.6984375 0.82578125 0.03828125 0.03828125
0 0.5296875 0.9734375 0.0375 0.0390625
0 0.7296875 0.91875 0.040625 0.040625
0 0.2078125 0.815625 0.0390625 0.0390625
0 0.8515625 0.71328125 0.0390625 0.0375
0 0.2859375 0.85078125 0.03828125 0.0390625
0 0.971875 0.56015625 0.0390625 0.03828125
0 0.8296875 0.8421875 0.03984375 0.0375
0 0.571875 0.8015625 0.03828125 0.03828125
0 0.88203125 0.78125 0.0390625 0.0375
0 0.80859375 0.7703125 0.03828125 0.0375
0 0.90546875 0.5453125 0.04140625 0.03828125
0 0.28828125 0.92578125 0.03828125 0.0390625
0 0.42109375 0.8953125 0.03828125 0.0390625
0 0.7921875 0.58203125 0.0390625 0.03671875
0 0.59921875 0.90078125 0.0390625 0.0390625
0 0.8375 0.528125 0.040625 0.0375
0 0.6875 0.52421875 0.03828125 0.03671875
0 0.940625 0.5390625 0.040625 0.03828125
0 0.41171875 0.96875 0.03828125 0.0390625
0 0.62109375 0.59609375 0.03828125 0.0375
0 0.24453125 0.715625 0.03828125 0.03828125
0 0.265625 0.74453125 0.03828125 0.0375
0 0.67421875 0.7640625 0.0390625 0.03828125
0 0.92421875 0.71171875 0.03984375 0.03671875
0 0.90859375 0.38203125 0.0390625 0.03671875
0 0.58515625 0.5328125 0.0375 0.03671875
0 0.55703125 0.5609375 0.0375 0.0375
0 0.915625 0.44296875 0.0390625 0.03671875
0 0.83125 0.74296875 0.0390625 0.03828125
0 0.509375 0.94609375 0.0375 0.0390625
0 0.93046875 0.4109375 0.03984375 0.03671875
0 0.72578125 0.653125 0.03984375 0.03828125
0 0.83046875 0.49375 0.0390625 0.0375
0 0.5140625 0.63515625 0.0375 0.0375
0 0.403125 0.92421875 0.0375 0.03828125
0 0.34296875 0.70703125 0.0375 0.0375
0 0.4828125 0.646875 0.0359375 0.0359375
0 0.8734375 0.359375 0.0390625 0.03671875
0 0.3390625 0.9484375 0.0375 0.0390625
0 0.834375 0.459375 0.03984375 0.03671875
0 0.25234375 0.90703125 0.03984375 0.0390625
0 0.79453125 0.8328125 0.03984375 0.03828125
0 0.38515625 0.65390625 0.0359375 0.0375
0 0.8015625 0.44375 0.0390625 0.0359375
0 0.84765625 0.42578125 0.03828125 0.0359375
0 0.903125 0.340625 0.03984375 0.03671875
0 0.703125 0.4640625 0.0375 0.0375
0 0.9390625 0.35078125 0.03984375 0.0375
0 0.95546875 0.3828125 0.03984375 0.0375
0 0.97109375 0.45 0.040625 0.0390625
0 0.7390625 0.46015625 0.03828125 0.0375
0 0.7609375 0.48828125 0.03671875 0.0359375
0 0.64296875 0.50625 0.03828125 0.0375
0 0.97421875 0.4890625 0.0390625 0.03828125
0 0.94140625 0.50390625 0.0390625 0.03828125
0 0.675 0.4890625 0.03828125 0.0375
0 0.965625 0.4171875 0.040625 0.0390625
0 0.8734375 0.528125 0.0375 0.03671875
0 0.8703125 0.56328125 0.03671875 0.034375
0 0.9 0.58125 0.03828125 0.03515625
0 0.92890625 0.61015625 0.03671875 0.03671875
0 0.88359375 0.65 0.0359375 0.0328125
0 0.85390625 0.63046875 0.0375 0.034375
0 0.8703125 0.68515625 0.0375 0.03515625
0 0.75625 0.721875 0.0359375 0.034375
0 0.728125 0.7484375 0.04140625 0.0390625
0 0.8171875 0.80703125 0.03984375 0.03515625
0 0.825 0.59765625 0.03828125 0.034375
0 0.76484375 0.6515625 0.0375 0.0328125
0 0.68984375 0.64296875 0.03359375 0.0375
0 0.6359375 0.65625 0.0359375 0.03515625
0 0.68125 0.70625 0.0359375 0.034375
0 0.653125 0.73046875 0.0359375 0.0296875
0 0.64140625 0.7796875 0.03359375 0.03515625
0 0.60703125 0.79140625 0.03125 0.034375
0 0.57890625 0.7671875 0.034375 0.034375
0 0.5765625 0.69296875 0.034375 0.03671875
0 0.51328125 0.67109375 0.0359375 0.03671875
0 0.47734375 0.68125 0.0375 0.0359375
0 0.47734375 0.75390625 0.0390625 0.0390625
0 0.50859375 0.77890625 0.03828125 0.0359375
0 0.53515625 0.80390625 0.03828125 0.040625
0 0.49765625 0.85078125 0.0359375 0.03515625
0 0.59609375 0.865625 0.03828125 0.03515625
0 0.62421875 0.92578125 0.0375 0.040625
0 0.54375 0.9421875 0.03359375 0.03671875
0 0.45546875 0.9109375 0.0390625 0.03359375
0 0.43984375 0.86171875 0.034375 0.03515625
0 0.4515625 0.85859375 0.04375 0.03046875
0 0.4140625 0.6796875 0.03515625 0.034375
0 0.34453125 0.7796875 0.03515625 0.0390625
0 0.315625 0.83671875 0.0375 0.03671875
0 0.2828125 0.88828125 0.03828125 0.034375
0 0.3859375 0.89296875 0.0421875 0.0375