0 0.22607421875 0.842906234658812 0.041015625 0.041728031418753066
0 0.778076171875 0.33112420225822287 0.03955078125 0.038782523318605794
0 0.8046875 0.6507118311242023 0.04052734375 0.039764359351988215
0 0.60009765625 0.6720667648502701 0.0390625 0.038782523318605794
0 0.75927734375 0.36082474226804123 0.0390625 0.03829160530191458
0 0.479736328125 0.7214040255277369 0.03857421875 0.039273441335297005
0 0.738037109375 0.3333333333333333 0.0390625 0.038782523318605794
0 0.35791015625 0.6399116347569955 0.03857421875 0.038782523318605794
0 0.491455078125 0.8031418753068238 0.0390625 0.04025527736867943
0 0.544921875 0.3387334315169367 0.03759765625 0.037800687285223365
0 0.906494140625 0.5292096219931272 0.03955078125 0.03829160530191458
0 0.670166015625 0.6730486008836525 0.04052734375 0.039764359351988215
0 0.632568359375 0.3789887088856161 0.0400390625 0.03829160530191458
0 0.92138671875 0.62346588119784 0.04052734375 0.039273441335297005
0 0.24560546875 0.8004418262150221 0.04150390625 0.041237113402061855
0 0.684814453125 0.4963181148748159 0.03857421875 0.037309769268532154
0 0.788330078125 0.6831124202258223 0.04052734375 0.04025527736867943
0 0.43408203125 0.7137947962690231 0.0400390625 0.040746195385370644
0 0.1318359375 0.802405498281787 0.04150390625 0.041237113402061855
0 0.736328125 0.6502209131075111 0.03955078125 0.039764359351988215
0 0.938232421875 0.4565537555228277 0.04052734375 0.039273441335297005
0 0.79248046875 0.5694648993618066 0.0400390625 0.039273441335297005
0 0.37548828125 0.8151693667157585 0.04052734375 0.040746195385370644
0 0.612548828125 0.49239077074128623 0.041015625 0.039273441335297005
0 0.656982421875 0.5940108001963672 0.04052734375 0.039764359351988215
0 0.734375 0.41433480608738343 0.03955078125 0.03829160530191458
0 0.448974609375 0.5805105547373589 0.03857421875 0.037800687285223365
0 0.838134765625 0.5557191948944527 0.04150390625 0.040746195385370644
0 0.38232421875 0.9258713794796269 0.0400390625 0.040746195385370644
0 0.672119140625 0.33775159548355427 0.04052734375 0.039764359351988215
0 0.85107421875 0.524300441826215 0.0400390625 0.038782523318605794
0 0.81689453125 0.27933235149729996 0.04052734375 0.04025527736867943
0 0.502685546875 0.45900834560628373 0.0380859375 0.037800687285223365
0 0.529296875 0.49263622974963184 0.03857421875 0.037800687285223365
0 0.54150390625 0.45999018163966615 0.03759765625 0.037800687285223365
0 0.5859375 0.43912616593028964 0.0380859375 0.03829160530191458
0 0.6875 0.46195385370643105 0.0400390625 0.039273441335297005
0 0.611572265625 0.9216985763377515 0.041015625 0.04025527736867943
0 0.583984375 0.4734904270986745 0.03955078125 0.03829160530191458
0 0.690673828125 0.898379970544919 0.041015625 0.041237113402061855
0 0.925048828125 0.5893470790378007 0.0400390625 0.03829160530191458
0 0.859619140625 0.7488954344624448 0.041015625 0.039764359351988215
0 0.649169921875 0.9160530191458026 0.041015625 0.04025527736867943
0 0.578125 0.9347079037800687 0.041015625 0.041728031418753066
0 0.81689453125 0.242513500245459 0.0400390625 0.038782523318605794
0 0.293701171875 0.8203240058910162 0.04296875 0.041728031418753066
0 0.298583984375 0.8654884634266078 0.0400390625 0.040746195385370644
0 0.781982421875 0.5120274914089347 0.03857421875 0.037309769268532154
0 0.8603515625 0.3956799214531173 0.0400390625 0.038782523318605794
0 0.943603515625 0.32793323514973 0.04052734375 0.038782523318605794
0 0.907958984375 0.43519882179675995 0.041015625 0.039273441335297005
0 0.85205078125 0.8114874815905744 0.04248046875 0.040746195385370644
0 0.4306640625 0.9658811978399607 0.0390625 0.040746195385370644
0 0.712158203125 0.28448699067255767 0.041015625 0.04025527736867943
0 0.794189453125 0.3750613647520864 0.0390625 0.03829160530191458
0 0.921630859375 0.7093765341188022 0.041015625 0.039764359351988215
0 0.65478515625 0.8475699558173785 0.0400390625 0.039273441335297005
0 0.963134765625 0.3964162984781541 0.0400390625 0.039273441335297005
0 0.17724609375 0.7037309769268533 0.041015625 0.04025527736867943
0 0.491943359375 0.9405989199803633 0.0390625 0.038782523318605794
0 0.68994140625 0.4253804614629357 0.03857421875 0.039273441335297005
0 0.7578125 0.8924889543446245 0.04248046875 0.041728031418753066
0 0.71826171875 0.44648993618065785 0.03955078125 0.03829160530191458
0 0.716064453125 0.8090328915071183 0.03955078125 0.039764359351988215
0 0.848388671875 0.4894452626411389 0.0390625 0.038782523318605794
0 0.97119140625 0.4690721649484536 0.04052734375 0.04025527736867943
0 0.703857421875 0.31934216985763375 0.0400390625 0.03829160530191458
0 0.724853515625 0.913352970054001 0.04248046875 0.042709867452135494
0 0.468017578125 0.970054000981836 0.03857421875 0.039764359351988215
0 0.819091796875 0.8446244477172312 0.04248046875 0.041728031418753066
0 0.841064453125 0.33014236622484044 0.0400390625 0.039764359351988215
0 0.837158203125 0.18065783014236622 0.03857421875 0.03829160530191458
0 0.59130859375 0.5908198330878743 0.0390625 0.039273441335297005
0 0.6806640625 0.9315169366715759 0.0419921875 0.041728031418753066
0 0.8759765625 0.3235149729995091 0.0419921875 0.04025527736867943
0 0.636474609375 0.9494354442808051 0.04052734375 0.041237113402061855
0 0.591064453125 0.3593519882179676 0.03955078125 0.038782523318605794
0 0.582763671875 0.897152675503191 0.04052734375 0.040746195385370644
0 0.29736328125 0.6718213058419243 0.03955078125 0.038782523318605794
0 0.6787109375 0.27172312223858613 0.04052734375 0.038782523318605794
0 0.7177734375 0.48159057437407954 0.03955078125 0.038782523318605794
0 0.417236328125 0.9310260186548847 0.04052734375 0.04025527736867943
0 0.674072265625 0.37358861070201277 0.0400390625 0.03829160530191458
0 0.168212890625 0.7383406971035837 0.04150390625 0.04025527736867943
0 0.89208984375 0.6023564064801178 0.0400390625 0.039764359351988215
0 0.8017578125 0.19194894452626413 0.0380859375 0.037309769268532154
0 0.7509765625 0.23097692685321553 0.0390625 0.037800687285223365
0 0.8818359375 0.2609229258713795 0.0400390625 0.039764359351988215
0 0.873046875 0.42881688757977415 0.03955078125 0.039273441335297005
0 0.559814453125 0.9673539518900344 0.0400390625 0.04025527736867943
0 0.435302734375 0.5481099656357389 0.03857421875 0.037800687285223365
0 0.92822265625 0.2970054000981836 0.0419921875 0.039273441335297005
0 0.5498046875 0.9111438389788905 0.03857421875 0.03829160530191458
0 0.8818359375 0.36917034855179187 0.041015625 0.039273441335297005
0 0.247802734375 0.6948944526264114 0.0400390625 0.039273441335297005
0 0.2255859375 0.6563573883161512 0.0400390625 0.039273441335297005
0 0.589111328125 0.3237604320078547 0.03857421875 0.037309769268532154
0 0.71142578125 0.2508591065292096 0.0390625 0.037800687285223365
0 0.35986328125 0.5586647029945999 0.0390625 0.03829160530191458
0 0.933837890625 0.6759941089837997 0.0390625 0.03829160530191458
0 0.215087890625 0.8792341678939617 0.04052734375 0.04025527736867943
0 0.143798828125 0.7673048600883653 0.04150390625 0.04221894943544428
0 0.106689453125 0.770004909180167 0.0419921875 0.04221894943544428
0 0.67919921875 0.20618556701030927 0.0390625 0.03829160530191458
0 0.809814453125 0.3124693176239568 0.0400390625 0.039273441335297005
0 0.82275390625 0.14923907707412862 0.03955078125 0.03829160530191458
0 0.212158203125 0.6917034855179185 0.04052734375 0.04025527736867943
0 0.954833984375 0.3632793323514973 0.0390625 0.037800687285223365
0 0.84912109375 0.29921453117329405 0.041015625 0.039273441335297005
0 0.788330078125 0.15905743740795286 0.03857421875 0.038782523318605794
0 0.75244140625 0.16323024054982818 0.0390625 0.03829160530191458
0 0.890625 0.2960235640648012 0.0400390625 0.039273441335297005
0 0.838134765625 0.36720667648502703 0.0439453125 0.043200785468826705
0 0.896240234375 0.4020618556701031 0.0390625 0.03485517918507609
0 0.652099609375 0.4383897889052528 0.04052734375 0.03632793323514973
0 0.61962890625 0.4268532155130093 0.03955078125 0.035346097201767304
0 0.62158203125 0.45999018163966615 0.0458984375 0.037309769268532154
0 0.651123046875 0.4734904270986745 0.04345703125 0.042709867452135494
0 0.8095703125 0.5382916053019146 0.044921875 0.03829160530191458
0 0.86083984375 0.585419734904271 0.0400390625 0.04025527736867943
0 0.860595703125 0.6210112911143839 0.04248046875 0.041237113402061855
0 0.823974609375 0.6190476190476191 0.0361328125 0.039273441335297005
0 0.758056640625 0.6185567010309279 0.03515625 0.033873343151693665
0 0.718994140625 0.6161021109474718 0.04052734375 0.036818851251840944
0 0.6904296875 0.5787923416789397 0.03515625 0.035837015218458515
0 0.667236328125 0.5598919980363279 0.04150390625 0.03436426116838488
0 0.62353515625 0.6062837506136475 0.04248046875 0.035346097201767304
0 0.70947265625 0.6755031909671085 0.0390625 0.03632793323514973
0 0.68603515625 0.7047128129602357 0.0341796875 0.03829160530191458
0 0.655517578125 0.7037309769268533 0.04296875 0.040746195385370644
0 0.638916015625 0.6686303387334315 0.03515625 0.035837015218458515
0 0.65185546875 0.6413843888070693 0.0380859375 0.037800687285223365
0 0.61669921875 0.6404025527736867 0.0390625 0.03485517918507609
0 0.584228515625 0.6254295532646048 0.03662109375 0.035346097201767304
0 0.54296875 0.6337751595483554 0.033203125 0.031909671084928815
0 0.6298828125 0.5346097201767305 0.037109375 0.03485517918507609
0 0.593994140625 0.5562101129111439 0.0380859375 0.035346097201767304
0 0.562744140625 0.5699558173784978 0.03564453125 0.035837015218458515
0 0.52685546875 0.56480117820324 0.0390625 0.035346097201767304
0 0.53125 0.5284732449680903 0.03857421875 0.037800687285223365
0 0.497802734375 0.5451644575355915 0.03759765625 0.035837015218458515
0 0.490966796875 0.5787923416789397 0.04150390625 0.039273441335297005
0 0.515625 0.5996563573883161 0.0458984375 0.03829160530191458
0 0.473388671875 0.6057928325969563 0.04443359375 0.039273441335297005
0 0.499755859375 0.6276386843397153 0.0439453125 0.035346097201767304
0 0.481201171875 0.6615120274914089 0.04150390625 0.036818851251840944
0 0.5 0.6899852724594993 0.037109375 0.03436426116838488
0 0.460205078125 0.6892488954344624 0.0361328125 0.03485517918507609
0 0.435546875 0.6661757486499754 0.03955078125 0.039764359351988215
0 0.4150390625 0.636475208640157 0.03955078125 0.03436426116838488
0 0.419921875 0.6011291114383898 0.0341796875 0.038782523318605794
0 0.890380859375 0.689494354442808 0.037109375 0.037800687285223365
0 0.85595703125 0.7140402552773687 0.04150390625 0.03829160530191458
0 0.82568359375 0.742513500245459 0.0390625 0.03289150711831124
0 0.80712890625 0.7719685812469318 0.0478515625 0.040746195385370644
0 0.813232421875 0.8085419734904271 0.0380859375 0.039764359351988215
0 0.7841796875 0.8313696612665685 0.0361328125 0.043200785468826705
0 0.78564453125 0.8726067746686303 0.03759765625 0.039273441335297005
0 0.752685546875 0.8537064310260186 0.04052734375 0.037800687285223365
0 0.7490234375 0.819833087874325 0.0390625 0.03436426116838488
0 0.714599609375 0.7734413352970054 0.037109375 0.038782523318605794
0 0.741943359375 0.742513500245459 0.0390625 0.039273441335297005
0 0.76513671875 0.7118311242022582 0.0380859375 0.03632793323514973
0 0.728759765625 0.7108492881688758 0.03955078125 0.03829160530191458
0 0.70703125 0.7363770250368189 0.0341796875 0.039273441335297005
0 0.596923828125 0.7334315169366715 0.03564453125 0.039764359351988215
0 0.576171875 0.7663230240549829 0.0361328125 0.037800687285223365
0 0.6220703125 0.8230240549828178 0.03759765625 0.036818851251840944
0 0.55322265625 0.836033382425135 0.03759765625 0.03485517918507609
0 0.58056640625 0.8598429062346589 0.0400390625 0.039764359351988215
0 0.525390625 0.8159057437407953 0.04296875 0.037309769268532154
0 0.51806640625 0.7815414825724104 0.0400390625 0.041237113402061855
0 0.507080078125 0.7437407952871871 0.0390625 0.04025527736867943
0 0.543701171875 0.6865488463426608 0.0390625 0.037309769268532154
0 0.451416015625 0.7454590083456063 0.041015625 0.04025527736867943
0 0.42333984375 0.7697594501718213 0.04052734375 0.043691703485517916
0 0.45556640625 0.7889052528227786 0.04052734375 0.038782523318605794
0 0.396484375 0.781786941580756 0.041015625 0.04221894943544428
0 0.40869140625 0.7363770250368189 0.04443359375 0.039273441335297005
0 0.40673828125 0.6917034855179185 0.04052734375 0.039273441335297005
0 0.3623046875 0.6033382425135002 0.0400390625 0.037800687285223365
0 0.348388671875 0.7258222876779578 0.041015625 0.04025527736867943
0 0.33349609375 0.7533136966126657 0.03857421875 0.039764359351988215
0 0.294189453125 0.7474226804123711 0.03857421875 0.03632793323514973
0 0.310302734375 0.7862052037309769 0.03662109375 0.037309769268532154
0 0.339111328125 0.8097692685321551 0.04052734375 0.04025527736867943
0 0.355224609375 0.7812960235640648 0.03857421875 0.03829160530191458
0 0.47998046875 0.8382425135002455 0.0380859375 0.04025527736867943
0 0.4677734375 0.8681885125184094 0.04150390625 0.04221894943544428
0 0.408935546875 0.8325969563082966 0.0380859375 0.03485517918507609
0 0.369873046875 0.8919980363279333 0.044921875 0.03829160530191458
0 0.33203125 0.8762886597938144 0.041015625 0.037800687285223365
0 0.257080078125 0.8330878743249878 0.03515625 0.045164457535591555
0 0.16748046875 0.792341678939617 0.0380859375 0.042709867452135494