0 0.11028920018075011 0.4604731978573503 0.03875734297333938 0.038020025405226324
0 0.2451152281970177 0.36961089548319576 0.03790329868956166 0.03888465674644234
0 0.3813465883416177 0.8557474917210325 0.03823768639855396 0.04167808107960148
0 0.31543154089471304 0.3613968977416443 0.037383642114776294 0.03849984829238468
0 0.5258788974243109 0.8444550263470199 0.03747401717126064 0.04068042953204466
0 0.3835427022141889 0.5354205826871455 0.03698599186624496 0.03756870684799826
0 0.2646497966561229 0.4892198145919529 0.03634432896520556 0.038599613447140343
0 0.2988296430185269 0.795175790619366 0.03811568007230004 0.040295621077986885
0 0.3432625395390872 0.38500798436715655 0.03607320379575241 0.038438088910869236
0 0.2233890646181654 0.3993836680952854 0.036439222774514224 0.03773023138426937
0 0.4162584726615454 0.8993828701225075 0.03698599186624496 0.039397734685185724
0 0.2924807953004971 0.5451738142449275 0.03661997288748309 0.03673733055836762
0 0.7470718481699051 0.8619091777076098 0.03811568007230015 0.04013884726337085
0 0.3510754631721645 0.5456868921836712 0.03683687302304561 0.039464244788356244
0 0.08880704925440579 0.6098548895781972 0.03661997288748306 0.037858500868955335
0 0.25146407591504744 0.5913745823401201 0.03781292363307731 0.03837157880769872
0 0.19091730682331678 0.7941496347418792 0.038025305015815636 0.038210054271427735
0 0.3020018075011297 0.6678659517078009 0.037596023497514675 0.039849053242414015
0 0.3161635788522368 0.8285401088026604 0.038757342973339326 0.040362131181157404
0 0.7348621780388613 0.7705337973947117 0.03661997288748298 0.03962576932462747
0 0.4509263443289652 0.4186335922414777 0.03600994125621326 0.037506947466482816
0 0.43456845910528696 0.48896327562258113 0.0354902846814279 0.03756870684799826
0 0.4506823316764573 0.9029791664153671 0.0368956168097605 0.04042389056267297
0 0.34643470402169 0.4286433627686315 0.0365612291007682 0.03888465674644234
0 0.3857433348395843 0.4173508973946189 0.035951197469498375 0.03785850086895522
0 0.33666967916854945 0.8809025628844304 0.03790329868956166 0.03952600416987181
0 0.346678716674198 0.34753429195225893 0.03643922277451428 0.03779674148743977
0 0.26294170808856754 0.40117944088088775 0.0365612291007682 0.038020025405226324
0 0.37671034794396746 0.8208439397215075 0.03802530501581558 0.039464244788356244
0 0.24963398102123818 0.6278221188775306 0.03823768639855396 0.038951166849612855
0 0.15624943515589695 0.4137593518234142 0.036985991866244905 0.03814829488991228
0 0.13134658834161772 0.49640765645601737 0.038910980569362874 0.03837157880769872
0 0.179200180750113 0.5456868921836712 0.037202892001807486 0.037312167878626575
0 0.4042973339358337 0.5041085762588252 0.03753727971079979 0.03821005427142762
0 0.5332037957523724 0.5261804290681069 0.036285585178490676 0.037668472002753924
0 0.23278807049254407 0.7869617928778146 0.037202892001807486 0.04042389056267297
0 0.1781021238138274 0.44738020897608033 0.037474017171260754 0.03737867798179697
0 0.041536375960234975 0.48254505066663206 0.038328061455038406 0.03785850086895522
0 0.15149118843199277 0.31519612964645166 0.03796204247627655 0.037668472002753924
0 0.43896520560325347 0.34779083092163077 0.03567555354722096 0.03785850086895522
0 0.832521464075915 0.8080074898096092 0.03698599186624496 0.03962576932462747
0 0.23376412110257572 0.47279181910885 0.03710799819249888 0.03808178478674177
0 0.587889742431089 0.7258722631157497 0.03643922277451428 0.04058541509894396
0 0.2314460009037506 0.5089828166768888 0.036439222774514224 0.03821005427142762
0 0.19812019882512427 0.4774142712791968 0.037596023497514675 0.03849984829238468
0 0.27026208766380483 0.7679684077009941 0.03710799819249888 0.03962576932462747
0 0.3283687302304564 0.6909639603945698 0.03643922277451428 0.03830981942618339
0 0.505860822413014 0.4692002735376453 0.03555354722096693 0.037155394064010416
0 0.1468504292815183 0.5657064332379786 0.037261635788522374 0.038499848292384564
0 0.17737008585630365 0.7361385726122753 0.03683687302304561 0.037668472002753924
0 0.7294938996836873 0.7120144080480194 0.0365612291007682 0.039397734685185724
0 0.21838228648892904 0.5780298052111335 0.03839132399457751 0.039849053242414015
0 0.6171893357433348 0.6211521056738648 0.03555354722096693 0.03708888396084002
0 0.32397650248531407 0.4961511174866455 0.03704925440578399 0.038599613447140343
0 0.4040533212833258 0.7967150244355966 0.03823768639855396 0.040908464171486164
0 0.19067329417080886 0.4142724297621577 0.03790329868956166 0.03924096087056969
0 0.4782693176683236 0.379107588071606 0.036163578852236755 0.038438088910869236
0 0.12793041120650703 0.7705337973947117 0.0365612291007682 0.03814829488991217
0 0.4780253050158156 0.44661059206796505 0.03534116583822866 0.037155394064010416
0 0.21679620424762766 0.5431215024899534 0.038237686398554016 0.038499848292384564
0 0.07574333483958429 0.5390121282583502 0.03628558517849073 0.037312167878626575
0 0.5195300497062811 0.9009221039387381 0.03753727971079979 0.04097022355300173
0 0.37011748757342977 0.7843964031840969 0.03781292363307731 0.03962576932462747
0 0.1616222322638952 0.5143748857553508 0.037812923633077256 0.03814829488991217
0 0.7011703569814731 0.7843964031840969 0.037049254405784104 0.03962576932462747
0 0.494139177586986 0.5048781931669406 0.03549028468142801 0.037506947466482816
0 0.2663578852236783 0.4555942067176318 0.03661997288748309 0.03721715344552587
0 0.34375056484410305 0.917350099421841 0.03882060551287847 0.04007233716020057
0 0.5869136918210573 0.9034922443541107 0.03790329868956177 0.041198258192443236
0 0.40967013104383193 0.3282843678060667 0.035155896972435596 0.036609061073681656
0 0.07434252146407593 0.4296695186461185 0.0375960234975147 0.038020025405226324
0 0.5234387708992317 0.41041959449992627 0.03671486669679158 0.03814829488991228
0 0.31225485765928607 0.24384029038786117 0.03704925440578399 0.03773023138426937
0 0.18835517397198373 0.3010769848876946 0.0365612291007682 0.03679908993988295
0 0.3637686398553999 0.7489750225241735 0.037261635788522374 0.04007233716020057
0 0.6469724356077723 0.9070837899253154 0.03732489832806141 0.03962576932462747
0 0.7968730230456395 0.8100598015645833 0.03753727971079979 0.03997732272709986
0 0.45751920469950297 0.9389136250140341 0.03683687302304561 0.03878964231334164
0 0.818359692724808 0.7392217909663915 0.03781292363307731 0.03962576932462747
0 0.16894713059195662 0.8228962514764817 0.03704925440578399 0.03872788293182631
0 0.19555806597379125 0.3352156707007593 0.037690917306823335 0.03849984829238468
0 0.11816538635336647 0.588296114707659 0.03677361048350655 0.037440437363312415
0 0.5673836421147763 0.42761720689114446 0.03527790329868963 0.037440437363312415
0 0.5449209218255762 0.4907590484081835 0.03521915951197463 0.03773023138426937
0 0.6445323090826932 0.5903484264626331 0.03588793492995923 0.03872788293182631
0 0.22985991866244918 0.3377810603944769 0.03790329868956166 0.03830981942618339
0 0.10302756439222775 0.3698674344525674 0.03738364211477632 0.036190997568038744
0 0.12780840488025305 0.343173129472939 0.03622232263895164 0.0366708204551971
0 0.5268549480343425 0.9373696404761486 0.03753727971079979 0.039849053242414015
0 0.2873520108450068 0.29492004962277224 0.03600994125621326 0.036542550970511144
0 0.17577948486217804 0.38346875055092594 0.037474017171260754 0.037668472002753924
0 0.6000994125621328 0.9584200881295983 0.037202892001807486 0.03962576932462747
0 0.4916990510619069 0.9399397808915212 0.0365612291007682 0.03866137282865579
0 0.6054676909173069 0.5744335089182737 0.03549028468142801 0.03779674148743977
0 0.3623045639403525 0.9481537786330726 0.037474017171260754 0.03888465674644234
0 0.8818346136466335 0.7607805658369298 0.03869408043380029 0.039464244788356244
0 0.8642566651604158 0.7263853410544931 0.03882060551287836 0.03952600416987181
0 0.8081066425666515 0.7751562495650586 0.03774966109353817 0.0396875287061428
0 0.2049570718481699 0.22433382727229706 0.037474017171260754 0.037668472002753924
0 0.14558517849073657 0.4470096526869877 0.03734749209218258 0.036485542310650765
0 0.21366470854044284 0.4431900724763415 0.034704021690013576 0.038566358395555084
0 0.37511522819701765 0.45100500959887024 0.03767736104835062 0.036133988908178365
0 0.40353818346136466 0.46768479332968993 0.035033890646181676 0.036133988908178365
0 0.4165928603705377 0.43537038463215777 0.03602349751468592 0.03821955571473776
0 0.3200858563036602 0.40688030686692694 0.033380027112516975 0.035440383546543594
0 0.4443515589697244 0.38429537611890163 0.033380027112516975 0.03474677818490882
0 0.19615002259376413 0.5119852727628694 0.035363759602349776 0.0399583198404797
0 0.2510122006326254 0.5542049361111445 0.03536375960234972 0.034053172823274046
0 0.18507907817442387 0.5816546058339233 0.035693628558517876 0.038917911798027484
0 0.15021238138273837 0.6018071670945718 0.03999096249435158 0.0333548167399842
0 0.18144148215092634 0.6151804485534889 0.03767736104835068 0.037872753033920424
0 0.21961590600994127 0.6139642638098004 0.04263443289652058 0.03821955571473764
0 0.18078174423859014 0.6539225836502801 0.03635336647085402 0.03752595035310298
0 0.1507049254405784 0.6742509216121648 0.03701762313601448 0.03648554231065088
0 0.21878897424310892 0.7244612987842051 0.03966109353818348 0.03821955571473764
0 0.25282873926796207 0.7156012028975691 0.03767736104835062 0.03578718622736104
0 0.20672390420244013 0.7574693128433719 0.03800723000451878 0.0333548167399842
0 0.2404383190239494 0.7505190070620591 0.034039765024853175 0.038917911798027484
0 0.3052146407591505 0.7604242617128022 0.03668323542702212 0.03926471447884493
0 0.265553547220967 0.8021165949573689 0.03536375960234972 0.042043886647038974
0 0.21763217352010847 0.8220981302384363 0.034704021690013576 0.03613398890817848
0 0.2819159511974695 0.837210175823095 0.036353366470854076 0.03995831984047958
0 0.30504744690465435 0.8634436608021854 0.036353366470854076 0.043782650772780915
0 0.2706778129236331 0.6846740049233065 0.04032083145051968 0.03926471447884493
0 0.29661997288748304 0.7018763680361798 0.032720289200180774 0.03613398890817848
0 0.3252101220063263 0.722722534658463 0.03966109353818348 0.04169708396622153
0 0.35875282422051513 0.7133398593897735 0.03668323542702212 0.04239068932785642
0 0.39031631269769546 0.7242855220829687 0.03239042024401262 0.037872753033920424
0 0.42270673294170813 0.7249791274446036 0.03899683687302302 0.037872753033920424
0 0.3954405784003615 0.758509720885824 0.03866696791685498 0.03821955571473764
0 0.4314640759150475 0.7652890006875557 0.03536375960234972 0.033701619420801646
0 0.4397243560777226 0.7988148434071212 0.033380027112516975 0.04099872788293192
0 0.3379349299593312 0.7701489889406541 0.03602349751468592 0.03509358086572615
0 0.34900587437867153 0.8458992457301497 0.03833709896068682 0.040651925202114476
0 0.3690013556258473 0.8905465278441467 0.03205603253502032 0.03961151715966237
0 0.38734297333935835 0.9209511464363557 0.03436963398102122 0.040651925202114476
0 0.28141888838680523 0.6115366450440788 0.03536375960234972 0.040305122521297025
0 0.30901491188431995 0.6309908502214375 0.03239042024401262 0.03613398890817848
0 0.33380027112516947 0.6544451630323336 0.035693628558517876 0.037179147672285535
0 0.36222322638951654 0.6768590678007778 0.03305015815634882 0.03613398890817848
0 0.3460280162675102 0.6181353974229191 0.03370989606868502 0.03683234499146809
0 0.35049254405784 0.5828707905776118 0.03470402169001352 0.037179147672285535
0 0.4136150022593764 0.5594164777667154 0.03139629462268412 0.03752595035310298
0 0.41411206507004067 0.596595625439001 0.035033890646181676 0.035440383546543594
0 0.44451875282422054 0.5820014085147407 0.03370989606868502 0.03961151715966237
0 0.46633077270673295 0.6058025240064543 0.03370989606868502 0.037179147672285535
0 0.4592272932670583 0.6441978564224283 0.034039765024853175 0.03752595035310298
0 0.4939267962042476 0.6308198242418562 0.03602349751468603 0.038566358395555084
0 0.40618165386353366 0.6311666269226736 0.036353366470854076 0.03648554231065088
0 0.44022141888838684 0.6725121574864229 0.03436963398102122 0.037179147672285535
0 0.4759150474469047 0.6749445269737996 0.04098056936285588 0.03648554231065088
0 0.5059918662449164 0.6653908257255289 0.041644826028016224 0.04099872788293192
0 0.4555896972435608 0.7076057383521491 0.03866696791685498 0.042043886647038974
0 0.49475372797108 0.7387039623059929 0.036353366470854076 0.038917911798027484
0 0.5228468142792589 0.718204598364527 0.03701762313601442 0.03821955571473764
0 0.5563895164934478 0.7079572917546215 0.03536375960234972 0.037179147672285535
0 0.5948938093086309 0.692317916066254 0.03305015815634893 0.033701619420801646
0 0.5154089471305919 0.5554211208548331 0.03139629462268423 0.037872753033920424
0 0.5454857659286038 0.5694927583970397 0.02809308630817897 0.034053172823274046
0 0.5606868504292816 0.6033701545190776 0.03602349751468603 0.03648554231065088
0 0.5773791233619521 0.628734257435297 0.041644826028016224 0.04273749200867386
0 0.46963398102123816 0.4796708640653372 0.031066425666516073 0.036485542310650765
0 0.4579032986895617 0.5128546548257403 0.03933122458201532 0.03613398890817848
0 0.2979439674649797 0.46924778075419565 0.034039765024853175 0.03509358086572627
0 0.3526389516493448 0.5085124952330405 0.04032083145051968 0.038566358395555084
0 0.41047898779936737 0.8302598700417823 0.035693628558517876 0.03578718622736104
0 0.44650248531405334 0.8302598700417823 0.041644826028016224 0.03995831984047958
0 0.4726118391323995 0.8052425698063803 0.03966109353818348 0.03995831984047958
0 0.5002078626299141 0.7764056893603319 0.038007230004518666 0.040651925202114476
0 0.5529191143244464 0.7788380588477088 0.03370989606868502 0.03439997550409149
0 0.5844826028016268 0.799513199490411 0.03734749209218258 0.04099872788293192
0 0.5588703117939449 0.7451316887052521 0.03899683687302313 0.04343109737030852
0 0.6229868956168099 0.7152496494950966 0.03767736104835073 0.040651925202114476
0 0.6292679620424763 0.6808544247126603 0.03833709896068682 0.038566358395555084
0 0.6909037505648441 0.7192497571286341 0.03734749209218258 0.03613398890817848
0 0.6471125169453231 0.7359247901377988 0.03966109353818337 0.0333548167399842
0 0.6122458201536377 0.7534739559314895 0.03866696791685498 0.03509358086572615
0 0.6604970628106643 0.796905053301798 0.03602349751468603 0.037179147672285535
0 0.6900768187980119 0.8168865885828653 0.042304563940352535 0.03961151715966237
0 0.628933574333484 0.8134090603313815 0.03767736104835073 0.035440383546543594
0 0.6581834613646633 0.8323454368483415 0.038007230004518666 0.037179147672285535
0 0.6216629010393132 0.848849443877925 0.03899683687302313 0.034053172823274046
0 0.6504157252598283 0.8667454123524331 0.03833709896068682 0.03926471447884493
0 0.5881201988251242 0.8644888195662926 0.03139629462268423 0.03752595035310298
0 0.6176999548124718 0.8860285915502105 0.03899683687302313 0.040305122521297025
0 0.6152191595119747 0.9219915544788078 0.038007230004518666 0.04273749200867386
0 0.5451558969724356 0.8703939665834982 0.03007681879801183 0.034053172823274046
0 0.5509399005874379 0.9061811528108592 0.035033890646181565 0.040305122521297025
0 0.5007004066877542 0.8679615970961214 0.03899683687302313 0.04169708396622153
0 0.46600090375056485 0.8686552024577562 0.03833709896068682 0.03613398890817848
0 0.5435020334387709 0.9680307980377294 0.03734749209218258 0.03752595035310298
0 0.7536963398102124 0.8257466844695013 0.03470402169001363 0.037872753033920424
0 0.7156891098056937 0.8808170498946398 0.03536375960234972 0.03961151715966237
0 0.6795029371893357 0.8961048721805349 0.042304563940352535 0.04099872788293192