0 0.33886810102899906 0.8217946658473984 0.03994855004677267 0.03948711236879193
0 0.1939710009354537 0.4663730343187973 0.038115060804490175 0.03626588193260972
0 0.22692703461178673 0.4855170184147068 0.038755846585594 0.037954088832740165
0 0.6142563143124415 0.526753470524024 0.036164639850327474 0.03691012801984616
0 0.29614125350795134 0.3969073175256813 0.03918615528531333 0.036971260860240884
0 0.33569223573433116 0.4275913008776365 0.038755846585594056 0.03682078002234618
0 0.3562020579981291 0.4545885037011728 0.03768942937324604 0.036543330977477945
0 0.43676800748362954 0.9003456632284036 0.037811038353601445 0.03758729179037206
0 0.38208138447146867 0.4302905509073717 0.0377502338634238 0.03648219813708323
0 0.16320860617399438 0.7319576056242948 0.039550982226379816 0.03933663153089734
0 0.5493171188026194 0.7908708536600487 0.03845182413470538 0.038170405037213896
0 0.12249766136576237 0.6838507627598501 0.03881665107577176 0.03823153787760839
0 0.5092750233863423 0.4688277529869537 0.03683348924228258 0.03682078002234618
0 0.16162301216089806 0.5463912198692753 0.039644527595883994 0.03724870990510911
0 0.40454162768942936 0.4963187210598318 0.039335827876520124 0.037954088832740165
0 0.11938260056127223 0.29308024190455984 0.0394293732460243 0.038170405037213785
0 0.2846679139382601 0.8355401498838375 0.039335827876520124 0.03918144816681855
0 0.2248550046772685 0.691703981487477 0.03897100093545369 0.03948711236879193
0 0.5449204864359214 0.48306229974655035 0.03662301216089814 0.0364210652966885
0 0.16198783910196446 0.6941587001556335 0.039644527595883994 0.03896513196234482
0 0.266599625818522 0.7967584164426766 0.03918615528531333 0.040164276139317834
0 0.42675865294667914 0.45041736297578067 0.03698783910196446 0.03626588193260972
0 0.394289055191768 0.722632496201011 0.039644527595883994 0.03918144816681855
0 0.26049579045837234 0.4015722235004154 0.038545369504209503 0.03724870990510911
0 0.37377923292797005 0.9180177566286561 0.04107577174929844 0.03970342857326544
0 0.19702057998129094 0.19882280706830097 0.03775023386342374 0.03586616720695205
0 0.1052245088868101 0.3686780528418826 0.03860617399438729 0.038015221673134994
0 0.3154303086997194 0.3132070539729688 0.03738540692235737 0.03752615894997734
0 0.10968194574368569 0.6077544840470014 0.03985500467726846 0.03718757706471439
0 0.27587932647333957 0.3691718180912244 0.03897100093545369 0.036971260860240884
0 0.26318521983161836 0.5022109863686441 0.039064546304957926 0.03767663978787193
0 0.39233395696913 0.5930308745642471 0.03768942937324604 0.03758729179037206
0 0.04724041159962582 0.3598420061417564 0.03942937324602433 0.03746502610958262
0 0.3073713751169317 0.8885611326107792 0.038755846585594056 0.04000909277523904
0 0.1613751169317119 0.21195226017460886 0.037904583723105734 0.03592730004734671
0 0.2260757717492984 0.5208659077413961 0.03881665107577176 0.037093526541030326
0 0.6743171188026194 0.580757281223465 0.03689429373246034 0.03691012801984616
0 0.8559588400374182 0.6303407173097509 0.039490177736202 0.03939776437129206
0 0.31274555659494857 0.4550822689505146 0.03912535079513568 0.037403893269187895
0 0.7475584658559401 0.7619032923653294 0.03955098222637976 0.040592206022080655
0 0.20385874649204866 0.2641126806098405 0.03897100093545369 0.03586616720695205
0 0.7622076707202993 0.8183618217329268 0.03970533208606164 0.039858611937344454
0 0.35717960710944807 0.6008840932918739 0.03918615528531333 0.03902626480273954
0 0.5659167446211413 0.8998518979790617 0.03970533208606164 0.03896513196234482
0 0.465088868101029 0.45630962828459287 0.03628624883068288 0.03669381181537254
0 0.07159494855004676 0.5949918279830617 0.03875584658559403 0.0370323937006356
0 0.8222637979420019 0.6921930442106345 0.04031337698783921 0.03970342857326544
0 0.3718241347053321 0.88119697660631 0.039644527595883994 0.03991974477773895
0 0.8002946679139382 0.8679452578192127 0.039855004677268546 0.0387535182840555
0 0.059541627689429374 0.45385490961643643 0.03881665107577176 0.038537202079582
0 0.08978484565014032 0.5031891118149592 0.039948550046772696 0.03838201871550321
0 0.09515434985968195 0.5365723451966496 0.0409869036482694 0.038170405037213896
0 0.13757249766136576 0.35149502216478773 0.0386950420954163 0.03773777262826666
0 0.47973807296538823 0.9347070220564093 0.03768942937324604 0.03859833491997672
0 0.15112254443405052 0.30952497597073414 0.037965388213283435 0.03758729179037206
0 0.039550982226379795 0.39715184888726013 0.03970533208606174 0.03832088587510849
0 0.19421421889616466 0.5017172211193023 0.038236669784845634 0.03691012801984616
0 0.2897942001870908 0.4320069729646075 0.03955098222637976 0.03810927219681906
0 0.2436529466791394 0.8625420552335581 0.040009354536950426 0.0389039991219501
0 0.2260757717492984 0.45041736297578067 0.037965388213283435 0.036143616251820276
0 0.0786155285313377 0.6288641240879096 0.039948550046772696 0.03927549869050262
0 0.14269878391019644 0.5925371093149053 0.03839101964452757 0.03767663978787193
0 0.5151356407857811 0.9430540060333779 0.03759588400374181 0.038537202079582
0 0.46679607109448085 0.8802141486338104 0.03860617399438726 0.04031475697721243
0 0.1733395696913003 0.247301149501298 0.03775023386342374 0.036632678974977934
0 0.5307623947614593 0.9091817099285299 0.039644527595884105 0.040991920747738324
0 0.2454817586529467 0.3473238814393955 0.038236669784845634 0.03703239370063549
0 0.7402338634237605 0.8782531952149959 0.03955098222637976 0.03970342857326544
0 0.31079045837231056 0.2781073985340426 0.039644527595883994 0.03767663978787193
0 0.06280636108512629 0.5601367039057144 0.04037418147801683 0.03933663153089734
0 0.8876941066417213 0.7182121215878557 0.039429373246024246 0.03896513196234482
0 0.2717305893358279 0.46686209704195486 0.03802619270346119 0.036143616251820276
0 0.17163236669784845 0.33824330337769043 0.03897100093545369 0.037093526541030215
0 0.28564546304957905 0.25183908726905846 0.0377502338634238 0.03663267897497782
0 0.08587464920486436 0.30755932002573527 0.03881665107577176 0.03746502610958262
0 0.5874041159962582 0.9302913499694381 0.03955098222637976 0.04022540897971255
0 0.4084471468662301 0.9253819126331253 0.038391019644527624 0.03682078002234629
0 0.26611318989710014 0.7623970576146711 0.03979420018709079 0.03838201871550321
0 0.2814920486435922 0.9140911472648426 0.040098222637979464 0.03859833491997672
0 0.8159167446211413 0.7290138242329808 0.03869504209541619 0.0387535182840555
0 0.7070299345182414 0.7712331043147974 0.03869504209541619 0.03939776437129206
0 0.8071281571562208 0.8001959630833326 0.03860617399438726 0.038814651124450227
0 0.35204864359214216 0.3070702573025777 0.038755846585594056 0.03675964718195145
0 0.7045884003741816 0.864507711178557 0.040617399438727775 0.040469940341291435
0 0.20019644527595884 0.36082483411425575 0.0394293732460243 0.036632678974977934
0 0.16064546304957905 0.7722159322872969 0.0378110383536015 0.03823153787760839
0 0.28637511693171186 0.33603311607111286 0.03790458372310568 0.03691012801984616
0 0.4665528531337699 0.37899069276385006 0.03698783910196446 0.03703239370063549
0 0.33862488306828814 0.3394706627117686 0.03738540692235737 0.03669381181537254
0 0.37597754911131903 0.631812608005408 0.04037418147801686 0.03902626480273954
0 0.4960944808231993 0.9013237886747189 0.03802619270346108 0.040686256545764944
0 0.7231431244153415 0.5287191264690227 0.03833021515434987 0.03832088587510849
0 0.07305893358278764 0.38291730212766345 0.0390645463049579 0.03902626480273954
0 0.910154349859682 0.6823741695380089 0.04031337698783899 0.03918144816681833
0 0.20886342376052386 0.8654905391510562 0.03854536950420956 0.0387535182840555
0 0.4343264733395697 0.33333386604137766 0.036711880261927066 0.03718757706471439
0 0.7924789522918615 0.6411377174286919 0.03918615528531344 0.03896513196234482
0 0.8261739943872778 0.6553769667144727 0.038910196445276046 0.038814651124450227
0 0.04452291861552853 0.6200280773877834 0.03994855004677268 0.03939776437129206
0 0.5766604303086997 0.9651464740467857 0.0388166510757717 0.040164276139317834
0 0.25683816651075775 0.3146789446686257 0.03768942937324604 0.03669381181537254
0 0.12413470533208605 0.49230276369851855 0.04123012160898035 0.04027713676773878
0 0.12895696913002805 0.5272895585090237 0.03801683816651075 0.03733805790260898
0 0.13012628624883069 0.5591867936165043 0.04269410664172124 0.03527835143392613
0 0.05965388213283443 0.5284651900550755 0.0397708138447147 0.038513689448661036
0 0.057020579981290925 0.4917149479254926 0.040355472404115994 0.03792587367563501
0 0.030121608980355475 0.5422812119842778 0.03918615528531338 0.0343989790374793
0 0.05906922357343312 0.6589979118763125 0.0409401309635173 0.04204058408681675
0 0.09445275958840038 0.7103024725460184 0.034504209541627695 0.030575825249718375
0 0.13261459307764265 0.7507253876254677 0.0371375116931712 0.036162426356557156
0 0.19153414405986904 0.6750241211120924 0.039186155285313384 0.03645398297997796
0 0.19548175865294667 0.7126537356381223 0.041230121608980375 0.03527835143392613
0 0.2390551917680075 0.6218103348115981 0.03947614593077642 0.04057339591734389
0 0.2507483629560337 0.6641424755218358 0.037137511693171144 0.03939776437129206
0 0.2842329279700655 0.6738484895660405 0.04210944808231998 0.03762961452603001
0 0.2953461178671656 0.7039822773544432 0.038601496725912066 0.03792587367563501
0 0.3307296538821328 0.7167684460493039 0.041524789522918604 0.03410271988787408
0 0.32751169317118806 0.7544027631015181 0.0397708138447147 0.03645398297997796
0 0.297245088868101 0.7397026662496848 0.04123012160898032 0.04116121169036991
0 0.36274555659494856 0.7383812563919225 0.04006080449017779 0.038513689448661036
0 0.3652338634237605 0.7036860182048382 0.040355472404115966 0.04086495254076469
0 0.36640318054256316 0.6648807721327564 0.03567352666043033 0.036162426356557156
0 0.3378905519176801 0.6294519398609356 0.03596819457436862 0.03586616720695194
0 0.27897100093545374 0.5658032479576847 0.038601496725912066 0.0343989790374793
0 0.2728297474275023 0.601815193476347 0.034504209541627695 0.037041798753003986
0 0.30470065481758657 0.5871150966245138 0.036258185219831596 0.03586616720695194
0 0.32239476145930773 0.5158200971457412 0.03772217025257252 0.03792587367563501
0 0.3823386342376053 0.5219945140256058 0.04415341440598686 0.04086495254076469
0 0.369621141253508 0.489213203995494 0.043278765201122504 0.03880994859826603
0 0.3931571562207671 0.46275679168314154 0.038891487371375155 0.03527835143392602
0 0.4358512628624883 0.48215941471918244 0.04006080449017779 0.03645398297997796
0 0.48117867165575307 0.4900972789181251 0.032460243217960705 0.03469053566090011
0 0.3371608980355473 0.5710935899149183 0.03567352666043033 0.03204771594537542
0 0.3732740879326473 0.565064951346764 0.03772217025257252 0.03880994859826603
0 0.4222544434050514 0.576383931872152 0.03742750233863423 0.03675024212958296
0 0.4501824134705332 0.5521330043401927 0.040645463049579056 0.03527835143392613
0 0.49126753975678206 0.5446324750763817 0.036258185219831596 0.03557461058353113
0 0.4741580916744621 0.575504559475705 0.03830682881197378 0.036162426356557156
0 0.5001870907390085 0.5971126672921394 0.04239943872778307 0.042924659009447766
0 0.5393685687558466 0.5966706298308238 0.038891487371375044 0.04792344434326053
0 0.5203601496725913 0.566536842042421 0.03947614593077642 0.03586616720695194
0 0.54200187090739 0.5361067951044131 0.03596819457436862 0.036162426356557156
0 0.5564780168381666 0.5668331011920261 0.034504209541627695 0.03410271988787408
0 0.5827923292797007 0.5499275195597996 0.040355472404115966 0.043804031405894596
0 0.6173012160898036 0.568596548511104 0.040355472404115966 0.04116121169036991
0 0.4153835360149673 0.6181329593355478 0.04006080449017768 0.03675024212958318
0 0.4041253507951356 0.6501806752809232 0.04210944808231998 0.038513689448661036
0 0.4311739943872778 0.6742858245011718 0.04473807296538823 0.04204058408681675
0 0.3966697848456502 0.6891364021908997 0.038891487371375155 0.03645398297997796
0 0.4269317118802619 0.7127995139498328 0.038601496725912066 0.03792587367563501
0 0.4336576239476146 0.7458770831295495 0.034504209541627695 0.0311636410227444
0 0.4014920486435921 0.7616070332157243 0.04269410664172124 0.04027713676773889
0 0.42503274087932646 0.7867420356703144 0.03479887745556598 0.03645398297997796
0 0.4674321796071095 0.7354374750006085 0.03655285313376988 0.03028426862629757
0 0.45895229186155284 0.6989834920206306 0.03830682881197378 0.04204058408681675
0 0.49331150608044905 0.7025103866587863 0.03567352666043022 0.03968932099471287
0 0.4762067352666043 0.6654685879057824 0.03655285313376988 0.036162426356557156
0 0.5089569691300281 0.6687039259205172 0.04239943872778307 0.03792587367563501
0 0.49872310570626754 0.6345965035064589 0.04181478016838169 0.03675024212958318
0 0.5364452759588401 0.6356263567408004 0.04708138447146859 0.04351247478247379
0 0.5557436856875585 0.668111407621307 0.04123012160898032 0.0349867948105051
0 0.5672965388213284 0.6162237337047595 0.04094013096351734 0.04057339591734389
0 0.586155285313377 0.6476789313509247 0.03772217025257252 0.03880994859826603
0 0.605308699719364 0.6828115044731402 0.03391955098222632 0.038513689448661036
0 0.5716838166510758 0.6992797511702356 0.03801683816651069 0.03733805790260898
0 0.5474087932647334 0.7251483477095622 0.04210944808231987 0.03792587367563501
0 0.5901028999064547 0.7324983961354787 0.032750233863423794 0.03381116326445328
0 0.5655425631431245 0.7573418419666479 0.04094013096351734 0.03880994859826603
0 0.5899579045837231 0.7815974720247911 0.040645463049578945 0.03557461058353113
0 0.6174462114125351 0.7539607256402026 0.04532740879326469 0.043804031405894596
0 0.5178765201122545 0.7967396063379398 0.03918615528531344 0.03410271988787408
0 0.5741674462114125 0.8130573721971406 0.03830682881197389 0.0349867948105051
0 0.3995930776426567 0.8521588774188276 0.034214218896164605 0.03675024212958296
0 0.46860149672591206 0.8433369382972538 0.03538353601496724 0.04027713676773889
0 0.4975537885874649 0.8646534894902673 0.03830682881197389 0.03822213282524001
0 0.5322029934518241 0.8750883950930242 0.04210944808231987 0.03792587367563501
0 0.5956594948550047 0.8628900421711894 0.03801683816651069 0.03822213282524001
0 0.6251964452759589 0.794976159018862 0.03977081384471459 0.04116121169036991
0 0.6506361085126287 0.7698364540380878 0.03801683816651069 0.04027713676773889
0 0.6472731524789522 0.7326488769733733 0.03596819457436862 0.03762961452603001
0 0.6773900841908326 0.7471984929873119 0.038891487371375044 0.038513689448661036
0 0.6801683816651076 0.7927706742384686 0.036258185219831596 0.03792587367563501
0 0.7038540692235734 0.8177598983813482 0.045032740879326516 0.03733805790260898
0 0.6765154349859682 0.8411314535168605 0.040645463049578945 0.03822213282524001
0 0.6386482694106642 0.8545101405109313 0.04094013096351734 0.03792587367563501
0 0.6667165575304023 0.8749426167813137 0.043278765201122615 0.03880994859826603
0 0.6499064546304958 0.6967780072402371 0.03538353601496724 0.03410271988787408
0 0.6892329279700654 0.6742858245011718 0.040355472404115966 0.036162426356557156
0 0.7566370439663237 0.6442978150244792 0.040645463049578945 0.036162426356557156
0 0.7202291861552853 0.7369093656962655 0.03918615528531344 0.03675024212958296
0 0.7850046772684752 0.7103024725460184 0.038891487371375044 0.03880994859826603
0 0.7771047708138448 0.7845365508899209 0.03830682881197389 0.03792587367563501
0 0.8518194574368569 0.7147134421068052 0.041524789522918715 0.037041798753003986
0 0.7654115996258185 0.8546559188226417 0.04532740879326469 0.03939776437129206