0 0.87890625 0.21993127147766323 0.041015625 0.039764359351988215
0 0.37109375 0.42955326460481097 0.03662109375 0.036818851251840944
0 0.592041015625 0.5709376534118802 0.0380859375 0.036818851251840944
0 0.532470703125 0.37653411880216003 0.037109375 0.037800687285223365
0 0.726806640625 0.16936671575846834 0.04052734375 0.039273441335297005
0 0.77734375 0.5898379970544919 0.0380859375 0.037800687285223365
0 0.7822265625 0.32056946489936183 0.0390625 0.03829160530191458
0 0.656005859375 0.31075110456553756 0.0380859375 0.03829160530191458
0 0.67724609375 0.6170839469808542 0.03857421875 0.037309769268532154
0 0.6474609375 0.052037309769268535 0.0390625 0.04025527736867943
0 0.740234375 0.49091801669121254 0.037109375 0.036818851251840944
0 0.657958984375 0.5594010800196367 0.03759765625 0.037309769268532154
0 0.807373046875 0.4786450662739323 0.0390625 0.037309769268532154
0 0.4609375 0.4418262150220913 0.0361328125 0.036818851251840944
0 0.551025390625 0.24054982817869416 0.037109375 0.036818851251840944
0 0.600830078125 0.37653411880216003 0.03759765625 0.037309769268532154
0 0.8203125 0.20029455081001474 0.0390625 0.038782523318605794
0 0.563232421875 0.10652920962199312 0.037109375 0.03829160530191458
0 0.7734375 0.4742268041237113 0.0390625 0.037309769268532154
0 0.593017578125 0.4801178203240059 0.03662109375 0.03632793323514973
0 0.93115234375 0.5125184094256259 0.03955078125 0.03829160530191458
0 0.6923828125 0.22533136966126657 0.03955078125 0.039273441335297005
0 0.8271484375 0.4177712322042219 0.0390625 0.037800687285223365
0 0.43017578125 0.46146293568973984 0.03662109375 0.036818851251840944
0 0.810302734375 0.7091310751104566 0.0390625 0.03829160530191458
0 0.757080078125 0.23171330387825234 0.0390625 0.039273441335297005
0 0.658447265625 0.2420225822287678 0.03759765625 0.037309769268532154
0 0.63134765625 0.18851251840942562 0.03955078125 0.038782523318605794
0 0.2138671875 0.20618556701030927 0.03955078125 0.039273441335297005
0 0.863525390625 0.25773195876288657 0.0400390625 0.039764359351988215
0 0.7255859375 0.6374570446735395 0.0390625 0.03829160530191458
0 0.786376953125 0.4099165439371625 0.03857421875 0.03829160530191458
0 0.32421875 0.18949435444280804 0.0390625 0.038782523318605794
0 0.529296875 0.6011291114383898 0.03857421875 0.036818851251840944
0 0.49169921875 0.09720176730486009 0.03857421875 0.038782523318605794
0 0.709228515625 0.6048109965635738 0.0390625 0.037800687285223365
0 0.875 0.48748159057437407 0.03955078125 0.03829160530191458
0 0.57470703125 0.07069219440353461 0.03857421875 0.038782523318605794
0 0.808837890625 0.5738831615120275 0.03857421875 0.037800687285223365
0 0.764892578125 0.28816887579774175 0.041015625 0.038782523318605794
0 0.756103515625 0.3475699558173785 0.0390625 0.037309769268532154
0 0.38330078125 0.22434953362788415 0.0380859375 0.03829160530191458
0 0.34130859375 0.23809523809523808 0.03759765625 0.037800687285223365
0 0.30810546875 0.22238586156111928 0.03857421875 0.039273441335297005
0 0.907958984375 0.47766323024054985 0.03955078125 0.037309769268532154
0 0.876220703125 0.5478645066273933 0.03857421875 0.037309769268532154
0 0.713623046875 0.5144820814923907 0.03857421875 0.038782523318605794
0 0.756591796875 0.6980854197349042 0.0380859375 0.03632793323514973
0 0.5400390625 0.3402061855670103 0.037109375 0.036818851251840944
0 0.2705078125 0.24447717231222385 0.03857421875 0.04025527736867943
0 0.886474609375 0.707658321060383 0.03759765625 0.037309769268532154
0 0.722412109375 0.7069219440353461 0.0380859375 0.036818851251840944
0 0.62744140625 0.22336769759450173 0.0400390625 0.041237113402061855
0 0.797119140625 0.5387825233186058 0.03955078125 0.038782523318605794
0 0.763671875 0.5567010309278351 0.03857421875 0.037800687285223365
0 0.61962890625 0.5478645066273933 0.03759765625 0.037309769268532154
0 0.896240234375 0.32204221894943547 0.03955078125 0.038782523318605794
0 0.58251953125 0.44526264113892977 0.03857421875 0.03829160530191458
0 0.42724609375 0.29405989199803634 0.037109375 0.037309769268532154
0 0.72607421875 0.5486008836524301 0.03759765625 0.03632793323514973
0 0.4150390625 0.20618556701030927 0.03759765625 0.038782523318605794
0 0.527587890625 0.09572901325478646 0.0390625 0.040746195385370644
0 0.85302734375 0.6097201767304861 0.0400390625 0.039273441335297005
0 0.676513671875 0.5073637702503682 0.03857421875 0.037800687285223365
0 0.765625 0.6534118802160039 0.0390625 0.03829160530191458
0 0.880126953125 0.6433480608738341 0.0390625 0.037309769268532154
0 0.764892578125 0.15365733922434954 0.0400390625 0.039273441335297005
0 0.692138671875 0.5748649975454099 0.0380859375 0.037800687285223365
0 0.17578125 0.15169366715758467 0.03955078125 0.039273441335297005
0 0.859375 0.3230240549828179 0.03759765625 0.03829160530191458
0 0.7255859375 0.21256750122729504 0.04052734375 0.039273441335297005
0 0.756591796875 0.6195385370643103 0.0380859375 0.03829160530191458
0 0.84326171875 0.6966126656848306 0.03759765625 0.036818851251840944
0 0.838134765625 0.35149729995090817 0.0390625 0.038782523318605794
0 0.55224609375 0.5731467844869906 0.03662109375 0.03485517918507609
0 0.831787109375 0.5449189985272459 0.03955078125 0.037800687285223365
0 0.742919921875 0.0976926853215513 0.04052734375 0.040746195385370644
0 0.733154296875 0.6720667648502701 0.03759765625 0.03632793323514973
0 0.60986328125 0.25773195876288657 0.03857421875 0.037309769268532154
0 0.82421875 0.7422680412371134 0.0380859375 0.037309769268532154
0 0.710693359375 0.08051055473735887 0.041015625 0.041237113402061855
0 0.15234375 0.21747668139420717 0.03955078125 0.039764359351988215
0 0.54052734375 0.06332842415316642 0.03759765625 0.037800687285223365
0 0.73876953125 0.5814923907707413 0.03857421875 0.037309769268532154
0 0.8212890625 0.31909671084928815 0.03857421875 0.038782523318605794
0 0.4775390625 0.22827687776141384 0.03564453125 0.03632793323514973
0 0.509521484375 0.5709376534118802 0.03759765625 0.035837015218458515
0 0.84130859375 0.6440844378988709 0.03955078125 0.03829160530191458
0 0.5673828125 0.32056946489936183 0.03662109375 0.035837015218458515
0 0.9150390625 0.2812960235640648 0.03955078125 0.04025527736867943
0 0.916259765625 0.5459008345606283 0.0390625 0.037800687285223365
0 0.80078125 0.6386843397152675 0.0390625 0.038782523318605794
0 0.4130859375 0.24104074619538537 0.037109375 0.03829160530191458
0 0.81640625 0.6080019636720667 0.03857421875 0.03829160530191458
0 0.19482421875 0.26755031909671084 0.03857421875 0.038782523318605794
0 0.8896484375 0.6094747177221405 0.0390625 0.03829160530191458
0 0.856201171875 0.7280314187530682 0.03857421875 0.037309769268532154
0 0.967041015625 0.5719194894452626 0.0400390625 0.039273441335297005
0 0.74365234375 0.7363770250368189 0.0390625 0.037800687285223365
0 0.7861328125 0.5073637702503682 0.0390625 0.037800687285223365
0 0.236328125 0.14383897889052527 0.0390625 0.038782523318605794
0 0.1787109375 0.18949435444280804 0.03857421875 0.038782523318605794
0 0.263671875 0.3917525773195876 0.03857421875 0.038782523318605794
0 0.952880859375 0.6408934707903781 0.03955078125 0.039273441335297005
0 0.931640625 0.436426116838488 0.03955078125 0.038782523318605794
0 0.9443359375 0.34511536573392243 0.0400390625 0.039764359351988215
0 0.46484375 0.15807560137457044 0.037109375 0.037309769268532154
0 0.788330078125 0.6809032891507119 0.0380859375 0.03829160530191458
0 0.6650390625 0.1330387825233186 0.03759765625 0.037309769268532154
0 0.920166015625 0.39371624938635247 0.0400390625 0.039273441335297005
0 0.931640625 0.5783014236622485 0.0400390625 0.037800687285223365
0 0.925048828125 0.6131566028473245 0.041015625 0.038782523318605794
0 0.384765625 0.31026018654884635 0.03662109375 0.03632793323514973
0 0.9599609375 0.41433480608738343 0.04150390625 0.040746195385370644
0 0.703125 0.11634756995581738 0.0390625 0.039273441335297005
0 0.96728515625 0.45017182130584193 0.03955078125 0.03829160530191458
0 0.961181640625 0.6062837506136475 0.04052734375 0.039273441335297005
0 0.34326171875 0.11929307805596466 0.03759765625 0.037800687285223365
0 0.70263671875 0.738831615120275 0.03857421875 0.037309769268532154
0 0.3291015625 0.4536082474226804 0.037109375 0.037309769268532154
0 0.97021484375 0.5063819342169857 0.0390625 0.037800687285223365
0 0.9541015625 0.3799705449189985 0.03955078125 0.039273441335297005
0 0.2392578125 0.180166912125675 0.03955078125 0.039764359351988215
0 0.384765625 0.18851251840942562 0.03759765625 0.03829160530191458
0 0.8291015625 0.16494845360824742 0.0400390625 0.037800687285223365
0 0.54150390625 0.06529209621993128 0.03515625 0.035346097201767304
0 0.916748046875 0.6470299459990182 0.03515625 0.037309769268532154
0 0.957763671875 0.5407461953853706 0.03955078125 0.036818851251840944
0 0.89599609375 0.5181639666175749 0.0380859375 0.03240058910162003
0 0.8564453125 0.5181639666175749 0.0380859375 0.039273441335297005
0 0.822021484375 0.5144820814923907 0.03955078125 0.039764359351988215
0 0.750732421875 0.5233186057928326 0.04736328125 0.03829160530191458
0 0.686279296875 0.5385370643102602 0.03466796875 0.03829160530191458
0 0.646240234375 0.5247913598429063 0.03955078125 0.035837015218458515
0 0.619140625 0.5027000490918017 0.0390625 0.035837015218458515
0 0.593994140625 0.5252822778595975 0.03857421875 0.03632793323514973
0 0.559326171875 0.538046146293569 0.0361328125 0.037800687285223365
0 0.566650390625 0.5031909671084929 0.04296875 0.038782523318605794
0 0.55810546875 0.46759941089838 0.03955078125 0.035837015218458515
0 0.52392578125 0.4801178203240059 0.03955078125 0.040746195385370644
0 0.51904296875 0.4494354442808051 0.03271484375 0.033382425135002454
0 0.700439453125 0.48232695139911635 0.0341796875 0.043200785468826705
0 0.8779296875 0.4528718703976436 0.037109375 0.03632793323514973
0 0.842529296875 0.45041728031418754 0.04150390625 0.03436426116838488
0 0.801513671875 0.44428080510554735 0.037109375 0.03436426116838488
0 0.898193359375 0.422680412371134 0.0380859375 0.038782523318605794
0 0.862060546875 0.4207167403043692 0.0380859375 0.03632793323514973
0 0.886474609375 0.391507118311242 0.0380859375 0.03485517918507609
0 0.8466796875 0.3873343151693667 0.03955078125 0.040746195385370644
0 0.810302734375 0.3851251840942563 0.0400390625 0.042709867452135494
0 0.749755859375 0.40328915071183113 0.0380859375 0.033873343151693665
0 0.71923828125 0.4253804614629357 0.0361328125 0.037800687285223365
0 0.728515625 0.37309769268532156 0.02978515625 0.03485517918507609
0 0.775390625 0.37653411880216003 0.03857421875 0.03632793323514973
0 0.7998046875 0.3490427098674521 0.04443359375 0.038782523318605794
0 0.875244140625 0.3586156111929308 0.03466796875 0.037309769268532154
0 0.908203125 0.35714285714285715 0.0400390625 0.040746195385370644
0 0.9306640625 0.3132056946489936 0.0390625 0.040746195385370644
0 0.88134765625 0.2911143838978891 0.04443359375 0.043200785468826705
0 0.8408203125 0.28964162984781544 0.04345703125 0.045164457535591555
0 0.798828125 0.2916053019145803 0.037109375 0.046637211585665195
0 0.897705078125 0.25282277859597446 0.03759765625 0.038782523318605794
0 0.842041015625 0.23195876288659795 0.0380859375 0.03632793323514973
0 0.80615234375 0.23195876288659795 0.037109375 0.03632793323514973
0 0.6953125 0.18875797741777123 0.04150390625 0.040746195385370644
0 0.662109375 0.20692194403534608 0.04638671875 0.041237113402061855
0 0.789794921875 0.17574864997545409 0.033203125 0.038782523318605794
0 0.736572265625 0.1323024054982818 0.044921875 0.038782523318605794
0 0.69677734375 0.15144820814923907 0.04296875 0.045164457535591555
0 0.73876953125 0.266813942071674 0.03271484375 0.035837015218458515
0 0.68798828125 0.32130584192439865 0.02880859375 0.033873343151693665
0 0.68310546875 0.2869415807560137 0.03466796875 0.036818851251840944
0 0.660888671875 0.34069710358370153 0.03271484375 0.037800687285223365
0 0.618896484375 0.43053510063819345 0.03955078125 0.040746195385370644
0 0.636962890625 0.39837997054491897 0.0390625 0.037800687285223365
0 0.593994140625 0.34216985763377517 0.03857421875 0.037309769268532154
0 0.5654296875 0.3649975454099165 0.0400390625 0.038782523318605794
0 0.555908203125 0.39985272459499266 0.0400390625 0.03632793323514973
0 0.549072265625 0.4339715267550319 0.037109375 0.036818851251840944
0 0.592041015625 0.41212567501227293 0.03857421875 0.03632793323514973
0 0.65185546875 0.594747177221404 0.03955078125 0.037309769268532154
0 0.4990234375 0.5378006872852233 0.03857421875 0.033873343151693665
0 0.490966796875 0.42317133038782523 0.041015625 0.039273441335297005
0 0.495361328125 0.3870888561610211 0.03759765625 0.03829160530191458
0 0.506591796875 0.35223367697594504 0.04296875 0.04221894943544428
0 0.480712890625 0.32793323514973 0.03955078125 0.039764359351988215
0 0.4970703125 0.29553264604810997 0.04248046875 0.037309769268532154
0 0.59130859375 0.2270495827196858 0.0400390625 0.035346097201767304
0 0.594482421875 0.18875797741777123 0.03662109375 0.037309769268532154
0 0.43359375 0.38291605301914583 0.04052734375 0.039764359351988215
0 0.401611328125 0.4101620029455081 0.04296875 0.037800687285223365
0 0.357177734375 0.33406971035837013 0.0361328125 0.03436426116838488
0 0.371337890625 0.25699558173784975 0.04052734375 0.037309769268532154
0 0.216796875 0.24054982817869416 0.04345703125 0.039764359351988215
0 0.24853515625 0.21600392734413354 0.04052734375 0.039764359351988215