0 0.06524789522918616 0.5542444385969021 0.04046772684752106 0.03810927219681917
0 0.08270346117867165 0.6190499519414683 0.040678203928905504 0.038443151555897934
0 0.8115247895229186 0.8217946658473984 0.039490177736202 0.04007022561563377
0 0.4001449953227315 0.6529222480463163 0.039064546304957926 0.03832088587510849
0 0.42870907390084195 0.5758478438871522 0.037048643592142216 0.03626588193260961
0 0.1921375116931712 0.6985743722426044 0.039064546304957926 0.038659467760371435
0 0.21569691300280638 0.2734424925593086 0.03802619270346119 0.03773777262826666
0 0.2063002806361085 0.37996881821016526 0.03802619270346119 0.036543330977477945
0 0.7475584658559401 0.8311244777968665 0.039429373246024246 0.04037588981760715
0 0.35962114125350797 0.5954855932324035 0.03790458372310568 0.0370323937006356
0 0.3271468662301216 0.5051547677599582 0.03860617399438726 0.0370323937006356
0 0.4155285313376988 0.41727866095566907 0.0377502338634238 0.03810927219681906
0 0.18786716557530403 0.24865077451616563 0.038755846585594 0.03789295599234555
0 0.37011693171188026 0.7486515735782321 0.03802619270346119 0.03789295599234544
0 0.38574368568755846 0.8581263831465871 0.03927502338634237 0.0387535182840555
0 0.09771749298409728 0.5292081891921804 0.0403133769878391 0.03838201871550321
0 0.2983395696913003 0.5773197345828093 0.03897100093545369 0.03789295599234544
0 0.5629887745556595 0.938144568697065 0.03912535079513568 0.03838201871550321
0 0.1110243217960711 0.2940583673508751 0.03738540692235734 0.03844315155589782
0 0.2707530402245089 0.29946156993652967 0.03845182413470538 0.038015221673134994
0 0.38647333956969127 0.38708844285305566 0.03845182413470538 0.037954088832740276
0 0.30444340505144996 0.7820301044337382 0.038755846585594056 0.03912031532642383
0 0.71533208606174 0.8890501953339367 0.039644527595884105 0.04053107318168594
0 0.29297006548175863 0.677958497451038 0.038236669784845634 0.03682078002234629
0 0.8706033676333021 0.8026506817514889 0.0389710009354538 0.03896513196234482
0 0.12817586529466793 0.6681396227784122 0.03994855004677267 0.03902626480273954
0 0.33520579981290927 0.8006850258064901 0.038910196445275935 0.0389039991219501
0 0.3728016838166511 0.816396165787928 0.038391019644527624 0.03838201871550321
0 0.11242750233863424 0.5974465466512182 0.040009354536950426 0.03810927219681917
0 0.48437324602432175 0.9450149594521924 0.03860617399438726 0.038537202079582
0 0.5419925163704397 0.9047613353153746 0.03955098222637976 0.03970342857326544
0 0.7817399438727782 0.845852789805805 0.038755846585593945 0.03954824520918666
0 0.18993919550982225 0.7334294963199518 0.038391019644527624 0.037093526541030326
0 0.18871842843779235 0.48846550233220504 0.039644527595883994 0.03832088587510838
0 0.6010757717492984 0.9337241940839097 0.0389710009354538 0.03896513196234482
0 0.3898924228250702 0.9234162566881265 0.035949485500467726 0.03580503436655744
0 0.16003274087932645 0.6843398254830078 0.039644527595883994 0.03927549869050262
0 0.36401309635173057 0.502210986368644 0.03845182413470538 0.03844315155589782
0 0.19457904583723107 0.5576819852375581 0.03985500467726849 0.03896513196234482
0 0.3435079513564078 0.2781073985340426 0.039335827876520124 0.03810927219681906
0 0.2934565014031805 0.3294072566775642 0.03817586529466788 0.03789295599234555
0 0.2873526660430309 0.7511062922463885 0.03897100093545369 0.03773777262826666
0 0.4453133769878391 0.48404512771904973 0.037202993451824096 0.03682078002234618
0 0.8154303086997194 0.8581263831465871 0.040374181478016746 0.04074738938615967
0 0.19103835360149674 0.8090320097834589 0.03994855004677267 0.03912031532642383
0 0.2565902712815716 0.45753698761867106 0.03768942937324604 0.03752615894997734
0 0.13024789522918617 0.514479877183242 0.03881665107577176 0.03746502610958262
0 0.08880729653882133 0.6543941387419732 0.04037418147801683 0.04031475697721243
0 0.3947754911131899 0.3478176466887373 0.037202993451824096 0.036543330977477945
0 0.18969597754911133 0.18372769801699432 0.037904583723105734 0.03642106529668856
0 0.36059401309635175 0.35567086541636417 0.03768942937324604 0.03682078002234618
0 0.5449204864359214 0.9710340368294136 0.03753507951356405 0.03789295599234544
0 0.8955098222637979 0.7707393390654557 0.04107577174929844 0.04037588981760715
0 0.18164172123479888 0.35615992813952174 0.03881665107577176 0.03648219813708323
0 0.23230121608980359 0.24079755578853876 0.038910196445275935 0.037954088832740276
0 0.23058933582787652 0.3041217733850795 0.038755846585594 0.0382315378776085
0 0.49829279700654816 0.5007343931468028 0.037811038353601445 0.038015221673134994
0 0.29174929840972874 0.39346977088502555 0.03845182413470538 0.036971260860240884
0 0.3850093545369504 0.4374101755502621 0.03649672591206732 0.036359932456293785
0 0.18139850327408794 0.283505898593513 0.03775023386342374 0.036204749092214994
0 0.16113189897100094 0.3259697100369084 0.039644527595883994 0.037954088832740276
0 0.31957904583723107 0.867451492569871 0.037202993451824096 0.036759647181951564
0 0.9331057062675397 0.694647762878791 0.04083255378858741 0.03948711236879193
0 0.09948550046772685 0.5640633132695277 0.03897100093545369 0.03801522167313488
0 0.22399906454630497 0.5783025625553087 0.03677268475210477 0.035193705962610226
0 0.8647474275023386 0.6431033733736905 0.039429373246024246 0.03838201871550321
0 0.3220205799812909 0.657831685382629 0.038545369504209503 0.037798905468661374
0 0.10357811038353601 0.23478302479893715 0.038115060804490175 0.03682078002234618
0 0.17273152478952292 0.21673943183013225 0.0378110383536015 0.03758729179037206
0 0.3374041159962582 0.4396156603306556 0.037202993451824096 0.036204749092214994
0 0.5800795135640786 0.5184111890732396 0.037202993451824096 0.036759647181951564
0 0.7915060804490178 0.6956305908512904 0.03994855004677267 0.03976456141366016
0 0.7109354536950421 0.9253819126331253 0.03860617399438726 0.03902626480273954
0 0.15734798877455566 0.7177230588646982 0.040009354536950426 0.037093526541030326
0 0.41869971936389144 0.4516447223098588 0.035949485500467726 0.03592730004734677
0 0.7006828811973808 0.5773197345828093 0.03811506080449023 0.03746502610958262
0 0.6845696913002806 0.5429536732286194 0.037109448082319973 0.0370323937006356
0 0.04525724976613658 0.6136467493558136 0.03817586529466792 0.037798905468661374
0 0.5063470533208606 0.44182584763723315 0.03622544434050523 0.036543330977477945
0 0.08691300280636108 0.2655845713054975 0.03854536950420953 0.03691012801984616
0 0.25366230121608985 0.21305735382789764 0.03912535079513568 0.03890399912195021
0 0.6499017773620206 0.5326457358328363 0.037202993451824096 0.037309842745503835
0 0.22778297474275025 0.18875940103409652 0.03912535079513563 0.038170405037213785
0 0.839354536950421 0.7211606055053539 0.03918615528531344 0.03918144816681855
0 0.13989242282507014 0.2266805721835473 0.038391019644527624 0.03752615894997734
0 0.8798830682881198 0.7358842149881082 0.03860617399438726 0.039642295732870717
0 0.8037090739008419 0.6607754667739432 0.03817586529466799 0.03810927219681917
0 0.8540037418147801 0.6828679347873507 0.039335827876520124 0.03933663153089734
0 0.22436389148737138 0.446735284973546 0.03738540692235737 0.03586616720695205
0 0.09387277829747427 0.32375952273033076 0.03949017773620206 0.03773777262826666
0 0.22351262862488308 0.47938022174431577 0.03912535079513563 0.03767663978787193
0 0.8925771749298409 0.6966134188237898 0.038755846585593945 0.03902626480273954
0 0.9199204864359214 0.7295028869561384 0.03869504209541619 0.038537202079582
0 0.18641253507951358 0.5972443380252972 0.03927970065481762 0.038800543545897646
0 0.11956501403180544 0.6334443845913279 0.04479420018709074 0.037761285259187614
0 0.2534284377923293 0.6585605769411813 0.038246024321796024 0.036722026972477805
0 0.28943872778297475 0.6130072057947613 0.039971936389148754 0.03707001391010914
0 0.32372310570626756 0.6046931395010823 0.04100561272217029 0.04122704705694882
0 0.2946071094480823 0.5061328932062733 0.0365247895229186 0.03533478174813666
0 0.2634237605238541 0.5307271051496795 0.03617867165575306 0.03603075562339933
0 0.2985687558465856 0.5395631518498057 0.038938260056127216 0.04122704705694882
0 0.3337137511693171 0.5714321718001812 0.034803554724041175 0.035682768685767995
0 0.3671375116931712 0.5454507146324338 0.03411131898970998 0.037761285259187614
0 0.38712347988774554 0.5743806557176794 0.042380729653882176 0.038800543545897646
0 0.408311506080449 0.6024406294588467 0.04065949485500464 0.03533478174813666
0 0.3795416276894294 0.6239170665421232 0.039625818521983214 0.03810927219681917
0 0.359555659494855 0.657695312123287 0.039625818521983214 0.03637404003484647
0 0.4329513564078578 0.6663573653545976 0.03617867165575306 0.03429552346142663
0 0.437600561272217 0.7011701666962871 0.034457436856875634 0.03603075562339933
0 0.4687839101964453 0.6788284647951164 0.038938260056127216 0.039839801832607456
0 0.47137043966323666 0.7122587234386488 0.03583723105706271 0.03603075562339933
0 0.4143451824134705 0.7294041339062699 0.038938260056127216 0.035682768685767995
0 0.4431150608044902 0.739796716773369 0.03583723105706271 0.03707001391010914
0 0.471711880261927 0.7654348895296694 0.0365247895229186 0.03845255660826632
0 0.4370860617399439 0.7747882141100584 0.03617867165575306 0.037761285259187614
0 0.40434985968194576 0.7962646511933349 0.039625818521983214 0.03637404003484647
0 0.43742750233863426 0.8118535254939834 0.03687090739008414 0.039839801832607456
0 0.47343779232927974 0.8018089295645158 0.03583723105706271 0.0349914973366893
0 0.46086061739943873 0.8359304595571267 0.039625818521983214 0.03395223904997949
0 0.4949719363891488 0.836278446494758 0.038938260056127216 0.03741329832155628
0 0.47102432179607107 0.8783707583696011 0.03927970065481756 0.03845255660826632
0 0.5025537885874649 0.8684954533827649 0.038938260056127216 0.04226630534365863
0 0.4682694106641721 0.9104137717887922 0.033769878391019637 0.038800543545897646
0 0.5049625818521982 0.9085092486841881 0.03273620205799821 0.03637404003484647
0 0.5054817586529466 0.7044619350252324 0.0365247895229186 0.039839801832607456
0 0.45189897100093546 0.5461466885076965 0.03687090739008414 0.037761285259187614
0 0.47343779232927974 0.5703929135134713 0.033077642656688444 0.0349914973366893
0 0.5016931711880261 0.5851165229962255 0.038592142188961676 0.03810927219681917
0 0.45189897100093546 0.6024406294588467 0.038246024321796024 0.040879060119317495
0 0.4312254443405052 0.6277308152775156 0.039625818521983214 0.042957576692737115
0 0.4096913002806361 0.5483944960237478 0.03927970065481756 0.03810927219681917
0 0.4631010289990646 0.515660211255478 0.03583723105706271 0.037761285259187614
0 0.4906641721234799 0.5421589463034885 0.03583723105706271 0.036722026972477805
0 0.5301169317118803 0.518603992646792 0.033423760523854096 0.03810927219681917
0 0.5588914873713752 0.5445854498145395 0.037212347988774486 0.03741329832155628
0 0.5874883068288119 0.5528995161082187 0.03790458372310579 0.04157033146839597
0 0.6166043030869972 0.5251875293046828 0.038246024321796135 0.04018778877023879
0 0.5878344246959776 0.5835599868292528 0.04134705332086064 0.037761285259187614
0 0.5519971936389149 0.5802682185003075 0.04134705332086064 0.03810927219681917
0 0.54700187090739 0.6509377819965806 0.04100561272217029 0.03533478174813666
0 0.540799812909261 0.6824635175355089 0.038246024321796135 0.042957576692737115
0 0.5724976613657624 0.6668746432348603 0.03549111318989717 0.040879060119317495
0 0.606267539756782 0.6570040407742086 0.038246024321796135 0.03637404003484647
0 0.595243217960711 0.6239170665421232 0.04100561272217029 0.040879060119317495
0 0.6267680074836296 0.606771656074502 0.043414405986903715 0.04122704705694882
0 0.6464078578110384 0.6400279212492187 0.03170252572497656 0.03429552346142663
0 0.6646725912067353 0.6627176100880209 0.03514499532273163 0.036722026972477805
0 0.5917960710944808 0.7013441601651028 0.03411131898970998 0.037761285259187614
0 0.5607857811038354 0.7132979817253586 0.0396258185219831 0.036722026972477805
0 0.5523433115060805 0.7522678162138877 0.03790458372310579 0.03707001391010914
0 0.5171983161833489 0.7666481412851949 0.0365247895229186 0.03949181489497613
0 0.5421796071094481 0.7940168436772836 0.03549111318989717 0.03741329832155628
0 0.5731898971000936 0.8068312275292496 0.04651543498596822 0.04226630534365863
0 0.5294293732460243 0.8277903867322632 0.038938260056127216 0.039839801832607456
0 0.5597521047708138 0.8426879896838332 0.04444808231992514 0.037761285259187614
0 0.6023058933582788 0.8352391882080482 0.037212347988774486 0.040879060119317495
0 0.6231524789522919 0.8622599036625055 0.04169317118802618 0.03949181489497613
0 0.5905893358278765 0.8703999764873691 0.037212347988774486 0.03637404003484647
0 0.5805986903648269 0.9040042285997173 0.03514499532273163 0.035682768685767995
0 0.6172918615528531 0.8986339436973521 0.04100561272217029 0.042957576692737115
0 0.6414125350795136 0.9227108777604954 0.03687090739008414 0.03845255660826632
0 0.6524415341440599 0.8911898447477513 0.04100561272217029 0.04468810632852562
0 0.6608793264733396 0.847710287648567 0.03997193638914864 0.04226630534365863
0 0.6849999999999999 0.8707479634250005 0.037212347988774486 0.03845255660826632
0 0.7192843779232928 0.8527325856133008 0.038246024321796135 0.03845255660826632
0 0.7530542563143124 0.866073652397898 0.0396258185219831 0.03464351039905796
0 0.6214265668849391 0.7233425776548263 0.03135640785781102 0.03603075562339933
0 0.6181571562207671 0.7607558759763827 0.038592142188961676 0.038800543545897646
0 0.48652946679139386 0.6143897484929185 0.03997193638914864 0.039839801832607456
0 0.58266604303087 0.7699399096141403 0.03239008419083267 0.03360425211234815
0 0.6553695042095417 0.7768667306834782 0.03445743685687552 0.037761285259187614
0 0.6601917680074837 0.810122995858195 0.042726847521047606 0.037761285259187614
0 0.7204911131898971 0.8102969893270106 0.0365247895229186 0.03533478174813666
0 0.7475397567820393 0.7874333070193928 0.03687090739008414 0.040879060119317495
0 0.7203180542563143 0.7621431212007239 0.037558465855940026 0.03741329832155628
0 0.6853461178671656 0.7470715247803383 0.04479420018709068 0.04053107318168594
0 0.65088868101029 0.7366789419132392 0.033769878391019637 0.03914853048352898
0 0.6541627689429373 0.7015181536339185 0.04031337698783921 0.03949181489497613
0 0.6879279700654818 0.7145112334808843 0.03617867165575306 0.03914853048352898
0 0.7185968194574368 0.7252471007594304 0.04100561272217029 0.04122704705694882
0 0.6584705332086062 0.5681451059974201 0.04065949485500475 0.038800543545897646
0 0.6651870907390085 0.6038231721570037 0.03617867165575306 0.036722026972477805
0 0.6932694106641721 0.620108020332915 0.042726847521047606 0.0471146098395768
0 0.7222123479887745 0.6024406294588467 0.04134705332086064 0.04503609326615696
0 0.7365154349859683 0.6400279212492187 0.038246024321796135 0.04122704705694882
0 0.7675257249766136 0.6597738286967068 0.03273620205799821 0.0349914973366893
0 0.7151496725912068 0.6900863124801095 0.03549111318989717 0.03603075562339933
0 0.7511599625818522 0.6912995642356351 0.038592142188961676 0.03845255660826632
0 0.7578765201122544 0.7304433921929798 0.038246024321796135 0.041918318406027305
0 0.7742422825070159 0.7633563729562496 0.04065949485500475 0.03845255660826632
0 0.7959541627689429 0.734948412277451 0.03583723105706271 0.03707001391010914
0 0.8267913938260056 0.7514025513959935 0.038246024321796135 0.03949181489497613
0 0.8609027128157156 0.7659521674099322 0.033423760523854096 0.03949181489497613
0 0.8011225444340505 0.7831022804037376 0.04065949485500475 0.03637404003484647