0 0.658935546875 0.6880216003927344 0.04443359375 0.043200785468826705
0 0.6650390625 0.7258222876779578 0.04638671875 0.045655375552282766
0 0.331298828125 0.7542955326460481 0.044921875 0.046146293568973984
0 0.73779296875 0.6330387825233186 0.04296875 0.043200785468826705
0 0.75830078125 0.8232695139911634 0.04443359375 0.043691703485517916
0 0.7646484375 0.7248404516445753 0.04443359375 0.044182621502209134
0 0.56787109375 0.4678448699067256 0.04248046875 0.04221894943544428
0 0.6103515625 0.6345115365733922 0.0439453125 0.043691703485517916
0 0.20458984375 0.7906234658811978 0.04443359375 0.044673539518900345
0 0.89208984375 0.5834560628375062 0.0439453125 0.042709867452135494
0 0.8583984375 0.329160530191458 0.04296875 0.04221894943544428
0 0.15185546875 0.771232204221895 0.0458984375 0.045655375552282766
0 0.792724609375 0.8669612174766814 0.044921875 0.045164457535591555
0 0.20654296875 0.708885616102111 0.044921875 0.044673539518900345
0 0.88037109375 0.7174766813942072 0.04443359375 0.044182621502209134
0 0.68017578125 0.8630338733431517 0.04541015625 0.046146293568973984
0 0.54052734375 0.6718213058419243 0.04248046875 0.04221894943544428
0 0.52294921875 0.7152675503190967 0.04345703125 0.044182621502209134
0 0.817138671875 0.6875306823760432 0.04443359375 0.043200785468826705
0 0.669189453125 0.5510554737358861 0.04296875 0.043200785468826705
0 0.354736328125 0.5756013745704467 0.0419921875 0.04221894943544428
0 0.841796875 0.36033382425135 0.04296875 0.043200785468826705
0 0.8857421875 0.6507118311242023 0.0439453125 0.042709867452135494
0 0.265869140625 0.8716249386352479 0.04296875 0.043200785468826705
0 0.614013671875 0.4339715267550319 0.04296875 0.043200785468826705
0 0.5634765625 0.9347079037800687 0.04541015625 0.045655375552282766
0 0.936279296875 0.5277368679430535 0.0439453125 0.042709867452135494
0 0.57666015625 0.8311242022582229 0.0458984375 0.046637211585665195
0 0.63232421875 0.40353460972017674 0.04248046875 0.042709867452135494
0 0.549560546875 0.5090819833087874 0.04248046875 0.041728031418753066
0 0.919677734375 0.35616102110947473 0.04443359375 0.043200785468826705
0 0.781982421875 0.7967599410898379 0.04541015625 0.045164457535591555
0 0.704345703125 0.5456553755522827 0.0439453125 0.043200785468826705
0 0.370361328125 0.9175257731958762 0.04443359375 0.045164457535591555
0 0.734375 0.37236131566028474 0.04296875 0.042709867452135494
0 0.710205078125 0.34536082474226804 0.04345703125 0.043200785468826705
0 0.47021484375 0.8041237113402062 0.04443359375 0.044182621502209134
0 0.232666015625 0.8537064310260186 0.044921875 0.046146293568973984
0 0.710205078125 0.8831615120274914 0.04541015625 0.045164457535591555
0 0.68017578125 0.4585174275895925 0.0419921875 0.040746195385370644
0 0.58349609375 0.4990181639666176 0.04296875 0.04221894943544428
0 0.619140625 0.4997545409916544 0.0419921875 0.041728031418753066
0 0.40771484375 0.6774668630338734 0.04296875 0.043200785468826705
0 0.603515625 0.46661757486499755 0.04345703125 0.043200785468826705
0 0.812744140625 0.5125184094256259 0.04443359375 0.042709867452135494
0 0.748291015625 0.5402552773686794 0.04345703125 0.043691703485517916
0 0.731689453125 0.5714285714285714 0.04443359375 0.044182621502209134
0 0.658203125 0.43028964162984784 0.04345703125 0.041728031418753066
0 0.3515625 0.6416298478154149 0.0439453125 0.043691703485517916
0 0.115478515625 0.7781050564555719 0.0458984375 0.046637211585665195
0 0.80810546875 0.34658811978399606 0.044921875 0.044182621502209134
0 0.91748046875 0.6323024054982818 0.04541015625 0.043691703485517916
0 0.48583984375 0.938880706921944 0.04443359375 0.045164457535591555
0 0.33837890625 0.7920962199312714 0.04443359375 0.045164457535591555
0 0.07666015625 0.7145311732940599 0.0458984375 0.045655375552282766
0 0.82666015625 0.3124693176239568 0.0439453125 0.043691703485517916
0 0.92529296875 0.5981836033382425 0.04443359375 0.044182621502209134
0 0.0947265625 0.7474226804123711 0.04541015625 0.045655375552282766
0 0.34326171875 0.5409916543937162 0.0419921875 0.041237113402061855
0 0.30078125 0.6752577319587629 0.04248046875 0.04221894943544428
0 0.89794921875 0.3284241531664212 0.0439453125 0.043200785468826705
0 0.11669921875 0.648993618065783 0.04541015625 0.044673539518900345
0 0.1884765625 0.7577319587628866 0.04443359375 0.044182621502209134
0 0.480224609375 0.8767795778105056 0.044921875 0.046637211585665195
0 0.732666015625 0.485027000490918 0.04296875 0.041728031418753066
0 0.44189453125 0.9369170348551792 0.04248046875 0.043200785468826705
0 0.486572265625 0.5407461953853706 0.04150390625 0.040746195385370644
0 0.806640625 0.7653411880216003 0.04541015625 0.044182621502209134
0 0.10009765625 0.6840942562592047 0.04443359375 0.043691703485517916
0 0.68994140625 0.5792832596956309 0.0419921875 0.040746195385370644
0 0.664794921875 0.9386352479135984 0.0458984375 0.046146293568973984
0 0.76318359375 0.5066273932253313 0.04248046875 0.042709867452135494
0 0.861328125 0.390279823269514 0.04443359375 0.041728031418753066
0 0.853759765625 0.8095238095238095 0.04541015625 0.045655375552282766
0 0.829345703125 0.8355424644084438 0.046875 0.045655375552282766
0 0.501953125 0.6467844869906726 0.04296875 0.042709867452135494
0 0.84130859375 0.47668139420716743 0.0439453125 0.041728031418753066
0 0.1708984375 0.8404516445753559 0.0458984375 0.046146293568973984
0 0.67578125 0.33676975945017185 0.04248046875 0.04221894943544428
0 0.8779296875 0.49140893470790376 0.04248046875 0.041728031418753066
0 0.91455078125 0.2977417771232204 0.04345703125 0.042709867452135494
0 0.84765625 0.2847324496809033 0.04443359375 0.043691703485517916
0 0.219482421875 0.6460481099656358 0.0439453125 0.044182621502209134
0 0.626220703125 0.9528718703976435 0.0458984375 0.046146293568973984
0 0.199951171875 0.8640157093765342 0.044921875 0.045655375552282766
0 0.549560546875 0.9678448699067256 0.04345703125 0.044673539518900345
0 0.352294921875 0.9479626902307314 0.04541015625 0.045655375552282766
0 0.58642578125 0.9624447717231223 0.044921875 0.046146293568973984
0 0.317626953125 0.9359351988217968 0.04345703125 0.043691703485517916
0 0.46630859375 0.970054000981836 0.0439453125 0.044673539518900345
0 0.667724609375 0.3954344624447717 0.0419921875 0.041728031418753066
0 0.50341796875 0.9725085910652921 0.04541015625 0.045164457535591555
0 0.138671875 0.8070692194403535 0.044921875 0.044673539518900345
0 0.386474609375 0.9567992145311733 0.04248046875 0.043691703485517916
0 0.35107421875 0.9491899852724595 0.04248046875 0.043200785468826705
0 0.782470703125 0.36671575846833576 0.04736328125 0.044673539518900345
0 0.6806640625 0.5179185076092293 0.0439453125 0.042709867452135494
0 0.6279296875 0.555473735886107 0.044921875 0.044673539518900345
0 0.6123046875 0.5859106529209622 0.04150390625 0.039764359351988215
0 0.590576171875 0.6077565046637211 0.04443359375 0.041237113402061855
0 0.5673828125 0.5768286696121747 0.03759765625 0.038782523318605794
0 0.546875 0.5432007854688267 0.04248046875 0.043691703485517916
0 0.76806640625 0.5684830633284241 0.04736328125 0.04221894943544428
0 0.79345703125 0.5967108492881689 0.04443359375 0.042709867452135494
0 0.75439453125 0.5989199803632793 0.0458984375 0.04221894943544428
0 0.716796875 0.6030927835051546 0.046875 0.046637211585665195
0 0.676025390625 0.6114383897889053 0.046875 0.044673539518900345
0 0.653076171875 0.585419734904271 0.0498046875 0.047619047619047616
0 0.63818359375 0.6131566028473245 0.037109375 0.038782523318605794
0 0.659423828125 0.6408934707903781 0.0400390625 0.040746195385370644
0 0.63720703125 0.6590574374079529 0.0458984375 0.041237113402061855
0 0.685791015625 0.665193912616593 0.04833984375 0.04221894943544428
0 0.719970703125 0.6647029945999018 0.04541015625 0.045164457535591555
0 0.768310546875 0.6288659793814433 0.0419921875 0.04221894943544428
0 0.755126953125 0.6622484045164457 0.03857421875 0.04025527736867943
0 0.7392578125 0.6944035346097202 0.046875 0.047128129602356406
0 0.78271484375 0.6890034364261168 0.0537109375 0.045164457535591555
0 0.834716796875 0.657093765341188 0.03955078125 0.043691703485517916
0 0.896484375 0.6865488463426608 0.04638671875 0.043200785468826705
0 0.842529296875 0.7106038291605302 0.04052734375 0.044182621502209134
0 0.8427734375 0.7739322533136966 0.04248046875 0.046146293568973984
0 0.77197265625 0.7604320078546882 0.04296875 0.045164457535591555
0 0.736572265625 0.7498772704958272 0.04638671875 0.043200785468826705
0 0.7158203125 0.7754050073637703 0.05029296875 0.048109965635738834
0 0.74755859375 0.7859597447226313 0.04443359375 0.041237113402061855
0 0.723876953125 0.8102601865488464 0.0498046875 0.046637211585665195
0 0.814697265625 0.8026509572901326 0.046875 0.042709867452135494
0 0.7939453125 0.8301423662248405 0.04736328125 0.046146293568973984
0 0.662353515625 0.7621502209131075 0.0419921875 0.041237113402061855
0 0.628173828125 0.7476681394207167 0.04443359375 0.042709867452135494
0 0.62939453125 0.7120765832106039 0.04833984375 0.045655375552282766
0 0.687744140625 0.6995581737849779 0.044921875 0.037309769268532154
0 0.679931640625 0.7943053510063819 0.04638671875 0.047619047619047616
0 0.648193359375 0.8090328915071183 0.0498046875 0.050564555719194895
0 0.646240234375 0.8448699067255768 0.04541015625 0.048109965635738834
0 0.61279296875 0.8549337260677466 0.05078125 0.048109965635738834
0 0.61376953125 0.8144329896907216 0.05224609375 0.053019145802650956
0 0.589111328125 0.7896416298478154 0.0478515625 0.053019145802650956
0 0.595947265625 0.7567501227295041 0.04248046875 0.035837015218458515
0 0.558349609375 0.7650957290132547 0.04345703125 0.041728031418753066
0 0.55322265625 0.7307314678448699 0.04833984375 0.049091801669121256
0 0.56787109375 0.6941580756013745 0.0419921875 0.041237113402061855
0 0.4765625 0.7032400589101621 0.0390625 0.04025527736867943
0 0.51416015625 0.6065292096219931 0.0400390625 0.041237113402061855
0 0.479736328125 0.6099656357388317 0.044921875 0.04221894943544428
0 0.443115234375 0.6669121256750122 0.04833984375 0.046637211585665195
0 0.421630859375 0.6386843397152675 0.046875 0.044182621502209134
0 0.39892578125 0.6099656357388317 0.04345703125 0.039764359351988215
0 0.38720703125 0.5719194894452626 0.044921875 0.039764359351988215
0 0.30126953125 0.6138929798723614 0.04296875 0.042709867452135494
0 0.382080078125 0.698821796759941 0.041015625 0.046146293568973984
0 0.4150390625 0.7133038782523319 0.04052734375 0.042709867452135494
0 0.45849609375 0.7356406480117821 0.05322265625 0.047619047619047616
0 0.493408203125 0.7349042709867453 0.04736328125 0.050073637702503684
0 0.52392578125 0.751840942562592 0.05126953125 0.050073637702503684
0 0.51904296875 0.7893961708394698 0.04248046875 0.04958271968581247
0 0.557373046875 0.8016691212567502 0.044921875 0.044673539518900345
0 0.540771484375 0.833578792341679 0.04052734375 0.044673539518900345
0 0.544677734375 0.8667157584683358 0.05078125 0.051055473735886106
0 0.577392578125 0.868433971526755 0.0478515625 0.048600883652430045
0 0.642333984375 0.8745704467353952 0.04931640625 0.051055473735886106
0 0.60888671875 0.8924889543446245 0.0439453125 0.047619047619047616
0 0.666015625 0.8998527245949927 0.04541015625 0.042709867452135494
0 0.600341796875 0.9268532155130094 0.0419921875 0.041237113402061855
0 0.53955078125 0.9025527736867943 0.04248046875 0.047128129602356406
0 0.525146484375 0.9393716249386352 0.04541015625 0.045164457535591555
0 0.5048828125 0.9045164457535592 0.0458984375 0.045164457535591555
0 0.468994140625 0.906480117820324 0.0419921875 0.044182621502209134
0 0.432373046875 0.9008345606283751 0.048828125 0.047128129602356406
0 0.396240234375 0.8897889052528227 0.052734375 0.04958271968581247
0 0.364013671875 0.8770250368188512 0.0419921875 0.044673539518900345
0 0.404052734375 0.9219440353460973 0.05126953125 0.048109965635738834
0 0.509521484375 0.8564064801178203 0.04443359375 0.042709867452135494
0 0.47216796875 0.8389788905252823 0.0478515625 0.045655375552282766
0 0.504638671875 0.8171330387825233 0.04296875 0.048600883652430045
0 0.4873046875 0.7697594501718213 0.044921875 0.047619047619047616
0 0.45068359375 0.771232204221895 0.04638671875 0.052037309769268535
0 0.42138671875 0.749386352479136 0.04541015625 0.051055473735886106
0 0.36572265625 0.7677957781050565 0.046875 0.046146293568973984
0 0.359375 0.7270495827196858 0.04833984375 0.04958271968581247
0 0.3271484375 0.7199312714776632 0.04833984375 0.049091801669121256
0 0.30029296875 0.7407952871870398 0.04541015625 0.044673539518900345
0 0.306884765625 0.7771232204221895 0.04150390625 0.04221894943544428
0 0.308837890625 0.8139420716740304 0.04541015625 0.04221894943544428
0 0.34033203125 0.8262150220913107 0.048828125 0.044673539518900345
0 0.371337890625 0.8026509572901326 0.04833984375 0.04221894943544428
0 0.4013671875 0.8190967108492881 0.04248046875 0.039764359351988215
0 0.37744140625 0.8451153657339224 0.0400390625 0.041237113402061855
0 0.4111328125 0.8564064801178203 0.04296875 0.039273441335297005
0 0.437744140625 0.8264604810996563 0.0400390625 0.04221894943544428
0 0.4423828125 0.8654884634266078 0.05078125 0.05154639175257732
0 0.204833984375 0.8279332351497299 0.0458984375 0.045164457535591555
0 0.215576171875 0.7444771723122239 0.04345703125 0.041728031418753066
0 0.17431640625 0.7223858615611193 0.052734375 0.045164457535591555
0 0.24072265625 0.6958762886597938 0.04541015625 0.040746195385370644