0 0.35595703125 0.17010309278350516 0.0419921875 0.041728031418753066
0 0.192626953125 0.5174275895925381 0.0400390625 0.03829160530191458
0 0.2265625 0.5 0.04052734375 0.039764359351988215
0 0.615478515625 0.4793814432989691 0.0380859375 0.038782523318605794
0 0.291015625 0.592292587137948 0.041015625 0.038782523318605794
0 0.33203125 0.563573883161512 0.04052734375 0.038782523318605794
0 0.35400390625 0.5378006872852233 0.03955078125 0.03829160530191458
0 0.457763671875 0.09695630829651448 0.03955078125 0.039764359351988215
0 0.378662109375 0.5633284241531664 0.03955078125 0.03829160530191458
0 0.17578125 0.250613647520864 0.04150390625 0.041237113402061855
0 0.564453125 0.21207658321060383 0.04052734375 0.04025527736867943
0 0.132568359375 0.2965144820814924 0.04052734375 0.04025527736867943
0 0.507568359375 0.5316642120765832 0.03857421875 0.038782523318605794
0 0.16455078125 0.43593519882179677 0.04150390625 0.039273441335297005
0 0.404541015625 0.498772704958272 0.041015625 0.039764359351988215
0 0.109130859375 0.6865488463426608 0.04150390625 0.04025527736867943
0 0.302490234375 0.15365733922434954 0.04150390625 0.041237113402061855
0 0.235107421875 0.29405989199803634 0.041015625 0.041728031418753066
0 0.5439453125 0.5193912616593029 0.03857421875 0.03829160530191458
0 0.172607421875 0.28841433480608736 0.04150390625 0.041237113402061855
0 0.282470703125 0.19145802650957292 0.041015625 0.04221894943544428
0 0.42431640625 0.5456553755522827 0.0390625 0.03829160530191458
0 0.406005859375 0.27221404025527735 0.04150390625 0.041237113402061855
0 0.255615234375 0.5856651939126166 0.04052734375 0.039273441335297005
0 0.395751953125 0.07584683357879234 0.04296875 0.041728031418753066
0 0.181640625 0.7847324496809033 0.03955078125 0.037800687285223365
0 0.098876953125 0.6104565537555229 0.04052734375 0.039764359351988215
0 0.305908203125 0.6767304860088366 0.0390625 0.039273441335297005
0 0.11572265625 0.37187039764359353 0.04150390625 0.039273441335297005
0 0.269287109375 0.6188021600392735 0.041015625 0.038782523318605794
0 0.263671875 0.4852724594992636 0.041015625 0.039764359351988215
0 0.397216796875 0.4013254786450663 0.03955078125 0.039764359351988215
0 0.04052734375 0.6161021109474718 0.04150390625 0.039273441335297005
0 0.327880859375 0.1018654884634266 0.041015625 0.04221894943544428
0 0.146728515625 0.7697594501718213 0.03955078125 0.037800687285223365
0 0.2275390625 0.4646539027982327 0.04052734375 0.039273441335297005
0 0.67822265625 0.42857142857142855 0.03857421875 0.038782523318605794
0 0.8623046875 0.38856161021109475 0.04150390625 0.041237113402061855
0 0.310546875 0.5351006381934217 0.041015625 0.039273441335297005
0 0.7607421875 0.25159548355424644 0.04150390625 0.042709867452135494
0 0.19189453125 0.7199312714776632 0.041015625 0.037800687285223365
0 0.7783203125 0.1958762886597938 0.04150390625 0.041728031418753066
0 0.362548828125 0.3917525773195876 0.041015625 0.041237113402061855
0 0.586669921875 0.10407461953853707 0.04150390625 0.041237113402061855
0 0.462890625 0.541728031418753 0.0380859375 0.038782523318605794
0 0.0771484375 0.38267059401080017 0.04052734375 0.038782523318605794
0 0.831787109375 0.32498772704958273 0.04248046875 0.041728031418753066
0 0.391845703125 0.11266568483063329 0.04150390625 0.041728031418753066
0 0.819091796875 0.1482572410407462 0.0419921875 0.040746195385370644
0 0.057861328125 0.5228276877761414 0.04052734375 0.040746195385370644
0 0.090576171875 0.47520864015709374 0.0419921875 0.04025527736867943
0 0.09765625 0.4420716740304369 0.04296875 0.04025527736867943
0 0.13037109375 0.6291114383897889 0.04052734375 0.039764359351988215
0 0.50244140625 0.06480117820324006 0.03955078125 0.040746195385370644
0 0.1416015625 0.6718213058419243 0.0400390625 0.039764359351988215
0 0.034912109375 0.5785468826705941 0.04150390625 0.04025527736867943
0 0.19482421875 0.48208149239077075 0.0400390625 0.038782523318605794
0 0.28662109375 0.5569464899361807 0.04150390625 0.04025527736867943
0 0.262939453125 0.12444771723122239 0.0419921875 0.040746195385370644
0 0.223876953125 0.5351006381934217 0.03955078125 0.03829160530191458
0 0.0859375 0.3490427098674521 0.0419921875 0.041237113402061855
0 0.14794921875 0.38880706921944036 0.04052734375 0.039764359351988215
0 0.5380859375 0.058419243986254296 0.03955078125 0.04025527736867943
0 0.486572265625 0.11855670103092783 0.04052734375 0.04221894943544428
0 0.16064453125 0.7351497299950909 0.03955078125 0.038782523318605794
0 0.552001953125 0.09302896416298478 0.04150390625 0.043200785468826705
0 0.23779296875 0.6391752577319587 0.0400390625 0.038782523318605794
0 0.759521484375 0.13500245459008345 0.04150390625 0.041728031418753066
0 0.299560546875 0.7115856651939126 0.04150390625 0.039764359351988215
0 0.066650390625 0.4170348551791851 0.04248046875 0.041237113402061855
0 0.8984375 0.3024054982817869 0.04150390625 0.040746195385370644
0 0.270263671875 0.5211094747177222 0.0400390625 0.03829160530191458
0 0.16357421875 0.6443298969072165 0.041015625 0.039273441335297005
0 0.27294921875 0.7366224840451645 0.03955078125 0.038782523318605794
0 0.076416015625 0.6703485517918507 0.04052734375 0.039273441335297005
0 0.609619140625 0.07486499754540991 0.04150390625 0.04221894943544428
0 0.4306640625 0.070446735395189 0.0400390625 0.038782523318605794
0 0.280029296875 0.22557682866961218 0.04150390625 0.04025527736867943
0 0.303466796875 0.07486499754540991 0.0419921875 0.040746195385370644
0 0.827392578125 0.28792341678939615 0.04052734375 0.040746195385370644
0 0.720947265625 0.24005891016200295 0.04052734375 0.041237113402061855
0 0.822265625 0.21649484536082475 0.04052734375 0.040746195385370644
0 0.34228515625 0.6848306332842415 0.04052734375 0.038782523318605794
0 0.723388671875 0.14678448699067256 0.04248046875 0.042709867452135494
0 0.193359375 0.6232204221894944 0.04150390625 0.038782523318605794
0 0.17529296875 0.2103583701521846 0.03955078125 0.04025527736867943
0 0.278076171875 0.6524300441826215 0.03955078125 0.038782523318605794
0 0.460205078125 0.6190476190476191 0.0390625 0.038782523318605794
0 0.33056640625 0.6519391261659303 0.0390625 0.038782523318605794
0 0.383056640625 0.36180657830142365 0.04248046875 0.041237113402061855
0 0.51708984375 0.09891998036327933 0.0400390625 0.042709867452135494
0 0.724365234375 0.48306332842415317 0.0400390625 0.04025527736867943
0 0.067626953125 0.5945017182130584 0.041015625 0.041237113402061855
0 0.919189453125 0.3394698085419735 0.04248046875 0.041237113402061855
0 0.228271484375 0.11978399607265587 0.04052734375 0.040746195385370644
0 0.42578125 0.6629847815414825 0.03857421875 0.039273441335297005
0 0.79931640625 0.3743249877270496 0.041015625 0.040746195385370644
0 0.833740234375 0.36205203730976926 0.041015625 0.040746195385370644
0 0.051513671875 0.35616102110947473 0.0419921875 0.041237113402061855
0 0.600830078125 0.03951890034364261 0.041015625 0.04221894943544428
0 0.24755859375 0.6723122238586157 0.03955078125 0.038782523318605794
0 0.124267578125 0.4879725085910653 0.04345703125 0.04221894943544428
0 0.130859375 0.4531173294059892 0.0400390625 0.039273441335297005
0 0.1337890625 0.421453117329406 0.04443359375 0.037309769268532154
0 0.061767578125 0.4484536082474227 0.04150390625 0.040746195385370644
0 0.05712890625 0.485027000490918 0.04248046875 0.039764359351988215
0 0.032958984375 0.4329896907216495 0.041015625 0.03632793323514973
0 0.06787109375 0.3181148748159057 0.04296875 0.044182621502209134
0 0.10595703125 0.26853215513009326 0.0361328125 0.03240058910162003
0 0.146240234375 0.23024054982817868 0.0390625 0.03829160530191458
0 0.201171875 0.3090328915071183 0.041015625 0.03829160530191458
0 0.20703125 0.27172312223858613 0.04296875 0.037309769268532154
0 0.245849609375 0.3645066273932253 0.04150390625 0.042709867452135494
0 0.259521484375 0.3230240549828179 0.0390625 0.041237113402061855
0 0.29345703125 0.31492390770741285 0.0439453125 0.039764359351988215
0 0.30615234375 0.2854688267059401 0.04052734375 0.039764359351988215
0 0.34228515625 0.27466863033873345 0.04345703125 0.03632793323514973
0 0.341064453125 0.23686794305351005 0.04150390625 0.03829160530191458
0 0.31005859375 0.2498772704958272 0.04345703125 0.043200785468826705
0 0.375244140625 0.2547864506627393 0.0419921875 0.040746195385370644
0 0.3759765625 0.28939617083946984 0.04248046875 0.042709867452135494
0 0.375244140625 0.3284241531664212 0.03759765625 0.037800687285223365
0 0.344970703125 0.36229749631811486 0.03759765625 0.037800687285223365
0 0.28271484375 0.422680412371134 0.04052734375 0.03632793323514973
0 0.2783203125 0.3863524791359843 0.03662109375 0.038782523318605794
0 0.3095703125 0.4027982326951399 0.0380859375 0.037800687285223365
0 0.323486328125 0.47496318114874814 0.03955078125 0.039764359351988215
0 0.383544921875 0.47177221404025527 0.04638671875 0.043200785468826705
0 0.369140625 0.5039273441335297 0.04541015625 0.041237113402061855
0 0.391357421875 0.5316642120765832 0.04052734375 0.037309769268532154
0 0.43505859375 0.5144820814923907 0.0419921875 0.03829160530191458
0 0.480712890625 0.5088365243004418 0.0341796875 0.03632793323514973
0 0.341064453125 0.42047128129602357 0.037109375 0.033873343151693665
0 0.376953125 0.42832596956308294 0.03955078125 0.040746195385370644
0 0.42626953125 0.41973490427098675 0.0390625 0.038782523318605794
0 0.452880859375 0.44526264113892977 0.04248046875 0.037309769268532154
0 0.49365234375 0.45508100147275404 0.0380859375 0.037309769268532154
0 0.47802734375 0.42317133038782523 0.0400390625 0.03829160530191458
0 0.505126953125 0.40304369170348553 0.04443359375 0.045164457535591555
0 0.54443359375 0.4054982817869416 0.04150390625 0.050073637702503684
0 0.523681640625 0.43470790378006874 0.04150390625 0.037800687285223365
0 0.5439453125 0.46612665684830634 0.03759765625 0.037800687285223365
0 0.559814453125 0.43618065783014237 0.0361328125 0.035837015218458515
0 0.585205078125 0.45459008345606283 0.04248046875 0.045655375552282766
0 0.62060546875 0.437653411880216 0.04248046875 0.043200785468826705
0 0.421630859375 0.37751595483554246 0.0419921875 0.038782523318605794
0 0.412109375 0.3448699067255768 0.0439453125 0.040746195385370644
0 0.4404296875 0.32228767795778107 0.046875 0.044182621502209134
0 0.40673828125 0.30559646539027985 0.04052734375 0.03829160530191458
0 0.43798828125 0.28375061364752086 0.04052734375 0.039764359351988215
0 0.446533203125 0.2508591065292096 0.0361328125 0.03289150711831124
0 0.415283203125 0.23367697594501718 0.044921875 0.042709867452135494
0 0.43994140625 0.20962199312714777 0.03662109375 0.03829160530191458
0 0.479736328125 0.26313205694648995 0.0380859375 0.03240058910162003
0 0.469482421875 0.29921453117329405 0.04052734375 0.044182621502209134
0 0.50390625 0.2974963181148748 0.03759765625 0.041728031418753066
0 0.48486328125 0.3335787923416789 0.03857421875 0.037800687285223365
0 0.517822265625 0.3321060382916053 0.04443359375 0.04025527736867943
0 0.505615234375 0.36548846342660773 0.04345703125 0.038782523318605794
0 0.54345703125 0.36647029945999016 0.04931640625 0.046146293568973984
0 0.564453125 0.33505154639175255 0.04296875 0.037309769268532154
0 0.5732421875 0.38757977417771233 0.04296875 0.042709867452135494
0 0.59375 0.35714285714285715 0.03955078125 0.040746195385370644
0 0.61474609375 0.3230240549828179 0.03564453125 0.04025527736867943
0 0.58203125 0.30486008836524303 0.0400390625 0.039273441335297005
0 0.55908203125 0.2776141384388807 0.0439453125 0.04025527736867943
0 0.60205078125 0.27245949926362295 0.03466796875 0.035346097201767304
0 0.578857421875 0.24644084437898872 0.04296875 0.040746195385370644
0 0.6044921875 0.22361315660284733 0.04248046875 0.037800687285223365
0 0.630615234375 0.25257731958762886 0.04736328125 0.046146293568973984
0 0.533203125 0.20471281296023564 0.041015625 0.03632793323514973
0 0.59033203125 0.19121256750122728 0.0400390625 0.036818851251840944
0 0.41796875 0.14310260186548845 0.0361328125 0.03829160530191458
0 0.486572265625 0.15537555228276878 0.03759765625 0.04221894943544428
0 0.5166015625 0.13573883161512026 0.0400390625 0.04025527736867943
0 0.5517578125 0.12714776632302405 0.0439453125 0.04025527736867943
0 0.614501953125 0.14261168384879724 0.0400390625 0.04025527736867943
0 0.640380859375 0.21207658321060383 0.0419921875 0.043200785468826705
0 0.66455078125 0.23834069710358372 0.0400390625 0.04221894943544428
0 0.6591796875 0.27540500736377027 0.0380859375 0.039273441335297005
0 0.68994140625 0.26239567992145313 0.041015625 0.040746195385370644
0 0.695068359375 0.21723122238586157 0.0380859375 0.039764359351988215
0 0.72021484375 0.19342169857633776 0.046875 0.039764359351988215
0 0.694091796875 0.16863033873343153 0.04248046875 0.04025527736867943
0 0.656982421875 0.15316642120765833 0.04296875 0.04025527736867943
0 0.68603515625 0.13426607756504663 0.04541015625 0.041237113402061855
0 0.659912109375 0.3114874815905744 0.037109375 0.035837015218458515
0 0.697998046875 0.33578792341678937 0.0419921875 0.03829160530191458
0 0.763916015625 0.3694158075601375 0.04248046875 0.03829160530191458
0 0.732177734375 0.27491408934707906 0.041015625 0.038782523318605794
0 0.795654296875 0.30486008836524303 0.041015625 0.040746195385370644
0 0.79150390625 0.23048600883652431 0.0400390625 0.039764359351988215
0 0.862548828125 0.30412371134020616 0.04345703125 0.039273441335297005
0 0.783447265625 0.15979381443298968 0.04736328125 0.041728031418753066