0 0.313720703125 0.6607756504663721 0.03857421875 0.037800687285223365
0 0.3017578125 0.6971035837015218 0.04052734375 0.039764359351988215
0 0.626953125 0.7776141384388807 0.03955078125 0.04025527736867943
0 0.244384765625 0.5940108001963672 0.03759765625 0.037309769268532154
0 0.194580078125 0.7785959744722631 0.03857421875 0.03829160530191458
0 0.203857421875 0.6804123711340206 0.03857421875 0.038782523318605794
0 0.43798828125 0.4575355915562101 0.037109375 0.036818851251840944
0 0.3701171875 0.6156111929307806 0.03857421875 0.03829160530191458
0 0.74658203125 0.833578792341679 0.0390625 0.039273441335297005
0 0.099609375 0.5208640157093766 0.03857421875 0.037309769268532154
0 0.172607421875 0.27491408934707906 0.03759765625 0.036818851251840944
0 0.8017578125 0.8227785959744722 0.0400390625 0.039764359351988215
0 0.15380859375 0.8163966617574865 0.03955078125 0.039273441335297005
0 0.75732421875 0.7525773195876289 0.0390625 0.038782523318605794
0 0.09033203125 0.6548846342660776 0.0390625 0.038782523318605794
0 0.265625 0.8301423662248405 0.0400390625 0.04025527736867943
0 0.433349609375 0.6632302405498282 0.037109375 0.036818851251840944
0 0.44384765625 0.708885616102111 0.0380859375 0.038782523318605794
0 0.15771484375 0.635247913598429 0.03955078125 0.037309769268532154
0 0.324951171875 0.5238095238095238 0.03759765625 0.037800687285223365
0 0.6318359375 0.5974472263132057 0.03662109375 0.036818851251840944
0 0.18408203125 0.3082965144820815 0.03759765625 0.037800687285223365
0 0.095458984375 0.5881197839960727 0.03857421875 0.037309769268532154
0 0.67333984375 0.9037800687285223 0.03759765625 0.037800687285223365
0 0.397705078125 0.4167893961708395 0.03759765625 0.037800687285223365
0 0.36962890625 0.9194894452626411 0.03955078125 0.039764359351988215
0 0.06494140625 0.4587628865979381 0.03857421875 0.037309769268532154
0 0.372802734375 0.8149239077074129 0.0400390625 0.040746195385370644
0 0.38427734375 0.38389788905252825 0.037109375 0.037309769268532154
0 0.44970703125 0.501227295041728 0.03759765625 0.03632793323514973
0 0.107666015625 0.2918507609229259 0.0390625 0.037309769268532154
0 0.175537109375 0.7486499754540992 0.0400390625 0.039273441335297005
0 0.291015625 0.5130093274423171 0.03857421875 0.037800687285223365
0 0.56298828125 0.9327442317133039 0.03857421875 0.039273441335297005
0 0.288330078125 0.33701521845851745 0.03759765625 0.037309769268532154
0 0.31640625 0.31418753068237604 0.0380859375 0.037309769268532154
0 0.482177734375 0.8051055473735886 0.0390625 0.03829160530191458
0 0.708984375 0.8915071183112421 0.0390625 0.040746195385370644
0 0.232666015625 0.845360824742268 0.03955078125 0.039273441335297005
0 0.328369140625 0.43078055964653905 0.037109375 0.035837015218458515
0 0.417724609375 0.48600883652430044 0.03759765625 0.036818851251840944
0 0.38232421875 0.48109965635738833 0.037109375 0.03632793323514973
0 0.5634765625 0.6897398134511536 0.03759765625 0.037800687285223365
0 0.403076171875 0.45066273932253315 0.0380859375 0.037800687285223365
0 0.189208984375 0.4631811487481591 0.0390625 0.037309769268532154
0 0.24853515625 0.5007363770250368 0.0380859375 0.03829160530191458
0 0.260009765625 0.5341188021600393 0.0390625 0.038782523318605794
0 0.3544921875 0.4062346588119784 0.0380859375 0.03632793323514973
0 0.62451171875 0.6632302405498282 0.03857421875 0.03829160530191458
0 0.83642578125 0.8350515463917526 0.0400390625 0.040746195385370644
0 0.219482421875 0.29995090819833087 0.03955078125 0.03829160530191458
0 0.06689453125 0.5650466372115857 0.0400390625 0.037800687285223365
0 0.44580078125 0.9356897398134512 0.03857421875 0.039273441335297005
0 0.6142578125 0.8139420716740304 0.03857421875 0.039273441335297005
0 0.884765625 0.7785959744722631 0.0400390625 0.039764359351988215
0 0.20654296875 0.26337751595483555 0.03857421875 0.037800687285223365
0 0.064697265625 0.5301914580265096 0.0390625 0.03829160530191458
0 0.86181640625 0.8080510554737359 0.03955078125 0.039764359351988215
0 0.6484375 0.5650466372115857 0.03662109375 0.03632793323514973
0 0.66943359375 0.7044673539518901 0.037109375 0.036818851251840944
0 0.133544921875 0.26804123711340205 0.03857421875 0.037800687285223365
0 0.85546875 0.7074128620520374 0.03955078125 0.038782523318605794
0 0.767578125 0.803632793323515 0.0390625 0.03829160530191458
0 0.4609375 0.875306823760432 0.0390625 0.040746195385370644
0 0.2724609375 0.4486990672557683 0.03759765625 0.03632793323514973
0 0.489501953125 0.9405989199803633 0.03662109375 0.037800687285223365
0 0.5068359375 0.5424644084437898 0.03662109375 0.035346097201767304
0 0.156005859375 0.7137947962690231 0.0400390625 0.03829160530191458
0 0.8662109375 0.7447226313205695 0.0390625 0.03829160530191458
0 0.300048828125 0.5483554246440845 0.037109375 0.035346097201767304
0 0.26904296875 0.9072164948453608 0.04052734375 0.04025527736867943
0 0.239013671875 0.4651448208149239 0.037109375 0.037309769268532154
0 0.160400390625 0.33480608738340695 0.0390625 0.035837015218458515
0 0.1025390625 0.7501227295041728 0.0400390625 0.039764359351988215
0 0.12255859375 0.7795778105056456 0.04150390625 0.039764359351988215
0 0.475341796875 0.6445753559155621 0.03759765625 0.036818851251840944
0 0.16650390625 0.42317133038782523 0.03857421875 0.03632793323514973
0 0.77197265625 0.8880706921944035 0.0400390625 0.040746195385370644
0 0.351806640625 0.3112420225822288 0.037109375 0.036818851251840944
0 0.1279296875 0.4320078546882671 0.03759765625 0.03632793323514973
0 0.1220703125 0.23514972999509082 0.0380859375 0.037309769268532154
0 0.190185546875 0.23269513991163476 0.0390625 0.037800687285223365
0 0.75439453125 0.68826705940108 0.03857421875 0.038782523318605794
0 0.304931640625 0.9273441335297006 0.0400390625 0.040746195385370644
0 0.73974609375 0.9067255768286696 0.03955078125 0.039764359351988215
0 0.378173828125 0.9543446244477173 0.0380859375 0.039273441335297005
0 0.576171875 0.9656357388316151 0.0400390625 0.039764359351988215
0 0.3427734375 0.9430535100638193 0.0390625 0.04025527736867943
0 0.6123046875 0.9592538046146294 0.03759765625 0.03829160530191458
0 0.460205078125 0.9695630829651448 0.0380859375 0.039273441335297005
0 0.3505859375 0.3703976435935199 0.037109375 0.03632793323514973
0 0.423095703125 0.9661266568483063 0.03955078125 0.039764359351988215
0 0.80908203125 0.8600883652430045 0.03955078125 0.039273441335297005
0 0.541015625 0.9690721649484536 0.03662109375 0.03829160530191458
0 0.5771484375 0.9671084928816888 0.037109375 0.037800687285223365
0 0.24169921875 0.3240058910162003 0.0419921875 0.038782523318605794
0 0.31884765625 0.4894452626411389 0.03857421875 0.036818851251840944
0 0.364990234375 0.5346097201767305 0.03955078125 0.038782523318605794
0 0.375732421875 0.5672557682866961 0.0361328125 0.03436426116838488
0 0.393798828125 0.592292587137948 0.03955078125 0.035837015218458515
0 0.421630859375 0.5652920962199313 0.03271484375 0.033873343151693665
0 0.447021484375 0.5353460972017673 0.03662109375 0.03829160530191458
0 0.224609375 0.5255277368679431 0.04248046875 0.03632793323514973
0 0.1953125 0.5493372606774669 0.0390625 0.036818851251840944
0 0.2333984375 0.5576828669612175 0.04052734375 0.03632793323514973
0 0.269775390625 0.5677466863033873 0.041015625 0.04025527736867943
0 0.308837890625 0.5824742268041238 0.041015625 0.038782523318605794
0 0.33544921875 0.5603829160530192 0.0439453125 0.041237113402061855
0 0.345947265625 0.5898379970544919 0.0322265625 0.03436426116838488
0 0.320556640625 0.614138438880707 0.03515625 0.035837015218458515
0 0.33984375 0.6354933726067746 0.04052734375 0.035346097201767304
0 0.290771484375 0.634020618556701 0.04345703125 0.035837015218458515
0 0.257080078125 0.6278841433480609 0.0400390625 0.039273441335297005
0 0.21484375 0.5851742758959254 0.03662109375 0.036818851251840944
0 0.22265625 0.6200294550810015 0.033203125 0.035837015218458515
0 0.233642578125 0.6543937162493864 0.041015625 0.041237113402061855
0 0.19140625 0.6421207658321061 0.04833984375 0.037800687285223365
0 0.14501953125 0.6026018654884634 0.03369140625 0.038782523318605794
0 0.079345703125 0.6219931271477663 0.041015625 0.037309769268532154
0 0.12890625 0.6541482572410408 0.03466796875 0.039273441335297005
0 0.118896484375 0.7167403043691704 0.03662109375 0.040746195385370644
0 0.19091796875 0.7142857142857143 0.037109375 0.039764359351988215
0 0.2275390625 0.7096219931271478 0.041015625 0.036818851251840944
0 0.243896484375 0.7380952380952381 0.04443359375 0.041728031418753066
0 0.2109375 0.7434953362788415 0.03955078125 0.035346097201767304
0 0.230712890625 0.771232204221895 0.0439453125 0.04025527736867943
0 0.14208984375 0.749386352479136 0.04150390625 0.03632793323514973
0 0.158447265625 0.7798232695139912 0.04150390625 0.04025527736867943
0 0.298828125 0.7331860579283259 0.03662109375 0.035837015218458515
0 0.334716796875 0.7243495336278841 0.03955078125 0.036818851251840944
0 0.339111328125 0.6892488954344624 0.04296875 0.039764359351988215
0 0.283447265625 0.667648502700049 0.04052734375 0.031418753068237604
0 0.2763671875 0.7623956799214531 0.0400390625 0.041728031418753066
0 0.3056640625 0.7820324005891016 0.04345703125 0.044182621502209134
0 0.302001953125 0.8176239567992145 0.03955078125 0.04221894943544428
0 0.333251953125 0.8328424153166422 0.044921875 0.041237113402061855
0 0.338623046875 0.7925871379479626 0.04541015625 0.046637211585665195
0 0.366943359375 0.7719685812469318 0.041015625 0.047128129602356406
0 0.365234375 0.7385861561119293 0.0380859375 0.03043691703485518
0 0.401123046875 0.7525773195876289 0.03857421875 0.03632793323514973
0 0.411376953125 0.7196858124693176 0.0419921875 0.043200785468826705
0 0.40283203125 0.6811487481590575 0.03662109375 0.035837015218458515
0 0.491455078125 0.7044673539518901 0.0341796875 0.035346097201767304
0 0.469482421875 0.602847324496809 0.03515625 0.03632793323514973
0 0.5029296875 0.6119293078055965 0.0400390625 0.03632793323514973
0 0.5302734375 0.6737849779086893 0.04248046875 0.04025527736867943
0 0.5556640625 0.6492390770741286 0.04150390625 0.03829160530191458
0 0.582763671875 0.6244477172312224 0.03857421875 0.033873343151693665
0 0.60009765625 0.5888561610211095 0.0400390625 0.033873343151693665
0 0.678466796875 0.6435935198821797 0.03759765625 0.037309769268532154
0 0.58544921875 0.7150220913107511 0.03515625 0.040746195385370644
0 0.55078125 0.7238586156111929 0.03515625 0.037800687285223365
0 0.50439453125 0.7390770741286206 0.0478515625 0.04025527736867943
0 0.469970703125 0.7331860579283259 0.041015625 0.044182621502209134
0 0.437255859375 0.7449680903289151 0.044921875 0.043691703485517916
0 0.43603515625 0.783014236622484 0.0361328125 0.044182621502209134
0 0.396240234375 0.7889052528227786 0.03955078125 0.039273441335297005
0 0.40771484375 0.8232695139911634 0.03466796875 0.039764359351988215
0 0.39892578125 0.8551791850760923 0.04443359375 0.044182621502209134
0 0.3662109375 0.8517427589592538 0.04150390625 0.042709867452135494
0 0.301025390625 0.8475699558173785 0.04296875 0.044673539518900345
0 0.331298828125 0.8706431026018655 0.03759765625 0.04221894943544428
0 0.273681640625 0.8689248895434463 0.0400390625 0.036818851251840944
0 0.33447265625 0.9057437407952872 0.03662109375 0.03632793323514973
0 0.398193359375 0.8912616593028965 0.0361328125 0.041728031418753066
0 0.406982421875 0.9300441826215022 0.0400390625 0.039273441335297005
0 0.43212890625 0.8986254295532646 0.0400390625 0.039273441335297005
0 0.467529296875 0.9062346588119784 0.0361328125 0.038782523318605794
0 0.50439453125 0.906480117820324 0.04296875 0.040746195385370644
0 0.5419921875 0.9013254786450663 0.046875 0.042709867452135494
0 0.57568359375 0.8937162493863525 0.0361328125 0.039764359351988215
0 0.529052734375 0.9320078546882671 0.04541015625 0.041237113402061855
0 0.43505859375 0.8505154639175257 0.0390625 0.036818851251840944
0 0.474853515625 0.8392243495336279 0.04248046875 0.039764359351988215
0 0.446044921875 0.8124693176239568 0.03662109375 0.043691703485517916
0 0.470458984375 0.7682866961217477 0.0390625 0.04221894943544428
0 0.50634765625 0.7756504663721159 0.0400390625 0.046146293568973984
0 0.538818359375 0.758713794796269 0.0390625 0.045655375552282766
0 0.591064453125 0.7854688267059401 0.041015625 0.04025527736867943
0 0.603515625 0.7464408443789887 0.0419921875 0.043691703485517916
0 0.636474609375 0.7444771723122239 0.0419921875 0.043200785468826705
0 0.65966796875 0.7692685321551301 0.0400390625 0.038782523318605794
0 0.6474609375 0.8041237113402062 0.0361328125 0.036818851251840944
0 0.639892578125 0.8402061855670103 0.0400390625 0.03632793323514973
0 0.60693359375 0.8473244968090329 0.04345703125 0.03829160530191458
0 0.580078125 0.8190967108492881 0.04345703125 0.035837015218458515
0 0.5478515625 0.8306332842415317 0.03759765625 0.03436426116838488
0 0.567138671875 0.8600883652430045 0.03515625 0.03632793323514973
0 0.532470703125 0.865979381443299 0.0380859375 0.033873343151693665
0 0.5107421875 0.8321060382916053 0.03466796875 0.037309769268532154
0 0.5 0.8699067255768287 0.0439453125 0.045164457535591555
0 0.740478515625 0.8703976435935199 0.0400390625 0.039273441335297005
0 0.74267578125 0.7862052037309769 0.0380859375 0.03632793323514973
0 0.787109375 0.7707412862052038 0.04736328125 0.03829160530191458
0 0.7255859375 0.7341678939617083 0.0400390625 0.03485517918507609