0 0.1210336763330215 0.7800691510149236 0.0409260991580917 0.04000909277523904
0 0.6289055191768007 0.5704446413014975 0.03643592142188967 0.03691012801984616
0 0.40796071094480824 0.42906319157329353 0.03790458372310568 0.036971260860240884
0 0.4675304022450889 0.6234656240284392 0.03726379794200185 0.03789295599234544
0 0.27319457436856875 0.8306354150737089 0.04046772684752109 0.03939776437129206
0 0.22253507951356408 0.41016373883896284 0.038236669784845634 0.037798905468661374
0 0.21765201122544434 0.679430388146695 0.038910196445275935 0.038443151555897934
0 0.34399438727782977 0.6892492628193206 0.03817586529466788 0.038170405037213896
0 0.32275491113189897 0.38291730212766345 0.038391019644527624 0.037403893269187895
0 0.3525397567820393 0.9479634433696906 0.03918615528531333 0.04022540897971255
0 0.2597661365762395 0.5090813771237714 0.03726379794200185 0.036632678974977934
0 0.34203928905519176 0.440598488303155 0.037474275023386294 0.037093526541030215
0 0.1925070159027128 0.5213549704645536 0.038910196445275935 0.03718757706471439
0 0.5390645463049579 0.5581757504868997 0.036164639850327474 0.03691012801984616
0 0.4489756782039289 0.7594485736971729 0.037109448082319973 0.0370323937006356
0 0.39917212347988773 0.6234656240284392 0.0377502338634238 0.03752615894997734
0 0.1798082319925164 0.7997069003601749 0.039186155285313384 0.038814651124450227
0 0.43676800748362954 0.893470569947092 0.03732460243217961 0.03823153787760839
0 0.2264405986903648 0.5257753450777088 0.03897100093545369 0.037309842745503835
0 0.40698316183348926 0.5198830797688966 0.03643592142188967 0.03608248341142567
0 0.06891019644527596 0.48748267435970566 0.039644527595883994 0.03832088587510838
0 0.3076192703461179 0.7746706509554532 0.03942937324602436 0.03912031532642383
0 0.1728531337698784 0.582229171919122 0.039064546304957926 0.03789295599234544
0 0.569822263797942 0.5385380011416484 0.03662301216089814 0.036759647181951564
0 0.18969597754911133 0.2908700545979822 0.03912535079513563 0.03844315155589782
0 0.24291861552853133 0.7682846203972992 0.03918615528531333 0.03933663153089734
0 0.3415528531337699 0.7579766830015159 0.0377502338634238 0.03746502610958262
0 0.36865294667913934 0.8114867284516152 0.03942937324602436 0.038659467760371435
0 0.786131898971001 0.7938146350513626 0.03955098222637976 0.03948711236879193
0 0.13659494855004678 0.7422702455462623 0.03985500467726849 0.03970342857326544
0 0.2744153414405987 0.3625412561714916 0.038910196445275935 0.038170405037213785
0 0.21350327408793265 0.5900823906467488 0.03854536950420956 0.03810927219681917
0 0.6757811038353602 0.8105039004791158 0.038910196445276046 0.038814651124450227
0 0.4707015902712816 0.3988729734706802 0.0388166510757717 0.03663267897497782
0 0.5083021515434986 0.9028003818965601 0.038755846585593945 0.0387535182840555
0 0.2907717492984097 0.39519089546844555 0.03897100093545369 0.03789295599234555
0 0.12493919550982227 0.5125189237644273 0.039550982226379816 0.038443151555897934
0 0.4252946679139383 0.9293085219969388 0.0386950420954163 0.0389039991219501
0 0.1911599625818522 0.4261147076557953 0.03860617399438726 0.03767663978787193
0 0.23522918615528532 0.7118307935558859 0.0411365762394762 0.03902626480273954
0 0.24401777362020582 0.6524284827969744 0.03912535079513568 0.03752615894997734
0 0.6166978484565014 0.7756487764017684 0.037965388213283546 0.03823153787760839
0 0.6586903648269411 0.7619032923653294 0.03738540692235737 0.03773777262826666
0 0.6918942937324603 0.7776144323467672 0.038545369504209503 0.03939776437129206
0 0.09203928905519176 0.522337798437053 0.039794200187090734 0.03724870990510911
0 0.12365762394761459 0.45213378503301643 0.03881665107577176 0.037093526541030215
0 0.28637511693171186 0.4855170184147068 0.03845182413470538 0.038659467760371435
0 0.24340972871842842 0.3019162886046861 0.037965388213283435 0.03648219813708323
0 0.4599625818521983 0.6597926388014437 0.037109448082319973 0.03682078002234629
0 0.7294901777362021 0.7555219643333595 0.0388166510757717 0.04037588981760715
0 0.11358746492048644 0.2923419452936392 0.03775023386342374 0.03724870990510911
0 0.2775865294667914 0.29308024190455984 0.03817586529466788 0.03682078002234618
0 0.3725584658559401 0.7766316043742678 0.040009354536950426 0.04114710411181734
0 0.20288119738072966 0.46121906562090564 0.03949017773620206 0.03902626480273954
0 0.2362067352666043 0.44329773833289016 0.038545369504209503 0.03758729179037206
0 0.38036950420954163 0.45213378503301643 0.037811038353601445 0.037403893269187895
0 0.10376052385406923 0.677958497451038 0.03949017773620206 0.038659467760371435
0 0.4174789522918616 0.554738203846244 0.038545369504209503 0.03810927219681917
0 0.5727549111318989 0.7059385282470737 0.037202993451824096 0.03752615894997734
0 0.27392422825070156 0.45140019094828004 0.03753507951356405 0.03626588193260972
0 0.5849625818521984 0.7938146350513626 0.037811038353601445 0.0389039991219501
0 0.4724134705332086 0.9042722725922171 0.038910196445275935 0.040686256545764944
0 0.14697380729653883 0.3902814581321327 0.04009822263797941 0.03948711236879193
0 0.32348456501403183 0.49263664305759725 0.038391019644527624 0.037798905468661374
0 0.2343732460243218 0.3465902873546591 0.038910196445275935 0.0383820187155031
0 0.11981290926099158 0.3566536933888635 0.039186155285313384 0.037309842745503835
0 0.2349859681945744 0.8463418525289625 0.03994855004677267 0.03912031532642383
0 0.30786248830682883 0.4251365822094801 0.038236669784845634 0.037798905468661374
0 0.8242188961646398 0.8483075084739614 0.039335827876520124 0.03933663153089734
0 0.14062675397567823 0.6769756694785385 0.0378110383536015 0.03838201871550321
0 0.2744153414405987 0.7874333070193928 0.0403133769878391 0.03918144816681855
0 0.24340972871842842 0.380462583459507 0.038236669784845634 0.038170405037213785
0 0.15661833489242283 0.3033881793003431 0.0378110383536015 0.03682078002234618
0 0.16174462114125351 0.6485018734331609 0.039186155285313384 0.03902626480273954
0 0.44775491113189897 0.4268530042667159 0.03656220767072027 0.03467172555616323
0 0.16833489242282507 0.4550822689505146 0.0394293732460243 0.03801522167313488
0 0.25708138447146867 0.9023066166472182 0.0403133769878391 0.040897870224054264
0 0.26684752104770815 0.3279353659819072 0.03738540692235737 0.0364210652966885
0 0.3901356407857811 0.7422702455462623 0.03845182413470538 0.037403893269187895
0 0.17578110383536014 0.2577313525778707 0.038236669784845634 0.03718757706471439
0 0.28930776426566884 0.919489647324313 0.040926099158091644 0.04145276831379072
0 0.8476566884939195 0.7825238696830801 0.039335827876520124 0.04000909277523904
0 0.4594714686623012 0.936672678001408 0.03753507951356405 0.03773777262826666
0 0.26123012160898035 0.4185060202897473 0.03833021515434987 0.03724870990510911
0 0.1787090739008419 0.680902278842352 0.03881665107577176 0.0389039991219501
0 0.5224602432179607 0.7717221670379549 0.03573433115060798 0.03620474909221488
0 0.49047708138447155 0.42906319157329353 0.03753507951356405 0.03586616720695205
0 0.15869036482694104 0.3559153967779429 0.039550982226379816 0.0383820187155031
0 0.4326192703461179 0.679430388146695 0.036711880261927066 0.036021350571030945
0 0.08496258185219832 0.7187058868371975 0.03942937324602433 0.040469940341291435
0 0.08362020579981291 0.45409944097801525 0.03891019644527596 0.037954088832740276
0 0.19934050514499532 0.3613138968374134 0.03927502338634237 0.0387535182840555
0 0.586913002806361 0.7589595109740154 0.03732460243217961 0.038443151555897934
0 0.1837137511693171 0.39199788018936854 0.0386950420954163 0.0383820187155031
0 0.805177736202058 0.7324513708736367 0.03869504209541619 0.038659467760371435
0 0.11028999064546305 0.3905259894937116 0.039186155285313384 0.03844315155589782
0 0.1437979420018709 0.2719706018636515 0.038451824134705326 0.03752615894997734
0 0.0328999064546305 0.4280803636007941 0.04015902712815715 0.03948711236879193
0 0.25634705332086066 0.2636236178866829 0.039064546304957926 0.03767663978787193
0 0.2137464920486436 0.4926366430575972 0.03912535079513563 0.038015221673134994
0 0.7636716557530402 0.8561607272015882 0.038910196445276046 0.0387535182840555
0 0.8212909260991581 0.8105039004791158 0.038755846585593945 0.03902626480273954
0 0.7363283442469598 0.6082482492963432 0.0388166510757717 0.038659467760371435
0 0.04724041159962582 0.35910841205701993 0.039794200187090734 0.03918144816681844
0 0.06841908325537886 0.5635742505463702 0.039794200187090734 0.038537202079582
0 0.05572497661365763 0.6548832014651308 0.04025257249766136 0.03991974477773895
0 0.535154349859682 0.8419261804419915 0.03726379794200185 0.037093526541030326
0 0.21154817586529467 0.3190946167555967 0.037965388213283435 0.0382315378776085
0 0.3349625818521983 0.8669624298467131 0.037811038353601445 0.03718757706471439
0 0.0797708138447147 0.6062825933513444 0.03985500467726846 0.03912031532642383
0 0.06829747427502339 0.4216990355688243 0.040159027128157165 0.037798905468661374
0 0.07489242282507017 0.3868439114914769 0.04083255378858747 0.03902626480273954
0 0.6152338634237605 0.6897383255424782 0.03662301216089814 0.03626588193260961
0 0.04009822263797942 0.5856667185597779 0.041534144059869035 0.04074738938615967
0 0.2968755846585594 0.8836516952744663 0.03927502338634237 0.03918144816681833
0 0.03277362020579981 0.5498287665099312 0.03970533208606175 0.038170405037213896
0 0.038755846585594014 0.3937143022466043 0.04046772684752105 0.03933663153089734
0 0.6567399438727782 0.8807079138831523 0.03753507951356405 0.037954088832740165
0 0.2973620205799813 0.2611688992185265 0.038545369504209503 0.03752615894997734
0 0.6708980355472405 0.5463912198692753 0.03689429373246034 0.037093526541030326
0 0.029756782039289054 0.4936194710300966 0.039186155285313384 0.03767663978787193
0 0.04586997193638915 0.6200280773877834 0.0395509822263798 0.03912031532642383
0 0.7607436856875585 0.8198337124285839 0.039644527595884105 0.039642295732870717
0 0.6152338634237605 0.8114867284516152 0.037474275023386294 0.03832088587510849
0 0.17089803554724042 0.8350510871606799 0.040009354536950426 0.03789295599234544
0 0.45849391955098223 0.9347070220564093 0.03506548175865298 0.035344186800505044
0 0.08329747427502339 0.35305155833176044 0.03523386342376053 0.03748853874050369
0 0.04224976613657624 0.4593286500948542 0.03934050514499533 0.03680196991760941
0 0.10399438727782975 0.4818584530433932 0.038316183348924227 0.03232986751642784
0 0.14367633302151545 0.4818584530433932 0.038316183348924227 0.039209663323923706
0 0.17788587464920486 0.48546999315286465 0.039681945743685665 0.039552947735370846
0 0.2493826005612722 0.47669978181931744 0.0472076707202993 0.03852309450102942
0 0.31369504209541627 0.46156235003235285 0.0348924228250701 0.03852309450102942
0 0.3537231057062675 0.4753219416473445 0.039681945743685665 0.03576741415708368
0 0.38074836295603365 0.4973344667156206 0.03899906454630497 0.03576741415708368
0 0.40588868101028996 0.47480466376708164 0.03865762394761463 0.03611540109471501
0 0.4407857811038354 0.46191033696998424 0.035921421889616445 0.037831823151950834
0 0.4332553788587465 0.4968171888353579 0.04275958840037419 0.03886637891247656
0 0.4419831618334893 0.5324153120498101 0.039681945743685665 0.03576741415708368
0 0.4761880261927035 0.5198595671379755 0.039681945743685665 0.040930787907343606
0 0.48097754911131896 0.5504730125971675 0.03283910196445272 0.03335972075076927
0 0.2996725912067353 0.5176258672004769 0.03420954162768941 0.043338481313658014
0 0.12195509822263799 0.5470307634303275 0.03728718428437791 0.03611540109471501
0 0.15753040224508888 0.5496124503054576 0.0413938260056127 0.03439427651129511
0 0.19858278765201123 0.5558056772900591 0.03728718428437794 0.03439427651129511
0 0.10177268475210477 0.5773009244780725 0.03797006548175866 0.03886637891247656
0 0.13803554724041162 0.5793653334729396 0.03797006548175863 0.03611540109471501
0 0.11357343311506082 0.6084269452913431 0.038316183348924227 0.03508084533418939
0 0.15325537885874652 0.6125510607548932 0.039681945743685665 0.04058280096971227
0 0.1896913002806361 0.6149587541612076 0.040023386342376066 0.04264720996457954
0 0.2502385406922357 0.5967317626712186 0.03797006548175863 0.033707707688400604
0 0.2806828811973807 0.5747192376029425 0.035921421889616445 0.037831823151950945
0 0.27144995322731524 0.6269972211927792 0.029761459307764304 0.03508084533418939
0 0.2245837231057063 0.6233856810833078 0.03865762394761457 0.03611540109471501
0 0.20012160898035547 0.650900161787107 0.04447146866230123 0.03886637891247656
0 0.12486435921421887 0.6412740906880339 0.03489242282507016 0.03748853874050358
0 0.09185219831618335 0.6428212218026381 0.040023386342376066 0.04058280096971227
0 0.06944340505144996 0.6868415694130062 0.038999064546304946 0.04058280096971227
0 0.11870439663236669 0.7088540944812824 0.0444714686623012 0.043338481313658014
0 0.1592422825070159 0.7104012255958868 0.043447146866230135 0.04505490337089395
0 0.20115060804490179 0.7083415191272038 0.03694574368568754 0.04643274354286671
0 0.10228718428437793 0.7472031955134961 0.037628624883068285 0.03886637891247656
0 0.15804490177736202 0.7680118738786151 0.038316183348924227 0.03645868550616215
0 0.1937932647333957 0.7680118738786151 0.03728718428437794 0.03645868550616215
0 0.30463049579045837 0.8113503551922732 0.0413938260056127 0.04058280096971227
0 0.3378157156220767 0.7931186611760999 0.04618334892422826 0.041274072318790746
0 0.21021515434985968 0.8242446819893706 0.03318054256314312 0.03886637891247656
0 0.26340972871842844 0.8675831633030288 0.04515434985968192 0.03886637891247656
0 0.30326473339569693 0.8486649004639611 0.04275958840037419 0.04505490337089395
0 0.2611880261927034 0.7332743129558729 0.032497661365762376 0.03576741415708368
0 0.3119878391019644 0.6785886359597217 0.028737137511693156 0.033707707688400604
0 0.31694574368568756 0.7131569059398324 0.034550982226379756 0.0368019699176093
0 0.3391814780168382 0.6593270887092071 0.032497661365762376 0.037831823151950945
0 0.38108980355472405 0.569391275436235 0.039681945743685665 0.040930787907343606
0 0.362956033676333 0.6015471494838472 0.03899906454630497 0.037831823151950945
0 0.40588868101028996 0.6577799575946027 0.03865762394761463 0.03748853874050358
0 0.4346258185219832 0.6350808637034323 0.04002338634237601 0.03886637891247656
0 0.44420486435921425 0.6001693093118744 0.04002338634237601 0.03645868550616215
0 0.4510477081384472 0.565949026269395 0.03728718428437794 0.0368019699176093
0 0.40794200187090734 0.5877875578688556 0.03865762394761463 0.03645868550616215
0 0.3482460243217961 0.40532954192159737 0.039681945743685665 0.03748853874050369
0 0.5009915809167446 0.4620796279126157 0.03865762394761463 0.034050992099847854
0 0.5090318054256314 0.5767836465978096 0.04105238540692224 0.039209663323923706
0 0.5045837231057062 0.6128990476925246 0.037628624883068396 0.03852309450102942
0 0.4934658559401309 0.6478058995578982 0.04275958840037419 0.04230392555313239
0 0.5192937324602432 0.6720521245636731 0.039681945743685665 0.039896232146817985
0 0.5028718428437793 0.7045559855489165 0.04241814780168385 0.03748853874050358
0 0.4086248830682881 0.7730012541600594 0.04002338634237601 0.03542412974563654
0 0.4055472404115996 0.8111763617234575 0.03660430308699725 0.03748853874050358
0 0.566333021515435 0.6170231631560746 0.0407109448082319 0.039896232146817985
0 0.5983161833489242 0.5898519668637227 0.043105706267539734 0.037831823151950945
0 0.6427876520112255 0.6658636001052558 0.03626286248830679 0.03439427651129511
0 0.6285921421889616 0.7430790800499459 0.0407109448082319 0.03748853874050358
0 0.7832179607109448 0.7594156560138835 0.04344714686623008 0.039896232146817985
0 0.7515715622076706 0.7840051654311055 0.040364826941066356 0.039552947735370846