0 0.166015625 0.7839960726558665 0.04541015625 0.046146293568973984
0 0.80517578125 0.38757977417771233 0.0439453125 0.043200785468826705
0 0.7705078125 0.7064310260186549 0.044921875 0.044182621502209134
0 0.5654296875 0.6880216003927344 0.04296875 0.042709867452135494
0 0.781005859375 0.41310751104565535 0.04345703125 0.04221894943544428
0 0.438232421875 0.7135493372606775 0.04248046875 0.043200785468826705
0 0.765380859375 0.38193421698576335 0.04345703125 0.043200785468826705
0 0.333984375 0.6099656357388317 0.04248046875 0.042709867452135494
0 0.43408203125 0.7960235640648011 0.04345703125 0.044182621502209134
0 0.57470703125 0.35027000490918014 0.0419921875 0.04221894943544428
0 0.893310546875 0.6065292096219931 0.04345703125 0.04221894943544428
0 0.63427734375 0.7025036818851251 0.044921875 0.044182621502209134
0 0.653076171875 0.406480117820324 0.0439453125 0.042709867452135494
0 0.89013671875 0.7020127638684339 0.04443359375 0.043200785468826705
0 0.193359375 0.7461953853706431 0.04541015625 0.045655375552282766
0 0.68212890625 0.5316642120765832 0.04248046875 0.041728031418753066
0 0.748291015625 0.7351497299950909 0.044921875 0.044673539518900345
0 0.394775390625 0.6971035837015218 0.04443359375 0.045164457535591555
0 0.081298828125 0.726313205694649 0.0458984375 0.045655375552282766
0 0.703369140625 0.6926853215513009 0.0439453125 0.044182621502209134
0 0.9384765625 0.5414825724104074 0.04443359375 0.043691703485517916
0 0.77392578125 0.6244477172312224 0.0439453125 0.043200785468826705
0 0.318115234375 0.7854688267059401 0.044921875 0.045164457535591555
0 0.612060546875 0.5139911634756995 0.044921875 0.043691703485517916
0 0.63623046875 0.6222385861561119 0.044921875 0.044182621502209134
0 0.746337890625 0.46097201767304863 0.04345703125 0.042709867452135494
0 0.434814453125 0.5694648993618066 0.04248046875 0.041728031418753066
0 0.8212890625 0.6195385370643103 0.0458984375 0.045164457535591555
0 0.3037109375 0.8954344624447718 0.04443359375 0.045164457535591555
0 0.699951171875 0.3738340697103584 0.04443359375 0.044182621502209134
0 0.840087890625 0.5910652920962199 0.0439453125 0.042709867452135494
0 0.85302734375 0.34413352970054 0.044921875 0.044673539518900345
0 0.510498046875 0.46023564064801176 0.04248046875 0.041728031418753066
0 0.5302734375 0.49828178694158076 0.04248046875 0.041728031418753066
0 0.54833984375 0.4685812469317624 0.04150390625 0.041728031418753066
0 0.595703125 0.4565537555228277 0.0419921875 0.04221894943544428
0 0.691162109375 0.498772704958272 0.0439453125 0.043691703485517916
0 0.529541015625 0.9354442808051056 0.04541015625 0.044673539518900345
0 0.587646484375 0.49018163966617573 0.04345703125 0.042709867452135494
0 0.611572265625 0.9275895925380462 0.04541015625 0.045655375552282766
0 0.900390625 0.6693667157584683 0.0439453125 0.042709867452135494
0 0.805908203125 0.8134511536573392 0.044921875 0.044182621502209134
0 0.5673828125 0.9369170348551792 0.044921875 0.044673539518900345
0 0.494140625 0.9415807560137457 0.04541015625 0.046146293568973984
0 0.85986328125 0.3080510554737359 0.0439453125 0.043200785468826705
0 0.236572265625 0.7749140893470791 0.04736328125 0.046637211585665195
0 0.233154296875 0.8200785468826706 0.04443359375 0.044673539518900345
0 0.7744140625 0.5657830142366225 0.04248046875 0.041728031418753066
0 0.87353515625 0.46686303387334316 0.0439453125 0.043200785468826705
0 0.96826171875 0.4162984781541483 0.044921875 0.043200785468826705
0 0.912841796875 0.5144820814923907 0.044921875 0.043691703485517916
0 0.786376953125 0.8733431516936672 0.046875 0.045655375552282766
0 0.343505859375 0.9440353460972017 0.04345703125 0.044673539518900345
0 0.7490234375 0.329160530191458 0.04541015625 0.044182621502209134
0 0.8125 0.4337260677466863 0.04345703125 0.04221894943544428
0 0.874267578125 0.7864506627393225 0.044921875 0.044182621502209134
0 0.5859375 0.8708885616102111 0.04443359375 0.043691703485517916
0 0.974365234375 0.48699067255768286 0.0439453125 0.043200785468826705
0 0.14453125 0.6379479626902307 0.04541015625 0.044673539518900345
0 0.408447265625 0.9310260186548847 0.04345703125 0.042709867452135494
0 0.70068359375 0.4631811487481591 0.04296875 0.043691703485517916
0 0.6787109375 0.9347079037800687 0.046875 0.046637211585665195
0 0.724365234375 0.4891998036327933 0.04345703125 0.042709867452135494
0 0.653564453125 0.8448699067255768 0.04345703125 0.044182621502209134
0 0.843994140625 0.5564555719194895 0.04345703125 0.042709867452135494
0 0.968505859375 0.5598919980363279 0.044921875 0.044673539518900345
0 0.734375 0.36180657830142365 0.0439453125 0.042709867452135494
0 0.642333984375 0.9489445262641139 0.046875 0.047619047619047616
0 0.37939453125 0.9553264604810997 0.04296875 0.043691703485517916
0 0.747802734375 0.899607265586647 0.046875 0.046146293568973984
0 0.8671875 0.39862542955326463 0.04443359375 0.044182621502209134
0 0.8916015625 0.2511045655375552 0.04296875 0.04221894943544428
0 0.572509765625 0.6067746686303387 0.04296875 0.043691703485517916
0 0.595458984375 0.958271968581247 0.04638671875 0.046146293568973984
0 0.902587890625 0.39887088856161024 0.0458984375 0.044673539518900345
0 0.548828125 0.9673539518900344 0.044921875 0.045164457535591555
0 0.6162109375 0.3792341678939617 0.04345703125 0.042709867452135494
0 0.505859375 0.9057437407952872 0.044921875 0.045164457535591555
0 0.2685546875 0.6298478154148257 0.04345703125 0.043200785468826705
0 0.71875 0.31026018654884635 0.04443359375 0.042709867452135494
0 0.71728515625 0.5235640648011782 0.04345703125 0.043200785468826705
0 0.3369140625 0.9072164948453608 0.04443359375 0.044673539518900345
0 0.695068359375 0.40918016691212566 0.0439453125 0.042709867452135494
0 0.129150390625 0.6703485517918507 0.0458984375 0.044673539518900345
0 0.865478515625 0.6757486499754541 0.04443359375 0.044182621502209134
0 0.854736328125 0.2555228276877761 0.0419921875 0.041237113402061855
0 0.79736328125 0.28399607265586646 0.04296875 0.041728031418753066
0 0.920166015625 0.3384879725085911 0.04443359375 0.044182621502209134
0 0.879638671875 0.5017182130584192 0.0439453125 0.043691703485517916
0 0.469970703125 0.970054000981836 0.04443359375 0.044673539518900345
0 0.42724609375 0.5348551791850761 0.04248046875 0.04221894943544428
0 0.958984375 0.38291605301914583 0.0458984375 0.043691703485517916
0 0.470703125 0.9131075110456554 0.04296875 0.04221894943544428
0 0.899658203125 0.44477172312223856 0.044921875 0.043691703485517916
0 0.215576171875 0.6428571428571429 0.0439453125 0.043200785468826705
0 0.200927734375 0.6006381934216986 0.04443359375 0.043691703485517916
0 0.620849609375 0.34413352970054 0.04248046875 0.041237113402061855
0 0.7548828125 0.2960235640648012 0.04296875 0.041728031418753066
0 0.351318359375 0.5306823760432008 0.04296875 0.042709867452135494
0 0.892333984375 0.7560137457044673 0.04345703125 0.04221894943544428
0 0.1484375 0.8176239567992145 0.044921875 0.044673539518900345
0 0.099609375 0.6939126165930289 0.0458984375 0.046637211585665195
0 0.062744140625 0.689494354442808 0.04638671875 0.046637211585665195
0 0.731689453125 0.24594992636229748 0.04345703125 0.04221894943544428
0 0.83984375 0.375306823760432 0.04443359375 0.043691703485517916
0 0.883544921875 0.21772214040255278 0.04345703125 0.042709867452135494
0 0.180908203125 0.632793323514973 0.04443359375 0.044673539518900345
0 0.972412109375 0.4528718703976436 0.04296875 0.041728031418753066
0 0.880859375 0.3696612665684831 0.04541015625 0.043691703485517916
0 0.847900390625 0.22066764850270004 0.04296875 0.042709867452135494
0 0.811767578125 0.21796759941089838 0.04345703125 0.042709867452135494
0 0.922119140625 0.3748159057437408 0.04443359375 0.043691703485517916
0 0.857177734375 0.43446244477172313 0.04833984375 0.048109965635738834
0 0.907470703125 0.4798723613156603 0.04296875 0.039273441335297005
0 0.660888671875 0.4685812469317624 0.0439453125 0.040746195385370644
0 0.63134765625 0.45115365733922436 0.04345703125 0.039764359351988215
0 0.626953125 0.4840451644575356 0.0498046875 0.04221894943544428
0 0.6533203125 0.5029455081001473 0.0478515625 0.047619047619047616
0 0.796630859375 0.5969563082965145 0.048828125 0.043200785468826705
0 0.837890625 0.6531664212076583 0.0439453125 0.044182621502209134
0 0.8310546875 0.6880216003927344 0.046875 0.045655375552282766
0 0.79541015625 0.678939617083947 0.0400390625 0.042709867452135494
0 0.730712890625 0.6659302896416298 0.03857421875 0.037309769268532154
0 0.69287109375 0.65586647029946 0.04443359375 0.041237113402061855
0 0.671875 0.6138929798723614 0.0390625 0.039764359351988215
0 0.65283203125 0.5910652920962199 0.044921875 0.038782523318605794
0 0.60107421875 0.6278841433480609 0.04638671875 0.04025527736867943
0 0.67236328125 0.7125675012272951 0.04248046875 0.04025527736867943
0 0.643798828125 0.7366224840451645 0.0380859375 0.041728031418753066
0 0.614013671875 0.7297496318114874 0.04736328125 0.045164457535591555
0 0.604248046875 0.6921944035346097 0.03857421875 0.039273441335297005
0 0.6220703125 0.6678939617083947 0.0419921875 0.04221894943544428
0 0.587890625 0.6600392734413353 0.04248046875 0.039273441335297005
0 0.558837890625 0.6391752577319587 0.0400390625 0.039273441335297005
0 0.5166015625 0.6396661757486499 0.03662109375 0.035837015218458515
0 0.62109375 0.5589101620029455 0.041015625 0.038782523318605794
0 0.581787109375 0.5731467844869906 0.0419921875 0.039273441335297005
0 0.54833984375 0.5805105547373589 0.03955078125 0.039273441335297005
0 0.51416015625 0.5687285223367697 0.04296875 0.039764359351988215
0 0.525390625 0.5341188021600393 0.04248046875 0.041728031418753066
0 0.4892578125 0.5439371624938635 0.041015625 0.04025527736867943
0 0.47607421875 0.5756013745704467 0.04541015625 0.043691703485517916
0 0.496337890625 0.6008836524300442 0.0498046875 0.043200785468826705
0 0.453857421875 0.5986745213549337 0.04833984375 0.044182621502209134
0 0.4755859375 0.6251840942562592 0.04736328125 0.04025527736867943
0 0.450927734375 0.6548846342660776 0.04541015625 0.041728031418753066
0 0.4638671875 0.6865488463426608 0.04052734375 0.03829160530191458
0 0.425048828125 0.6782032400589102 0.0400390625 0.038782523318605794
0 0.4052734375 0.6509572901325479 0.04345703125 0.044182621502209134
0 0.390869140625 0.6175748649975454 0.04296875 0.038782523318605794
0 0.402099609375 0.5839469808541974 0.0380859375 0.04221894943544428
0 0.847412109375 0.7606774668630338 0.041015625 0.041728031418753066
0 0.80859375 0.7783505154639175 0.04541015625 0.042709867452135494
0 0.773681640625 0.8006872852233677 0.04248046875 0.036818851251840944
0 0.749755859375 0.8257241040746195 0.05224609375 0.046146293568973984
0 0.7490234375 0.8627884143348061 0.0419921875 0.043691703485517916
0 0.716064453125 0.8797250859106529 0.04052734375 0.046637211585665195
0 0.709716796875 0.9207167403043691 0.04150390625 0.043200785468826705
0 0.680908203125 0.8956799214531174 0.04443359375 0.04221894943544428
0 0.683837890625 0.8615611192930781 0.04296875 0.038782523318605794
0 0.65869140625 0.8097692685321551 0.041015625 0.042709867452135494
0 0.69140625 0.7844869906725577 0.04296875 0.043200785468826705
0 0.719970703125 0.758713794796269 0.0419921875 0.040746195385370644
0 0.6845703125 0.7508591065292096 0.0439453125 0.042709867452135494
0 0.658447265625 0.7717231222385862 0.03857421875 0.043200785468826705
0 0.551025390625 0.7476681394207167 0.0400390625 0.043691703485517916
0 0.524169921875 0.7758959253804615 0.0400390625 0.041237113402061855
0 0.55859375 0.8404516445753559 0.04150390625 0.040746195385370644
0 0.488525390625 0.8402061855670103 0.04150390625 0.038782523318605794
0 0.5107421875 0.8686794305351007 0.04443359375 0.044182621502209134
0 0.46484375 0.8149239077074129 0.046875 0.04221894943544428
0 0.464111328125 0.7798232695139912 0.04443359375 0.045655375552282766
0 0.460693359375 0.7405498281786942 0.04345703125 0.044673539518900345
0 0.50732421875 0.6917034855179185 0.04296875 0.041237113402061855
0 0.40576171875 0.7317133038782523 0.04541015625 0.044673539518900345
0 0.37353515625 0.7501227295041728 0.04541015625 0.047619047619047616
0 0.401611328125 0.7749140893470791 0.04443359375 0.043200785468826705
0 0.344970703125 0.7567501227295041 0.04541015625 0.046637211585665195
0 0.365478515625 0.7145311732940599 0.04833984375 0.044182621502209134
0 0.3720703125 0.6703485517918507 0.04443359375 0.043691703485517916
0 0.34521484375 0.5751104565537555 0.0439453125 0.04221894943544428
0 0.308349609375 0.6926853215513009 0.04541015625 0.044673539518900345
0 0.28857421875 0.7167403043691704 0.04296875 0.043691703485517916
0 0.2509765625 0.7034855179185077 0.04248046875 0.04025527736867943
0 0.259521484375 0.7444771723122239 0.04052734375 0.041237113402061855
0 0.283447265625 0.7731958762886598 0.044921875 0.044182621502209134
0 0.3046875 0.7484045164457536 0.04248046875 0.042709867452135494
0 0.416015625 0.8281786941580757 0.04248046875 0.044182621502209134
0 0.398681640625 0.8551791850760923 0.0458984375 0.046637211585665195
0 0.347412109375 0.8090328915071183 0.04150390625 0.039273441335297005
0 0.2978515625 0.8598429062346589 0.048828125 0.043200785468826705
0 0.263671875 0.8370152184585175 0.044921875 0.04221894943544428
0 0.198486328125 0.780559646539028 0.04052734375 0.049091801669121256
0 0.117919921875 0.7231222385861561 0.04248046875 0.046637211585665195