0 0.3276379794200187 0.6686286855015698 0.0388166510757717 0.038443151555897934
0 0.33544901777362024 0.39960656755541657 0.038755846585594056 0.03752615894997734
0 0.46411131898971003 0.5247925171052095 0.037048643592142216 0.036421065296688614
0 0.5224602432179607 0.48871003369378374 0.03726379794200185 0.03691012801984616
0 0.7324228250701591 0.9140911472648426 0.04031337698783921 0.04007022561563377
0 0.3415528531337699 0.5621023598507131 0.038755846585594056 0.037798905468661374
0 0.19006548175865295 0.45385490961643643 0.03949017773620206 0.03746502610958262
0 0.2023947614593078 0.8183618217329268 0.038755846585594 0.03832088587510849
0 0.3129887745556595 0.8021616190283313 0.03897100093545369 0.03939776437129206
0 0.27319457436856875 0.45361037825485767 0.03732460243217961 0.03648219813708323
0 0.4924321796071095 0.46096983173314265 0.03759588400374181 0.03789295599234555
0 0.34545837231057064 0.3416808500183463 0.03860617399438726 0.037954088832740276
0 0.31274555659494857 0.7049604028007584 0.03802619270346119 0.038170405037213896
0 0.3300795135640786 0.8993628352559042 0.03918615528531333 0.038814651124450227
0 0.15148737137511692 0.3534606781097865 0.04025257249766134 0.03758729179037206
0 0.135622076707203 0.5208659077413961 0.03912535079513563 0.03724870990510911
0 0.3251964452759588 0.5321566731096786 0.03918615528531333 0.03859833491997672
0 0.4243171188026193 0.9013237886747189 0.03732460243217961 0.03773777262826666
0 0.133666978484565 0.6205218426371252 0.03833021515434987 0.03752615894997734
0 0.41357343311506084 0.5753540786378104 0.03802619270346119 0.036632678974977934
0 0.1324462114125351 0.29332477326613865 0.038910196445275935 0.03746502610958262
0 0.34448082319925166 0.4636737842890621 0.038391019644527624 0.03648219813708323
0 0.26367165575304025 0.5247925171052095 0.039064546304957926 0.037309842745503835
0 0.28588868101029 0.8762875392699971 0.0388166510757717 0.038814651124450227
0 0.2780776426566885 0.38708844285305566 0.0377502338634238 0.03773777262826666
0 0.3842750233863424 0.7766316043742678 0.03817586529466788 0.03912031532642383
0 0.45385874649204866 0.3868439114914769 0.03683348924228247 0.036632678974977934
0 0.5415060804490178 0.9170349286561567 0.03833021515434987 0.03912031532642383
0 0.4799812909260992 0.7398155268781058 0.038545369504209503 0.04000909277523904
0 0.23095884003741815 0.5817401091959644 0.03802619270346119 0.03669381181537265
0 0.1866463985032741 0.3527223814988659 0.03854536950420956 0.03703239370063549
0 0.06756782039289055 0.5679899226333411 0.040467726847521035 0.03801522167313488
0 0.4001449953227315 0.925870975356283 0.03918615528531333 0.03902626480273954
0 0.3784190832553788 0.579285390527808 0.03845182413470538 0.037309842745503835
0 0.2971188026192704 0.3043710072728425 0.037965388213283435 0.03703239370063549
0 0.27368101028999064 0.2611688992185265 0.03817586529466788 0.03669381181537254
0 0.38647333956969127 0.42832489496237297 0.03811506080449012 0.03669381181537254
0 0.060851262862488306 0.5024555177302229 0.039794200187090734 0.037798905468661374
0 0.30126753975678205 0.4138458168411974 0.038755846585594056 0.03767663978787193
0 0.26953227315247896 0.32989631940072184 0.03811506080449023 0.03758729179037206
0 0.7719738072965389 0.7187058868371975 0.03790458372310579 0.03789295599234544
0 0.2646492048643592 0.41948884826224664 0.03790458372310568 0.03752615894997734
0 0.4936529466791394 0.3551771001670223 0.03567352666043022 0.036021350571030834
0 0.39623947614593075 0.8114867284516152 0.03927502338634237 0.039642295732870717
0 0.09106641721234798 0.45532680031209344 0.039335827876520124 0.0383820187155031
0 0.3940411599625819 0.29185288257048164 0.037474275023386294 0.037954088832740276
0 0.624022450888681 0.579285390527808 0.03790458372310579 0.03767663978787193
0 0.22802619270346117 0.3011779919937655 0.03768942937324604 0.03703239370063549
0 0.6044901777362021 0.5085923144006139 0.037109448082319973 0.03718757706471439
0 0.3774415341440599 0.8978909445602473 0.038391019644527624 0.038537202079582
0 0.14147801683816652 0.3856165521573987 0.039186155285313384 0.037798905468661374
0 0.20056127221702527 0.48748267435970566 0.03985500467726849 0.03675964718195145
0 0.3713376987839102 0.7427593082694199 0.03918615528531333 0.03902626480273954
0 0.2233863423760524 0.43593358232842094 0.03839101964452757 0.03724870990510911
0 0.09997661365762395 0.5247925171052095 0.03955098222637979 0.03752615894997734
0 0.5170907390084191 0.9469806153971912 0.03802619270346108 0.037954088832740165
0 0.31054724041159965 0.44722434769670355 0.039490177736202 0.038537202079582
0 0.33618334892422824 0.3092804446091554 0.03759588400374181 0.03752615894997734
0 0.823732460243218 0.8483075084739614 0.040771749298409654 0.039858611937344454
0 0.4340832553788588 0.8075601190878018 0.0377502338634238 0.03912031532642383
0 0.028657623947614598 0.48428965908062854 0.04009822263797942 0.03927549869050262
0 0.820799812909261 0.8075601190878018 0.03955098222637976 0.03976456141366016
0 0.1672357343311506 0.25331568049089964 0.03839101964452757 0.03773777262826666
0 0.1521000935453695 0.7599423389465148 0.04153414405986905 0.040164276139317834
0 0.3791487371375117 0.8433980711376486 0.03790458372310568 0.038443151555897934
0 0.11596819457436856 0.7697612136191404 0.0390645463049579 0.03976456141366016
0 0.26537885874649203 0.48871003369378374 0.039855004677268435 0.03859833491997672
0 0.8779279700654817 0.7908708536600487 0.040374181478016746 0.03912031532642383
0 0.08929373246024322 0.3372604754051911 0.039335827876520124 0.036632678974977934
0 0.8437511693171188 0.7039775748282591 0.039429373246024246 0.03927549869050262
0 0.7954115996258185 0.8728499926293414 0.039644527595884105 0.03918144816681855
0 0.3666978484565014 0.49214758033443956 0.038910196445275935 0.03669381181537265
0 0.31054724041159965 0.37334295881661667 0.039064546304957926 0.03810927219681906
0 0.0699485500467727 0.400589395527916 0.03854536950420953 0.03832088587510838
0 0.23132366697848455 0.8404495872201503 0.03833021515434987 0.037093526541030326
0 0.6279279700654817 0.9558166620973175 0.03662301216089814 0.03859833491997672
0 0.1246351730589336 0.45115565958670123 0.03833021515434987 0.03691012801984616
0 0.8979513564078578 0.7604314016696723 0.040617399438727775 0.03939776437129206
0 0.5278297474275023 0.4516447223098588 0.03738540692235737 0.037309842745503835
0 0.05203461178671656 0.3443801000480815 0.03955098222637979 0.03832088587510849
0 0.032839101964452756 0.554738203846244 0.03970533208606174 0.039858611937344454
0 0.3732927970065482 0.9538557086785029 0.03942937324602436 0.04160324915168531
0 0.409911131898971 0.25895871191194886 0.037474275023386294 0.03746502610958262
0 0.26318521983161836 0.2940583673508751 0.03942937324602436 0.036971260860240884
0 0.16198783910196446 0.21649490046855346 0.0394293732460243 0.038382018715503154
0 0.3718241347053321 0.24607379016721978 0.03802619270346119 0.03746502610958262
0 0.8437511693171188 0.7810519789874232 0.039490177736202 0.04074738938615967
0 0.24475210477081383 0.8753047112974977 0.0386950420954163 0.038814651124450227
0 0.6025397567820393 0.9293085219969388 0.03845182413470538 0.03669381181537265
0 0.4523947614593078 0.9676011927149419 0.038755846585594056 0.03933663153089734
0 0.27417212347988773 0.19955640115303738 0.038236669784845634 0.036910128019846104
0 0.5688493919550982 0.9401102246420638 0.03802619270346108 0.03724870990510911
0 0.6728531337698783 0.6308297800329086 0.03790458372310579 0.03939776437129206
0 0.47680542563143125 0.9391273966695644 0.03817586529466788 0.037403893269187895
0 0.44457904583723107 0.3117351632773117 0.037202993451824096 0.03767663978787193
0 0.841309635173059 0.7432483709925775 0.0389710009354538 0.03933663153089734
0 0.6420907390084191 0.6107029679644996 0.03817586529466799 0.03948711236879193
0 0.24047708138447144 0.26926664930773214 0.03738540692235737 0.03592730004734677
0 0.03768942937324602 0.5890995626742495 0.040009354536950426 0.03746502610958262
0 0.04208606173994388 0.37849692751450825 0.04009822263797942 0.03859833491997672
0 0.5458980355472405 0.9695621461337566 0.03845182413470538 0.03859833491997672
0 0.20634237605238542 0.4039846194329139 0.03774555659494855 0.03392872641905841
0 0.23971468662301215 0.3949369590544984 0.03649672591206732 0.03794938630655608
0 0.09698316183348923 0.48968345661391477 0.039995322731524785 0.03342555611734818
0 0.02711880261927034 0.5182042779211344 0.04124415341440599 0.03518430091024184
0 0.16622544434050515 0.5012422659746973 0.040495790458372316 0.03543353479800492
0 0.09236202057998129 0.5957348271201666 0.04274555659494855 0.03543353479800492
0 0.1291066417212348 0.5884459115346447 0.03724508886810102 0.03694304570313551
0 0.1739756782039289 0.5694712183813666 0.04399438727782973 0.03819862019431905
0 0.1952198316183349 0.5923443057413529 0.040495790458372316 0.03669381181537265
0 0.1820954162768943 0.626019095746464 0.041244153414406015 0.03970813109944963
0 0.2183442469597755 0.6292873514444883 0.03974275023386342 0.03920496079773951
0 0.1950935453695042 0.6579351409586817 0.04124415341440596 0.03719227959089858
0 0.1266043030869972 0.6569288003552611 0.04324134705332089 0.03719227959089858
0 0.10823199251637045 0.6887225798866893 0.037492984097287185 0.03744621600484585
0 0.1447287184284378 0.6887225798866893 0.037492984097287185 0.03744621600484585
0 0.12860617399438726 0.7203846886849598 0.04024321796071095 0.03141287491050725
0 0.1658512628624883 0.7212640610814065 0.036744621141253486 0.03719227959089858
0 0.20059401309635175 0.723652944382984 0.04024321796071095 0.03694304570313551
0 0.23721234798877455 0.7205116568919334 0.03349391955098224 0.0407144717028701
0 0.2638353601496726 0.7443863823291558 0.03674462114125354 0.03719227959089858
0 0.28658091674462116 0.7731611400503227 0.04024321796071095 0.03845255660826632
0 0.1889710009354537 0.7598435858966462 0.039995322731524785 0.03895102438379224
0 0.1734752104770814 0.7940215462034679 0.039995322731524785 0.03895102438379224
0 0.3040785781103835 0.8371201986817314 0.03924228250701589 0.03568747121195219
0 0.3455706267539757 0.8386297095868619 0.03724508886810107 0.0376954498926087
0 0.3489476145930776 0.7757992572396631 0.03599625818521979 0.03367479000511126
0 0.2668334892422825 0.6519017998643432 0.03574368568755848 0.03619064151366231
0 0.2915809167446211 0.6766558976980125 0.038246024321796024 0.03845255660826632
0 0.2749579045837231 0.587820475552145 0.034995322731524836 0.03669381181537265
0 0.31332553788587464 0.61093809427371 0.040743685687558484 0.03468113060853172
0 0.3459494855004677 0.5988761146112173 0.03599625818521979 0.03669381181537265
0 0.3393217960710945 0.6340604155214591 0.03974275023386342 0.03568747121195219
0 0.3784424695977549 0.6764066638102495 0.03999532273152484 0.03392872641905852
0 0.34444808231992513 0.6966369314547108 0.04199251637043966 0.03619064151366231
0 0.29470533208606176 0.5497441210386154 0.03849391955098225 0.03593670509971504
0 0.2954536950420954 0.5106661284478495 0.033994387277829774 0.033171619703401135
0 0.3320767072029935 0.49772477638891 0.03224508886810107 0.03543353479800492
0 0.39006548175865297 0.3945607569597617 0.03924228250701589 0.03619064151366231
0 0.4776753975678204 0.49320094619970206 0.03649672591206732 0.03643987540142538
0 0.4358091674462114 0.5091566175427188 0.03374649204864355 0.03317161970340091
0 0.43418615528531335 0.5452202908494076 0.03649672591206732 0.03593670509971504
0 0.45043030869971934 0.5776395063633353 0.037993451824134716 0.04046053528892283
0 0.48330215154349854 0.5909617630431958 0.040743685687558484 0.03895102438379224
0 0.44793264733395693 0.6135762114630504 0.0409915809167446 0.03593670509971504
0 0.4128110383536015 0.6096825197825265 0.037745556594948604 0.03619064151366231
0 0.4121889616463985 0.6462493633909255 0.03949485500467731 0.03694304570313551
0 0.45368101028999064 0.6473779696751355 0.03649672591206732 0.03719227959089858
0 0.4835500467726847 0.627401638444621 0.04224508886810108 0.03342555611734818
0 0.5119223573433115 0.6459954269769783 0.03899438727782978 0.03643987540142538
0 0.4857998129092611 0.6666065992423605 0.03874181478016836 0.03643987540142538
0 0.44668381665107576 0.6831924090940611 0.04049579045837226 0.03543353479800492
0 0.4525584658559402 0.7180005079095664 0.03924228250701589 0.03367479000511126
0 0.4833021515434986 0.7034226767385225 0.03674462114125354 0.03870179049602917
0 0.4476800748362956 0.7560721598969118 0.03949485500467731 0.03744621600484585
0 0.5141721234798877 0.7252847209689041 0.04049579045837226 0.03819862019431905
0 0.5065481758652947 0.7661261608787479 0.039242282507016 0.03845255660826632
0 0.4753040224508887 0.8175200695459537 0.03474275023386342 0.03468113060853172
0 0.4478063610851263 0.8408916246814659 0.03974275023386342 0.03719227959089858
0 0.48117867165575307 0.8519472637405381 0.03849391955098225 0.04121293947839625
0 0.5176707202993451 0.8510678913440913 0.0394948550046772 0.03845255660826632
0 0.5334190832553789 0.8177693034337167 0.03899438727782978 0.03518430091024184
0 0.5760383536014967 0.9032142042007704 0.039242282507016 0.03719227959089858
0 0.5962862488306828 0.8638869777222414 0.03574368568755837 0.03794938630655597
0 0.5934097287184285 0.8288249424927889 0.03899438727782978 0.03920496079773951
0 0.6055332086061741 0.795404088901625 0.03624415341440601 0.03568747121195219
0 0.615533208606174 0.7589642135001996 0.038246024321796135 0.03719227959089858
0 0.5561646398503274 0.7172434011939091 0.03549579045837237 0.03518430091024184
0 0.5840364826941067 0.7408688927433684 0.038246024321796135 0.03719227959089858
0 0.5324181478016838 0.5354202262815186 0.034995322731524725 0.03643987540142538
0 0.5131711880261928 0.5662076652095265 0.03549579045837237 0.03468113060853172
0 0.5397942001870907 0.5907078266292486 0.03674462114125343 0.03845255660826632
0 0.5577923292797007 0.5610536965116348 0.041744621141253546 0.03945419468550259
0 0.6122825070159027 0.5449710569616446 0.03774555659494849 0.03845255660826632
0 0.5884097287184284 0.6069174343862124 0.03899438727782978 0.03468113060853172
0 0.6115341440598691 0.6302889895217246 0.04524321796071096 0.04121293947839625
0 0.5910336763330216 0.6598208539585488 0.03524321796071095 0.03593670509971504
0 0.6426520112254444 0.6535382789764475 0.038493919550982136 0.03845255660826632
0 0.6733956969130028 0.6742717169226191 0.03599625818521979 0.03468113060853172
0 0.7053928905519178 0.6919861330585295 0.04199251637043977 0.0349303644962948
0 0.7347614593077643 0.6713796633193314 0.03574368568755837 0.0349303644962948
0 0.7362628624883069 0.7056845918331265 0.03874181478016836 0.03920496079773951
0 0.6765247895229186 0.7192560824007498 0.03724508886810107 0.03518430091024184
0 0.7855051449953228 0.793391407694784 0.038246024321796135 0.03669381181537265
0 0.7917539756782039 0.829958251303183 0.03974275023386342 0.03945419468550259
0 0.6391534144059869 0.7864786942039987 0.037492984097287074 0.03895102438379224
0 0.6600233863423761 0.8178962716406902 0.03524321796071095 0.03845255660826632
0 0.6672731524789524 0.8535790403264583 0.03474275023386353 0.03543353479800492
0 0.6955191768007484 0.8229232721316083 0.039242282507016 0.03945419468550259
0 0.7343872778297473 0.8390059116815987 0.04199251637043977 0.03845255660826632
0 0.7037698783910197 0.8588599772313235 0.041744621141253546 0.03895102438379224
0 0.7350140318054257 0.876828329781181 0.04324134705332083 0.0407144717028701
0 0.630154349859682 0.8589822429121129 0.037492984097287074 0.03619064151366231
0 0.7160149672591206 0.7708992249557186 0.04024321796071084 0.03694304570313551