0 0.35595703125 0.30633284241531666 0.04443359375 0.044182621502209134
0 0.32177734375 0.5733922434953362 0.0439453125 0.043200785468826705
0 0.468505859375 0.4698085419734904 0.04248046875 0.041728031418753066
0 0.5205078125 0.5147275405007363 0.04248046875 0.04221894943544428
0 0.7939453125 0.12763868433971526 0.0458984375 0.046146293568973984
0 0.353271484375 0.41384388807069217 0.0439453125 0.043200785468826705
0 0.186767578125 0.49680903289150713 0.044921875 0.043200785468826705
0 0.255615234375 0.13868433971526756 0.04443359375 0.044182621502209134
0 0.3623046875 0.17206676485027 0.04443359375 0.045164457535591555
0 0.268798828125 0.5100638193421698 0.04248046875 0.041728031418753066
0 0.486572265625 0.5373097692685321 0.04296875 0.043200785468826705
0 0.32275390625 0.6320569464899362 0.0439453125 0.043691703485517916
0 0.346923828125 0.26804123711340205 0.04345703125 0.043691703485517916
0 0.394287109375 0.07879234167893961 0.044921875 0.044673539518900345
0 0.133056640625 0.5898379970544919 0.04541015625 0.043691703485517916
0 0.143310546875 0.4221894943544428 0.04443359375 0.042709867452135494
0 0.332275390625 0.4408443789887089 0.044921875 0.044182621502209134
0 0.48779296875 0.09180166912125676 0.04296875 0.043200785468826705
0 0.156982421875 0.3232695139911635 0.04345703125 0.043200785468826705
0 0.42626953125 0.4118802160039273 0.04345703125 0.04221894943544428
0 0.104736328125 0.6462935689739814 0.04443359375 0.043200785468826705
0 0.3408203125 0.5115365733922435 0.04345703125 0.04221894943544428
0 0.2705078125 0.4383897889052528 0.04443359375 0.043200785468826705
0 0.34716796875 0.09474717722140402 0.04443359375 0.044673539518900345
0 0.26318359375 0.5765832106038291 0.04296875 0.043200785468826705
0 0.4287109375 0.20864015709376535 0.0439453125 0.044673539518900345
0 0.436767578125 0.6045655375552282 0.0419921875 0.04221894943544428
0 0.60595703125 0.09474717722140402 0.0439453125 0.044673539518900345
0 0.517578125 0.2599410898379971 0.04443359375 0.045655375552282766
0 0.2470703125 0.37702503681885124 0.04345703125 0.04221894943544428
0 0.16748046875 0.5962199312714777 0.0439453125 0.042709867452135494
0 0.08349609375 0.3647520864015709 0.0458984375 0.043691703485517916
0 0.467529296875 0.06357388316151202 0.044921875 0.044673539518900345
0 0.392333984375 0.4025527736867943 0.0439453125 0.042709867452135494
0 0.269287109375 0.6612665684830633 0.04345703125 0.042709867452135494
0 0.2392578125 0.7002945508100147 0.04345703125 0.04221894943544428
0 0.376708984375 0.553019145802651 0.04345703125 0.04221894943544428
0 0.066650390625 0.42857142857142855 0.04541015625 0.043691703485517916
0 0.290283203125 0.5537555228276878 0.0439453125 0.043200785468826705
0 0.245849609375 0.6318114874815906 0.04345703125 0.043200785468826705
0 0.802734375 0.32670594010800197 0.04345703125 0.043200785468826705
0 0.255126953125 0.5424644084437898 0.04345703125 0.043200785468826705
0 0.47119140625 0.6421207658321061 0.041015625 0.041237113402061855
0 0.446044921875 0.17599410898379972 0.044921875 0.045164457535591555
0 0.089111328125 0.4798723613156603 0.044921875 0.044182621502209134
0 0.363037109375 0.6890034364261168 0.04296875 0.043200785468826705
0 0.634765625 0.4410898379970545 0.04345703125 0.043200785468826705
0 0.200439453125 0.6536573392243495 0.04296875 0.042709867452135494
0 0.6044921875 0.5078546882670594 0.04248046875 0.042709867452135494
0 0.44091796875 0.08762886597938144 0.0439453125 0.044182621502209134
0 0.128173828125 0.5567010309278351 0.04443359375 0.043691703485517916
0 0.202392578125 0.4653902798232695 0.044921875 0.042709867452135494
0 0.41064453125 0.24005891016200295 0.044921875 0.044673539518900345
0 0.216796875 0.5198821796759941 0.0439453125 0.042709867452135494
0 0.108642578125 0.41261659302896414 0.044921875 0.043200785468826705
0 0.58642578125 0.06111929307805596 0.04345703125 0.043691703485517916
0 0.3046875 0.5223367697594502 0.044921875 0.044182621502209134
0 0.30859375 0.6624938635247913 0.04296875 0.043200785468826705
0 0.8740234375 0.20692194403534608 0.04638671875 0.045655375552282766
0 0.482666015625 0.18581246931762396 0.04345703125 0.044673539518900345
0 0.031982421875 0.4413352970054001 0.0458984375 0.045164457535591555
0 0.86474609375 0.24668630338733433 0.04541015625 0.045655375552282766
0 0.133056640625 0.6912125675012273 0.0439453125 0.043200785468826705
0 0.19677734375 0.18851251840942562 0.04736328125 0.046146293568973984
0 0.43408203125 0.14187530682376043 0.04345703125 0.043691703485517916
0 0.16259765625 0.17304860088365243 0.044921875 0.045655375552282766
0 0.2666015625 0.4742268041237113 0.04541015625 0.044182621502209134
0 0.91845703125 0.27221404025527735 0.0458984375 0.045164457535591555
0 0.069091796875 0.5962199312714777 0.04443359375 0.04221894943544428
0 0.871337890625 0.35247913598429065 0.044921875 0.045164457535591555
0 0.849853515625 0.17820324005891017 0.04541015625 0.045164457535591555
0 0.3671875 0.48674521354933725 0.0439453125 0.04221894943544428
0 0.293212890625 0.5952380952380952 0.04443359375 0.043691703485517916
0 0.059814453125 0.5304369170348552 0.0439453125 0.043691703485517916
0 0.28759765625 0.12150220913107511 0.04345703125 0.042709867452135494
0 0.697265625 0.06995581737849779 0.0419921875 0.043691703485517916
0 0.12158203125 0.4891998036327933 0.04345703125 0.042709867452135494
0 0.93359375 0.30535100638193424 0.04638671875 0.045164457535591555
0 0.52001953125 0.5520373097692686 0.04296875 0.042709867452135494
0 0.033447265625 0.5832106038291606 0.044921875 0.044182621502209134
0 0.047119140625 0.37236131566028474 0.04541015625 0.045655375552282766
0 0.445556640625 0.031909671084928815 0.04541015625 0.047128129602356406
0 0.37353515625 0.7238586156111929 0.04296875 0.042709867452135494
0 0.234130859375 0.6661757486499754 0.044921875 0.042709867452135494
0 0.1220703125 0.7268041237113402 0.044921875 0.044182621502209134
0 0.333984375 0.7307314678448699 0.04345703125 0.043200785468826705
0 0.88330078125 0.2763868433971527 0.04541015625 0.046637211585665195
0 0.306396484375 0.08910162002945508 0.04443359375 0.044182621502209134
0 0.66796875 0.09204712812960236 0.04345703125 0.04221894943544428
0 0.525634765625 0.030682376043200784 0.04443359375 0.045164457535591555
0 0.230224609375 0.761168384879725 0.04345703125 0.042709867452135494
0 0.636474609375 0.07609229258713794 0.04345703125 0.042709867452135494
0 0.691162109375 0.39788905252822776 0.04345703125 0.044673539518900345
0 0.54541015625 0.0625920471281296 0.04345703125 0.042709867452135494
0 0.416015625 0.6772214040255278 0.04248046875 0.043200785468826705
0 0.875 0.3134511536573392 0.04443359375 0.045164457535591555
0 0.657470703125 0.41310751104565535 0.0439453125 0.045164457535591555
0 0.207763671875 0.687039764359352 0.04248046875 0.041237113402061855
0 0.05712890625 0.3392243495336279 0.04541015625 0.043200785468826705
0 0.02880859375 0.5478645066273933 0.04541015625 0.044673539518900345
0 0.618408203125 0.04344624447717231 0.0439453125 0.044182621502209134
0 0.195068359375 0.5486008836524301 0.04248046875 0.039273441335297005
0 0.2265625 0.5628375061364752 0.0419921875 0.043200785468826705
0 0.100341796875 0.44673539518900346 0.044921875 0.039273441335297005
0 0.035888671875 0.40770741286205203 0.04638671875 0.041237113402061855
0 0.17041015625 0.44624447717231225 0.04541015625 0.041237113402061855
0 0.1123046875 0.34143348060873835 0.0478515625 0.041728031418753066
0 0.1474609375 0.3541973490427099 0.04248046875 0.04221894943544428
0 0.188720703125 0.3802160039273441 0.04931640625 0.044673539518900345
0 0.21337890625 0.36082474226804123 0.0458984375 0.042709867452135494
0 0.20556640625 0.32547864506627394 0.046875 0.045655375552282766
0 0.241943359375 0.32793323514973 0.04541015625 0.045164457535591555
0 0.223388671875 0.2960235640648012 0.04638671875 0.043200785468826705
0 0.155517578125 0.2862052037309769 0.04833984375 0.043691703485517916
0 0.142333984375 0.25208640157093765 0.04296875 0.042709867452135494
0 0.178466796875 0.25773195876288657 0.04296875 0.042709867452135494
0 0.16748046875 0.22385861561119294 0.04443359375 0.037309769268532154
0 0.204345703125 0.22901325478645065 0.0419921875 0.042709867452135494
0 0.239013671875 0.23195876288659795 0.04541015625 0.042709867452135494
0 0.274658203125 0.24079528718703977 0.03955078125 0.045655375552282766
0 0.3046875 0.22140402552773686 0.0419921875 0.042709867452135494
0 0.331787109375 0.19661266568483063 0.0458984375 0.044182621502209134
0 0.233154296875 0.19440353460972018 0.04541015625 0.044673539518900345
0 0.22314453125 0.15832106038291605 0.04541015625 0.044673539518900345
0 0.35888671875 0.13622974963181148 0.04443359375 0.041237113402061855
0 0.400146484375 0.1411389297987236 0.04248046875 0.043200785468826705
0 0.393798828125 0.2037309769268532 0.041015625 0.038782523318605794
0 0.29345703125 0.3132056946489936 0.041015625 0.041237113402061855
0 0.321533203125 0.2928325969563083 0.0439453125 0.044182621502209134
0 0.29150390625 0.37776141384388806 0.0400390625 0.041728031418753066
0 0.332763671875 0.36107020127638684 0.04541015625 0.040746195385370644
0 0.36328125 0.37800687285223367 0.04150390625 0.041728031418753066
0 0.362060546875 0.34241531664212077 0.044921875 0.041728031418753066
0 0.407470703125 0.30657830142366227 0.044921875 0.039764359351988215
0 0.376953125 0.2812960235640648 0.046875 0.04221894943544428
0 0.304931640625 0.4185076092292587 0.04345703125 0.041728031418753066
0 0.299560546875 0.4572901325478645 0.03857421875 0.03829160530191458
0 0.333740234375 0.47594501718213056 0.03759765625 0.04025527736867943
0 0.375 0.5868924889543446 0.04443359375 0.041728031418753066
0 0.476806640625 0.5031909671084929 0.04150390625 0.041728031418753066
0 0.43798828125 0.4808541973490427 0.03857421875 0.03829160530191458
0 0.442138671875 0.44501718213058417 0.04150390625 0.041237113402061855
0 0.463134765625 0.41556210112911146 0.0439453125 0.046146293568973984
0 0.49755859375 0.4074619538537064 0.04638671875 0.044673539518900345
0 0.46630859375 0.3797250859106529 0.0458984375 0.041728031418753066
0 0.430908203125 0.37800687285223367 0.04296875 0.041728031418753066
0 0.43603515625 0.34167893961708395 0.044921875 0.042709867452135494
0 0.477294921875 0.3470790378006873 0.0419921875 0.042709867452135494
0 0.503662109375 0.3716249386352479 0.046875 0.039764359351988215
0 0.534423828125 0.35763377515954836 0.0439453125 0.04221894943544428
0 0.511962890625 0.3333333333333333 0.0439453125 0.04221894943544428
0 0.475830078125 0.31075110456553756 0.04541015625 0.041237113402061855
0 0.487060546875 0.2771232204221895 0.0439453125 0.039273441335297005
0 0.51513671875 0.2965144820814924 0.04248046875 0.044182621502209134
0 0.48828125 0.23883161512027493 0.044921875 0.043200785468826705
0 0.549072265625 0.27982326951399117 0.0458984375 0.044182621502209134
0 0.5478515625 0.23809523809523808 0.044921875 0.044182621502209134
0 0.52490234375 0.18262150220913106 0.03955078125 0.039764359351988215
0 0.50146484375 0.15513009327442318 0.044921875 0.043200785468826705
0 0.5361328125 0.14948453608247422 0.04443359375 0.046637211585665195
0 0.572021484375 0.1561119293078056 0.044921875 0.044182621502209134
0 0.58251953125 0.19145802650957292 0.0439453125 0.040746195385370644
0 0.637939453125 0.11364752086401571 0.04443359375 0.042709867452135494
0 0.651611328125 0.1556210112911144 0.041015625 0.043200785468826705
0 0.643310546875 0.18998527245949925 0.04443359375 0.044673539518900345
0 0.650146484375 0.22484045164457536 0.04150390625 0.040746195385370644
0 0.654296875 0.26239567992145313 0.04345703125 0.042709867452135494
0 0.58935546875 0.29430535100638194 0.04052734375 0.04025527736867943
0 0.620361328125 0.27540500736377027 0.04345703125 0.042709867452135494
0 0.53759765625 0.47005400098183603 0.0400390625 0.041728031418753066
0 0.523193359375 0.4366715758468336 0.04052734375 0.039764359351988215
0 0.553466796875 0.4167893961708395 0.04248046875 0.043691703485517916
0 0.566650390625 0.4486990672557683 0.04736328125 0.045655375552282766
0 0.617919921875 0.4732449680903289 0.04345703125 0.043691703485517916
0 0.60400390625 0.40819833087874324 0.0439453125 0.04025527736867943
0 0.63037109375 0.38880706921944036 0.05126953125 0.047619047619047616
0 0.61474609375 0.35640648011782033 0.04052734375 0.041237113402061855
0 0.664794921875 0.3708885616102111 0.0439453125 0.044182621502209134
0 0.698486328125 0.3551791850760923 0.041015625 0.039764359351988215
0 0.732666015625 0.3426607756504664 0.046875 0.041237113402061855
0 0.758544921875 0.36769759450171824 0.04052734375 0.04025527736867943
0 0.765380859375 0.33406971035837013 0.04443359375 0.044673539518900345
0 0.70849609375 0.3112420225822288 0.04248046875 0.040746195385370644
0 0.82763671875 0.2550319096710849 0.04345703125 0.04221894943544428
0 0.839599609375 0.21993127147766323 0.04541015625 0.045164457535591555
0 0.68212890625 0.23883161512027493 0.04296875 0.044182621502209134
0 0.70751953125 0.2110947471772214 0.041015625 0.043691703485517916
0 0.72021484375 0.17697594501718214 0.0400390625 0.04025527736867943
0 0.743408203125 0.21183112420225822 0.044921875 0.045164457535591555
0 0.7841796875 0.20201276386843398 0.04736328125 0.044673539518900345
0 0.757080078125 0.17771232204221896 0.04736328125 0.045164457535591555
0 0.790771484375 0.16470299459990181 0.048828125 0.047128129602356406
0 0.684326171875 0.16593028964162984 0.04248046875 0.041728031418753066
0 0.755615234375 0.2663230240549828 0.04541015625 0.042709867452135494