0 0.31371842843779235 0.6607754667739432 0.0388166510757717 0.03773777262826666
0 0.30175865294667914 0.6971024815469474 0.04052853133769874 0.03976456141366016
0 0.6269550982226381 0.7776144323467672 0.039335827876520124 0.040469940341291435
0 0.24438260056127223 0.5940090000105623 0.0378110383536015 0.03752615894997734
0 0.19470065481758653 0.7785972603192667 0.03881665107577176 0.03823153787760839
0 0.20373713751169317 0.6804132161191944 0.03881665107577176 0.0387535182840555
0 0.4379887745556595 0.45753698761867106 0.037048643592142216 0.03691012801984616
0 0.37011693171188026 0.6156124053008123 0.03845182413470538 0.038170405037213896
0 0.7465809167446211 0.8335791964650229 0.039064546304957926 0.03912031532642383
0 0.09967259120673526 0.5208659077413961 0.03854536950420953 0.03724870990510911
0 0.17260523854069224 0.2749143832549656 0.0378110383536015 0.03669381181537254
0 0.8017586529466791 0.8227774938198978 0.040009354536950426 0.03991974477773895
0 0.15380729653882133 0.816396165787928 0.039335827876520124 0.03927549869050262
0 0.7573246024321797 0.7525781829420455 0.03912535079513568 0.03896513196234482
0 0.09039289055191768 0.6548832014651308 0.0390645463049579 0.038537202079582
0 0.2656267539756782 0.8301416498243671 0.039855004677268435 0.04031475697721243
0 0.4333489242282507 0.6632301854420993 0.037202993451824096 0.0370323937006356
0 0.44384939195509826 0.708887012164572 0.03811506080449012 0.03859833491997672
0 0.15771281571562207 0.6352501546460636 0.039335827876520124 0.037403893269187895
0 0.3249532273152479 0.52380968913271 0.03768942937324604 0.03758729179037206
0 0.6318381665107576 0.5974465466512182 0.03662301216089814 0.0370323937006356
0 0.18408325537885875 0.30829761663665595 0.0378110383536015 0.03758729179037206
0 0.09551917680074837 0.5881214372279344 0.038755846585594 0.037093526541030326
0 0.6733395696913003 0.9037785073428752 0.03775023386342369 0.037954088832740165
0 0.39770346117867167 0.41678959823251144 0.03768942937324604 0.03789295599234555
0 0.36963049579045837 0.919489647324313 0.039490177736202 0.039858611937344454
0 0.06487839101964453 0.4587643469527493 0.03869504209541627 0.037309842745503835
0 0.3728016838166511 0.814924275092271 0.039855004677268435 0.04083673738365954
0 0.3842750233863424 0.38390013010016294 0.03732460243217961 0.03752615894997734
0 0.4497053320860618 0.5012281583961447 0.03738540692235737 0.036543330977477834
0 0.10778765201122542 0.29185288257048164 0.03897100093545369 0.037403893269187895
0 0.17541627689429373 0.7486515735782321 0.03994855004677267 0.03918144816681833
0 0.2910149672591207 0.5130079864875849 0.0386950420954163 0.03758729179037206
0 0.5629887745556595 0.9327460686375946 0.0388166510757717 0.03939776437129206
0 0.28833021515434987 0.33701594404361224 0.0377502338634238 0.03718757706471439
0 0.31640785781103836 0.31418988194546815 0.03802619270346119 0.03746502610958262
0 0.4821796071094481 0.8051054004196454 0.03897100093545369 0.038443151555897934
0 0.7089850327408793 0.8915049140020932 0.039064546304957926 0.04053107318168616
0 0.23266604303086996 0.8453590245564632 0.039644527595883994 0.03933663153089734
0 0.3283676333021515 0.4307796136305293 0.037048643592142216 0.03559342068826801
0 0.4177268475210477 0.48601078366404854 0.037811038353601445 0.036971260860240884
0 0.3823246024321796 0.4811013463277358 0.03698783910196446 0.036543330977477945
0 0.5634752104770814 0.6897383255424782 0.03738540692235737 0.03801522167313488
0 0.4030776426566885 0.4506618943373594 0.038236669784845634 0.037798905468661374
0 0.1892095416276894 0.4631800190397203 0.039186155285313384 0.03718757706471439
0 0.24853601496725913 0.5007343931468028 0.03802619270346119 0.03810927219681906
0 0.2600093545369504 0.5341176265284933 0.03897100093545369 0.0387535182840555
0 0.35449017773620206 0.4062324269489652 0.03802619270346119 0.036359932456293785
0 0.6245135640785782 0.6632301854420993 0.03860617399438726 0.03810927219681917
0 0.8364265668849392 0.8350510871606799 0.04009822263797935 0.040897870224054264
0 0.21948082319925163 0.2999506326596873 0.0394293732460243 0.0383820187155031
0 0.06695509822263798 0.5650461412420271 0.03994855004677267 0.03801522167313488
0 0.445799812909261 0.9356898500289086 0.038755846585594056 0.03948711236879193
0 0.6142563143124415 0.8139414471197716 0.038755846585593945 0.03933663153089734
0 0.8847661365762396 0.7785972603192667 0.04015902712815711 0.039858611937344454
0 0.206421889616464 0.2633790865251041 0.03839101964452757 0.037954088832740276
0 0.06475678203928906 0.5301910171646799 0.0390645463049579 0.038443151555897934
0 0.8618147801683816 0.8080491818109593 0.039490177736202 0.03991974477773895
0 0.6484377923292797 0.5650461412420271 0.03677268475210482 0.03608248341142567
0 0.6694340505144996 0.7044666375514167 0.037109448082319973 0.036971260860240884
0 0.13354536950420953 0.2680392899736539 0.03854536950420956 0.03758729179037206
0 0.855467726847521 0.7074151214689148 0.03979420018709079 0.0387535182840555
0 0.7675771749298409 0.8036335097239884 0.03912535079513568 0.038443151555897934
0 0.46093545369504213 0.8753047112974977 0.03912535079513568 0.040897870224054264
0 0.2724602432179607 0.44870094091854484 0.03759588400374181 0.036204749092214994
0 0.48950420954162766 0.9405992873652215 0.03683348924228258 0.03789295599234544
0 0.5068381665107576 0.5424646105054618 0.03656220767072038 0.035193705962610226
0 0.15588400374181477 0.7137964495008848 0.03985500467726849 0.03832088587510849
0 0.8662114125350795 0.7447249642144187 0.03912535079513568 0.03823153787760839
0 0.3000467726847521 0.5483568758142741 0.037109448082319973 0.03525483880300495
0 0.2690411599625819 0.9072160539835311 0.0403133769878391 0.04037588981760715
0 0.23901309635173057 0.46514567498471904 0.03732460243217961 0.03752615894997734
0 0.16028063610851265 0.33480575673703467 0.03912535079513563 0.03586616720695205
0 0.10247895229186155 0.7501234642738891 0.03985500467726846 0.03991974477773895
0 0.12249766136576239 0.779580088291766 0.04137979420018709 0.03976456141366016
0 0.4753414405986904 0.6445752640693475 0.03768942937324604 0.0370323937006356
0 0.16650608044901777 0.4231709262644813 0.03860617399438726 0.036204749092214994
0 0.7719738072965389 0.8880720698876216 0.040009354536950426 0.04053107318168616
0 0.35180542563143125 0.31124139802796996 0.03726379794200185 0.03691012801984616
0 0.12804957904583722 0.4320069729646075 0.03738540692235737 0.036359932456293785
0 0.12213283442469598 0.23502755616051596 0.038175865294667904 0.037309842745503835
0 0.19006548175865295 0.2328173688539383 0.039064546304957926 0.03789295599234555
0 0.7543966323666979 0.6882664348468212 0.03845182413470538 0.038814651124450227
0 0.30492984097287185 0.9273428660519399 0.039855004677268435 0.04053107318168616
0 0.7397474275023386 0.9067269912603736 0.039335827876520124 0.03976456141366016
0 0.3781758652946679 0.9543447714016606 0.037965388213283435 0.03927549869050262
0 0.5761739943872778 0.9656355367699432 0.039855004677268546 0.03976456141366016
0 0.3427736202057998 0.9430540060333779 0.03918615528531333 0.04037588981760715
0 0.6123058933582787 0.9592542087379733 0.037811038353601445 0.038443151555897934
0 0.46020579981290927 0.9695621461337566 0.038236669784845634 0.03927549869050262
0 0.3505846585594013 0.3703991774253026 0.036894293732460226 0.0364210652966885
0 0.42309635173058935 0.9661245994931007 0.03970533208606175 0.03954824520918666
0 0.8090832553788587 0.8600873365654016 0.039335827876520124 0.03918144816681833
0 0.5410149672591207 0.9690730834105991 0.03683348924228258 0.03838201871550321
0 0.5771468662301217 0.9671074274656002 0.037202993451824096 0.03789295599234544
0 0.2417492984097287 0.3239993515657254 0.041987839101964464 0.038730005653134544
0 0.31879794200187095 0.4893730898857572 0.03852198316183353 0.03699007096497765
0 0.36511225444340506 0.5346302018825719 0.039391955098222686 0.038730005653134544
0 0.37571562207670717 0.5672704361271573 0.03636108512628622 0.03438016893274231
0 0.3936810102899907 0.5922925779533266 0.039391955098222686 0.03568747121195219
0 0.421599625818522 0.565314185234527 0.032895229186155284 0.033942833997611103
0 0.4469223573433115 0.5352838530221766 0.0367913938260056 0.038297373244187305
0 0.22464920486435921 0.5254931935066564 0.04241814780168379 0.0361201036208992
0 0.1952151543498597 0.5494290517842734 0.03895696913002805 0.03699007096497765
0 0.23330682881197384 0.5576960928161107 0.04068755846585592 0.0361201036208992
0 0.26988306828811975 0.5677077710622886 0.0411225444340505 0.04047464286747563
0 0.3088400374181478 0.5825019184378062 0.0411225444340505 0.038730005653134544
0 0.3354630495790459 0.56031069737453 0.04414873713751166 0.04134461021155408
0 0.3458512628624883 0.589903694651749 0.03202993451824132 0.03438016893274231
0 0.32052853133769876 0.6140558691338397 0.03506080449017768 0.03568747121195219
0 0.3397895229186155 0.6355981415836951 0.04068755846585592 0.035250136276820755
0 0.2908793264733396 0.6340745231000117 0.04328344246959781 0.03568747121195219
0 0.25711412535079514 0.6279800491652787 0.03982226379794196 0.03916734058826575
0 0.21491113189897101 0.5851165229962255 0.0367913938260056 0.03699007096497765
0 0.22270346117867165 0.6201456405423886 0.03333021515434986 0.03568747121195219
0 0.23352666043030873 0.6543094932706576 0.0411225444340505 0.04134461021155408
0 0.19131898971000938 0.6421252479273755 0.048479887745556616 0.0378600383090561
0 0.1450046772684752 0.6025205724039783 0.033760523854069246 0.038730005653134544
0 0.07942937324602432 0.6218855752305456 0.04112254443405053 0.03742740590010908
0 0.12898971000935452 0.6540931770661839 0.03463049579045835 0.03916734058826575
0 0.11881665107577175 0.7167590409969355 0.0367913938260056 0.04090727527642265
0 0.19088868101029 0.7143654551691738 0.03722637979420018 0.039604675523397186
0 0.22746492048643593 0.7095782835136505 0.0411225444340505 0.03699007096497765
0 0.2439148737137512 0.7380849972423175 0.04458372310570624 0.041777242620501094
0 0.21101496725912067 0.7435258200374457 0.03939195509822263 0.035250136276820755
0 0.23071094480823198 0.7711578638958501 0.04414873713751172 0.040037307932344196
0 0.14197380729653883 0.7493992752415211 0.041552853133769885 0.036557438556030636
0 0.15842376052385407 0.7798622398628186 0.041552853133769885 0.040037307932344196
0 0.2988868101028999 0.733297825586794 0.0367913938260056 0.03568747121195219
0 0.3348129092609916 0.724377133415352 0.039391955098222686 0.03699007096497765
0 0.3391393826005613 0.6891269971385313 0.042853133769878426 0.039604675523397186
0 0.2835173058933583 0.6675847246886758 0.04068755846585592 0.03133293196537576
0 0.27637511693171185 0.7624534879288817 0.04025724976613654 0.041777242620501094
0 0.30559401309635176 0.7820395094861066 0.04328344246959781 0.04438714465273643
0 0.3019130028063611 0.8175059619674011 0.039391955098222686 0.0422145775556323
0 0.33329747427502343 0.8327374442780496 0.04501870907390082 0.04134461021155408
0 0.3387090739008419 0.7927001363457056 0.045449017773620204 0.046564414276024535
0 0.36684284377923293 0.7720278312399286 0.0411225444340505 0.04700174921115574
0 0.36532740879326475 0.7385176296512646 0.038091674462114145 0.030462964621297318
0 0.4010383536014967 0.7526628284133613 0.03852198316183353 0.0361201036208992
0 0.41142656688493917 0.7195899617598286 0.041987839101964464 0.043084544899710746
0 0.4027689429373246 0.6810715697849834 0.0367913938260056 0.03568747121195219
0 0.4915060804490177 0.7043584794491798 0.034195509822263825 0.035250136276820755
0 0.4694293732460243 0.6029579073391096 0.03506080449017768 0.0361201036208992
0 0.5029747427502338 0.6118785995105516 0.03982226379794196 0.036557438556030636
0 0.5302478952291863 0.6738955148278825 0.04241814780168385 0.04047464286747563
0 0.5557857811038354 0.6493060054106605 0.041552853133769885 0.038297373244187305
0 0.5828391019644528 0.6245001797889649 0.03852198316183353 0.033942833997611103
0 0.6001496725912067 0.5888127085770127 0.04025724976613665 0.033942833997611103
0 0.6784985968194575 0.6436488664110587 0.037656688493919566 0.03742740590010908
0 0.5854349859681947 0.7150191063087787 0.03506080449017768 0.04090727527642265
0 0.5508044901777361 0.7239397984802207 0.03506080449017768 0.0378600383090561
0 0.5042750233863424 0.7391712807908694 0.0476145930776426 0.04047464286747563
0 0.46986435921421893 0.7330815093823204 0.0411225444340505 0.04395451224378919
0 0.43718428437792334 0.7450447359949448 0.04501870907390082 0.043517177308657985
0 0.4360991580916745 0.7829094768301851 0.03592609915809164 0.04438714465273643
0 0.3962768942937325 0.7889992482387339 0.039391955098222686 0.03916734058826575
0 0.40775023386342374 0.8231631009670028 0.034630495790458404 0.039604675523397186
0 0.39887277829747425 0.8551496840719836 0.04458372310570624 0.04438714465273643
0 0.36619270346117866 0.8516698146956698 0.041552853133769885 0.04264720996457954
0 0.30104770813844717 0.8475362941797513 0.042853133769878426 0.04482447958786764
0 0.3313470533208606 0.8705974825871058 0.037656688493919566 0.0422145775556323
0 0.2737792329279701 0.868857547898949 0.04025724976613654 0.03699007096497765
0 0.334377923292797 0.9058523213901108 0.0367913938260056 0.0361201036208992
0 0.39822731524789523 0.8912697876928828 0.03636108512628622 0.041777242620501094
0 0.4068802619270346 0.9300044958722015 0.03982226379794196 0.03916734058826575
0 0.4322029934518241 0.8986715639068257 0.04025724976613654 0.03916734058826575
0 0.4674836295603368 0.9062849537990579 0.03636108512628622 0.038730005653134544
0 0.504490177736202 0.9065012700035315 0.042853133769878315 0.04090727527642265
0 0.541931711880262 0.901281465939061 0.046749298409728635 0.04264720996457954
0 0.5756969130028063 0.8936633735206446 0.03636108512628633 0.039604675523397186
0 0.5291627689429372 0.9319607467648319 0.045449017773620204 0.04134461021155408
0 0.4350187090739009 0.8505788286209336 0.03895696913002811 0.03699007096497765
0 0.47484097287184285 0.8393021708312036 0.04241814780168385 0.039604675523397186
0 0.4460570626753976 0.8125353917906935 0.0367913938260056 0.043517177308657985
0 0.47050982226379795 0.7683645633424306 0.03895696913002811 0.0422145775556323
0 0.5064405986903648 0.7755453208257158 0.03982226379794196 0.046131781867077296
0 0.5389008419083255 0.7587902200313839 0.038956969130027996 0.04569444693194609
0 0.5910617399438728 0.7855522965457099 0.04112254443405061 0.040037307932344196
0 0.6036155285313377 0.7463896584836281 0.04198783910196435 0.043517177308657985
0 0.636510757717493 0.7444287050648136 0.04198783910196435 0.043084544899710746
0 0.65966791393826 0.7692345306865092 0.03982226379794196 0.038730005653134544
0 0.6475491113189897 0.8040520345543828 0.03636108512628633 0.03699007096497765
0 0.6399719363891487 0.840172138175282 0.04025724976613665 0.0361201036208992
0 0.6068615528531338 0.8473528956585672 0.04328344246959781 0.038297373244187305
0 0.580023386342376 0.8190624981343738 0.04328344246959781 0.03568747121195219
0 0.5477782974742751 0.8305977948642352 0.037656688493919566 0.03438016893274231
0 0.5672544434050515 0.8601907921414542 0.03506080449017768 0.0361201036208992
0 0.5324087932647333 0.8660642473455296 0.038091674462114034 0.033942833997611103
0 0.5107670720299345 0.8321214133479184 0.034630495790458404 0.03742740590010908
0 0.49994387277829755 0.8699814516569746 0.04414873713751177 0.04526181452299907
0 0.7403975678203929 0.8704187865921059 0.04025724976613665 0.03916734058826575
0 0.742778297474275 0.7862059476853147 0.038091674462114034 0.0361201036208992
0 0.7871421889616464 0.7707581491701924 0.04717960710944813 0.038297373244187305
0 0.7256782039289055 0.7342007106141619 0.04025724976613665 0.034817503867873745