0 0.666748046875 0.8188512518409425 0.04052734375 0.04025527736867943
0 0.805419921875 0.46097201767304863 0.03857421875 0.036818851251840944
0 0.772705078125 0.4806087383406971 0.03955078125 0.038782523318605794
0 0.38623046875 0.5287187039764359 0.03662109375 0.037309769268532154
0 0.7021484375 0.39322533136966126 0.0400390625 0.037800687285223365
0 0.6630859375 0.42464408443789886 0.03955078125 0.037309769268532154
0 0.64306640625 0.4521354933726068 0.0380859375 0.037309769268532154
0 0.570068359375 0.8991163475699558 0.03857421875 0.03829160530191458
0 0.61669921875 0.42832596956308294 0.03857421875 0.037309769268532154
0 0.8408203125 0.7260677466863034 0.0400390625 0.04025527736867943
0 0.455810546875 0.7916053019145802 0.0390625 0.038782523318605794
0 0.880615234375 0.6772214040255278 0.03955078125 0.038782523318605794
0 0.490234375 0.4690721649484536 0.03759765625 0.037309769268532154
0 0.839111328125 0.540500736377025 0.04052734375 0.037800687285223365
0 0.595458984375 0.4945999018163967 0.0400390625 0.038782523318605794
0 0.876953125 0.2864506627393225 0.0400390625 0.038782523318605794
0 0.72119140625 0.8316151202749141 0.0400390625 0.039764359351988215
0 0.7783203125 0.6867943053510064 0.03955078125 0.04025527736867943
0 0.454833984375 0.48379970544919 0.037109375 0.036818851251840944
0 0.84130859375 0.68826705940108 0.04052734375 0.039764359351988215
0 0.738525390625 0.7925871379479626 0.0400390625 0.040746195385370644
0 0.572265625 0.4491899852724595 0.03759765625 0.036818851251840944
0 0.609619140625 0.7206676485027 0.04052734375 0.039764359351988215
0 0.73779296875 0.39739813451153655 0.0390625 0.037800687285223365
0 0.633544921875 0.915807560137457 0.0419921875 0.04025527736867943
0 0.797607421875 0.19366715758468336 0.03857421875 0.03632793323514973
0 0.892333984375 0.36180657830142365 0.0390625 0.038782523318605794
0 0.681396484375 0.31001472754050075 0.0380859375 0.03829160530191458
0 0.89208984375 0.6008836524300442 0.04052734375 0.037800687285223365
0 0.721923828125 0.36524300441826213 0.03955078125 0.037800687285223365
0 0.73681640625 0.49803632793323516 0.03955078125 0.03829160530191458
0 0.609375 0.5910652920962199 0.03857421875 0.03829160530191458
0 0.9501953125 0.35198821796759944 0.0400390625 0.03829160530191458
0 0.699462890625 0.8851251840942562 0.03955078125 0.040746195385370644
0 0.83349609375 0.20594010800196366 0.03857421875 0.036818851251840944
0 0.774169921875 0.5159548355424645 0.03955078125 0.037800687285223365
0 0.3271484375 0.5837015218458518 0.03759765625 0.037309769268532154
0 0.146240234375 0.636475208640157 0.0400390625 0.04025527736867943
0 0.6865234375 0.4518900343642612 0.03955078125 0.03829160530191458
0 0.257080078125 0.7663230240549829 0.0400390625 0.041237113402061855
0 0.7919921875 0.25895925380461465 0.03955078125 0.03632793323514973
0 0.243408203125 0.8230240549828178 0.04052734375 0.040746195385370644
0 0.64453125 0.5984290623465881 0.0400390625 0.039764359351988215
0 0.44091796875 0.9008345606283751 0.04052734375 0.039764359351988215
0 0.5341796875 0.45581737849779086 0.037109375 0.037309769268532154
0 0.929931640625 0.5873834069710359 0.03955078125 0.037800687285223365
0 0.18115234375 0.6978399607265586 0.041015625 0.04025527736867943
0 0.634765625 0.8789887088856161 0.04052734375 0.040746195385370644
0 0.2060546875 0.8730976926853216 0.04052734375 0.039273441335297005
0 0.939697265625 0.44624447717231225 0.03955078125 0.039273441335297005
0 0.91015625 0.4960726558664703 0.04052734375 0.039273441335297005
0 0.905517578125 0.5294550810014728 0.04150390625 0.038782523318605794
0 0.85986328125 0.34511536573392243 0.03955078125 0.03829160530191458
0 0.52783203125 0.9342169857633775 0.03857421875 0.039273441335297005
0 0.845458984375 0.30338733431516934 0.03857421875 0.03829160530191458
0 0.95849609375 0.38905252822778597 0.04052734375 0.038782523318605794
0 0.8056640625 0.4963181148748159 0.0390625 0.037800687285223365
0 0.708984375 0.42832596956308294 0.0400390625 0.038782523318605794
0 0.7626953125 0.8578792341678939 0.04052734375 0.039764359351988215
0 0.77294921875 0.44550810014727543 0.03857421875 0.036818851251840944
0 0.923583984375 0.6215022091310751 0.04052734375 0.039764359351988215
0 0.85888671875 0.5861561119293078 0.0390625 0.03829160530191458
0 0.49267578125 0.9432989690721649 0.0380859375 0.039273441335297005
0 0.539794921875 0.8794796269023073 0.0390625 0.040746195385370644
0 0.822265625 0.24153166421207659 0.03857421875 0.037309769268532154
0 0.476318359375 0.9096710849288169 0.04052734375 0.041728031418753066
0 0.751708984375 0.342906234658812 0.0390625 0.037800687285223365
0 0.266357421875 0.8824251350024546 0.0400390625 0.04025527736867943
0 0.685302734375 0.27491408934707906 0.04052734375 0.03829160530191458
0 0.938232421875 0.5525282277859598 0.041015625 0.04025527736867943
0 0.1162109375 0.7250859106529209 0.0400390625 0.039764359351988215
0 0.7275390625 0.46293568973981347 0.03857421875 0.036818851251840944
0 0.825439453125 0.3325969563082965 0.03955078125 0.037800687285223365
0 0.7099609375 0.24815905743740796 0.03857421875 0.037309769268532154
0 0.91064453125 0.3004418262150221 0.03955078125 0.03829160530191458
0 0.420166015625 0.9317623956799215 0.0400390625 0.040746195385370644
0 0.598876953125 0.9236622484045165 0.0390625 0.037309769268532154
0 0.738525390625 0.7582228767795778 0.04052734375 0.039273441335297005
0 0.7255859375 0.9101620029455081 0.04052734375 0.039273441335297005
0 0.18798828125 0.7344133529700541 0.03955078125 0.039273441335297005
0 0.297607421875 0.7749140893470791 0.03955078125 0.04025527736867943
0 0.1982421875 0.8055964653902798 0.0390625 0.039273441335297005
0 0.64453125 0.30461462935689737 0.03955078125 0.037309769268532154
0 0.3017578125 0.8679430535100638 0.04150390625 0.041237113402061855
0 0.79736328125 0.3556701030927835 0.0400390625 0.037309769268532154
0 0.843994140625 0.7663230240549829 0.03857421875 0.038782523318605794
0 0.710693359375 0.3323514972999509 0.03857421875 0.037800687285223365
0 0.53125 0.3784977908689249 0.03759765625 0.037800687285223365
0 0.658447265625 0.33676975945017185 0.0380859375 0.037309769268532154
0 0.626220703125 0.6296023564064801 0.041015625 0.039764359351988215
0 0.510986328125 0.9010800196367207 0.03857421875 0.041237113402061855
0 0.27734375 0.5326460481099656 0.0390625 0.038782523318605794
0 0.9248046875 0.3755522827687776 0.03955078125 0.039764359351988215
0 0.093017578125 0.689494354442808 0.041015625 0.039764359351988215
0 0.79736328125 0.8603338242513501 0.0390625 0.039273441335297005
0 0.562744140625 0.3321060382916053 0.037109375 0.037800687285223365
0 0.2099609375 0.6462935689739814 0.0400390625 0.039764359351988215
0 0.176513671875 0.6610211094747177 0.03955078125 0.039273441335297005
0 0.95751953125 0.6119293078055965 0.04052734375 0.04025527736867943
0 0.431396484375 0.966372115856652 0.03955078125 0.040746195385370644
0 0.739990234375 0.31050564555719196 0.0380859375 0.037309769268532154
0 0.875732421875 0.48576337751595483 0.0419921875 0.041237113402061855
0 0.87158203125 0.5208640157093766 0.03857421875 0.037800687285223365
0 0.870849609375 0.5527736867943054 0.04345703125 0.035837015218458515
0 0.940673828125 0.520618556701031 0.04052734375 0.039273441335297005
0 0.94287109375 0.4840451644575356 0.041015625 0.038782523318605794
0 0.970458984375 0.5341188021600393 0.03955078125 0.03485517918507609
0 0.943603515625 0.6512027491408935 0.04150390625 0.042709867452135494
0 0.9091796875 0.7032400589101621 0.03515625 0.031418753068237604
0 0.87158203125 0.7442317133038783 0.03759765625 0.036818851251840944
0 0.8115234375 0.6696121747668139 0.0400390625 0.037309769268532154
0 0.80810546875 0.7071674030436917 0.0419921875 0.035837015218458515
0 0.762939453125 0.6173294059891998 0.0400390625 0.041237113402061855
0 0.751953125 0.6597938144329897 0.03759765625 0.04025527736867943
0 0.71875 0.6701030927835051 0.04296875 0.03829160530191458
0 0.708251953125 0.7002945508100147 0.0390625 0.038782523318605794
0 0.673095703125 0.7137947962690231 0.0419921875 0.03485517918507609
0 0.6767578125 0.7513500245459008 0.04052734375 0.037309769268532154
0 0.706787109375 0.7361315660284733 0.0419921875 0.041728031418753066
0 0.641357421875 0.7358861070201277 0.04052734375 0.039273441335297005
0 0.63818359375 0.7012763868433971 0.041015625 0.041728031418753066
0 0.636474609375 0.6624938635247913 0.0361328125 0.036818851251840944
0 0.664306640625 0.6266568483063328 0.03662109375 0.03632793323514973
0 0.72216796875 0.5618556701030928 0.0390625 0.03485517918507609
0 0.72900390625 0.5976926853215513 0.03515625 0.037800687285223365
0 0.69677734375 0.5837015218458518 0.037109375 0.03632793323514973
0 0.677734375 0.5127638684339715 0.03857421875 0.038782523318605794
0 0.617919921875 0.5198821796759941 0.044921875 0.041728031418753066
0 0.630126953125 0.48699067255768286 0.0439453125 0.039764359351988215
0 0.606201171875 0.46097201767304863 0.03955078125 0.035837015218458515
0 0.563720703125 0.48109965635738833 0.04052734375 0.037309769268532154
0 0.5185546875 0.4896907216494845 0.033203125 0.035346097201767304
0 0.6640625 0.5682376043200785 0.0361328125 0.03289150711831124
0 0.6279296875 0.5628375061364752 0.03857421875 0.039273441335297005
0 0.5791015625 0.5751104565537555 0.0380859375 0.037309769268532154
0 0.55078125 0.5513009327442318 0.041015625 0.035837015218458515
0 0.509521484375 0.5444280805105547 0.037109375 0.03632793323514973
0 0.527099609375 0.5751104565537555 0.0390625 0.036818851251840944
0 0.50146484375 0.5972017673048601 0.04296875 0.043691703485517916
0 0.46240234375 0.5974472263132057 0.03955078125 0.048600883652430045
0 0.480712890625 0.5667648502700049 0.0400390625 0.03632793323514973
0 0.458740234375 0.5368188512518409 0.03662109375 0.036818851251840944
0 0.444580078125 0.5677466863033873 0.03515625 0.03485517918507609
0 0.41796875 0.5513009327442318 0.041015625 0.044673539518900345
0 0.3837890625 0.5706921944035346 0.041015625 0.041728031418753066
0 0.586669921875 0.616593028964163 0.04052734375 0.037309769268532154
0 0.598388671875 0.6485027000490918 0.04296875 0.039273441335297005
0 0.57177734375 0.6730486008836525 0.04541015625 0.042709867452135494
0 0.606689453125 0.6872852233676976 0.03955078125 0.037309769268532154
0 0.57666015625 0.7115856651939126 0.0390625 0.038782523318605794
0 0.570556640625 0.7447226313205695 0.03515625 0.031909671084928815
0 0.60302734375 0.759941089837997 0.04345703125 0.041237113402061855
0 0.579833984375 0.7854688267059401 0.03564453125 0.036818851251840944
0 0.53662109375 0.7349042709867453 0.037109375 0.030927835051546393
0 0.54443359375 0.6983308787432498 0.0390625 0.042709867452135494
0 0.51025390625 0.7022582228767795 0.0361328125 0.04025527736867943
0 0.526611328125 0.6649484536082474 0.037109375 0.036818851251840944
0 0.493896484375 0.6688757977417771 0.04296875 0.038782523318605794
0 0.503662109375 0.6345115365733922 0.04248046875 0.037309769268532154
0 0.4658203125 0.6362297496318114 0.0478515625 0.044182621502209134
0 0.447265625 0.6691212567501227 0.0419921875 0.035837015218458515
0 0.434814453125 0.6173294059891998 0.04150390625 0.041237113402061855
0 0.41650390625 0.6492390770741286 0.03857421875 0.039273441335297005
0 0.39794921875 0.6845851742758959 0.03466796875 0.039273441335297005
0 0.431884765625 0.7005400098183603 0.03857421875 0.037800687285223365
0 0.45654296875 0.7260677466863034 0.04296875 0.038782523318605794
0 0.4140625 0.7339224349533627 0.033203125 0.03436426116838488
0 0.43896484375 0.7584683357879234 0.04150390625 0.039764359351988215
0 0.4150390625 0.783014236622484 0.041015625 0.03632793323514973
0 0.386962890625 0.7560137457044673 0.0458984375 0.044673539518900345
0 0.4873046875 0.7970054000981837 0.03955078125 0.03485517918507609
0 0.431396484375 0.8144329896907216 0.0390625 0.035837015218458515
0 0.6064453125 0.8502700049091801 0.03466796875 0.037309769268532154
0 0.537353515625 0.8426607756504664 0.0361328125 0.040746195385370644
0 0.5087890625 0.8645066273932254 0.0390625 0.038782523318605794
0 0.474365234375 0.8755522827687776 0.04296875 0.038782523318605794
0 0.41064453125 0.8645066273932254 0.03857421875 0.038782523318605794
0 0.3798828125 0.7970054000981837 0.04052734375 0.041728031418753066
0 0.35400390625 0.772459499263623 0.03857421875 0.040746195385370644
0 0.356689453125 0.7351497299950909 0.03662109375 0.03829160530191458
0 0.326904296875 0.7503681885125184 0.03955078125 0.039273441335297005
0 0.324951171875 0.7957781050564555 0.037109375 0.038782523318605794
0 0.3017578125 0.8213058419243986 0.0458984375 0.03829160530191458
0 0.329345703125 0.84413352970054 0.04150390625 0.038782523318605794
0 0.367431640625 0.8568973981345115 0.04150390625 0.038782523318605794
0 0.33984375 0.8777614138438881 0.0439453125 0.039764359351988215
0 0.353515625 0.6993127147766323 0.0361328125 0.03485517918507609
0 0.313720703125 0.6774668630338734 0.041015625 0.036818851251840944
0 0.245849609375 0.6487481590574374 0.04150390625 0.036818851251840944
0 0.283935546875 0.7407952871870398 0.0400390625 0.037309769268532154
0 0.21875 0.7152675503190967 0.03955078125 0.039273441335297005
0 0.227783203125 0.7893961708394698 0.0390625 0.038782523318605794
0 0.15185546875 0.7209131075110456 0.0419921875 0.037800687285223365
0 0.24072265625 0.8593519882179675 0.0458984375 0.04025527736867943