0 0.18212890625 0.17530800821355236 0.03857421875 0.039527720739219716
0 0.150634765625 0.18993839835728954 0.03662109375 0.03747433264887064
0 0.18212890625 0.21226899383983572 0.033203125 0.037987679671457907
0 0.19189453125 0.24486652977412732 0.0341796875 0.04106776180698152
0 0.225830078125 0.2646303901437372 0.0380859375 0.043634496919917866
0 0.2578125 0.25333675564681724 0.0361328125 0.044147843942505136
0 0.249267578125 0.2910677618069815 0.03662109375 0.038501026694045176
0 0.27099609375 0.3182751540041068 0.0380859375 0.04158110882956879
0 0.299560546875 0.34881930184804927 0.0380859375 0.03542094455852156
0 0.32177734375 0.2836242299794661 0.03564453125 0.04004106776180698
0 0.337646484375 0.3193018480492813 0.03662109375 0.03747433264887064
0 0.344970703125 0.3557494866529774 0.037109375 0.03747433264887064
0 0.379150390625 0.3480492813141684 0.03466796875 0.03696098562628337
0 0.419189453125 0.4024640657084189 0.03857421875 0.038501026694045176
0 0.447998046875 0.4196611909650924 0.03955078125 0.039014373716632446
0 0.415771484375 0.4427618069815195 0.03564453125 0.0364476386036961
0 0.345947265625 0.39373716632443534 0.0380859375 0.038501026694045176
0 0.35546875 0.4294147843942505 0.03857421875 0.04055441478439425
0 0.302978515625 0.41350102669404515 0.03759765625 0.038501026694045176
0 0.2734375 0.4330082135523614 0.03662109375 0.03542094455852156
0 0.315185546875 0.44763860369609854 0.04150390625 0.04004106776180698
0 0.28515625 0.4686858316221766 0.0390625 0.03696098562628337
0 0.247802734375 0.4563655030800821 0.03466796875 0.03542094455852156
0 0.257080078125 0.4881930184804928 0.03759765625 0.03747433264887064
0 0.289306640625 0.5033367556468172 0.033203125 0.03593429158110883
0 0.323974609375 0.49435318275154005 0.03271484375 0.03593429158110883
0 0.338623046875 0.5243839835728953 0.041015625 0.03696098562628337
0 0.376708984375 0.5248973305954825 0.03955078125 0.04004106776180698
0 0.364013671875 0.4951232032854209 0.03857421875 0.04055441478439425
0 0.345947265625 0.462782340862423 0.0419921875 0.04004106776180698
0 0.3798828125 0.45790554414784396 0.037109375 0.045174537987679675
0 0.415283203125 0.5171971252566735 0.0361328125 0.039014373716632446
0 0.3974609375 0.4853696098562628 0.03662109375 0.039527720739219716
0 0.429443359375 0.4756160164271047 0.03466796875 0.038501026694045176
0 0.44775390625 0.5071868583162218 0.03515625 0.037987679671457907
0 0.237548828125 0.375 0.0380859375 0.0364476386036961
0 0.238037109375 0.3385523613963039 0.03662109375 0.039014373716632446
0 0.187255859375 0.32931211498973306 0.03955078125 0.037987679671457907
0 0.1396484375 0.321611909650924 0.04052734375 0.04004106776180698
0 0.15869140625 0.35164271047227924 0.0380859375 0.038501026694045176
0 0.177734375 0.38193018480492813 0.03759765625 0.04004106776180698
0 0.208984375 0.3965605749486653 0.0390625 0.037987679671457907
0 0.11181640625 0.24589322381930184 0.0400390625 0.04004106776180698
0 0.06396484375 0.34188911704312114 0.03759765625 0.039527720739219716
0 0.09423828125 0.35908624229979463 0.04296875 0.045174537987679675
0 0.086669921875 0.3957905544147844 0.03759765625 0.03747433264887064
0 0.11962890625 0.41452772073921973 0.0390625 0.037987679671457907
0 0.140869140625 0.388347022587269 0.03955078125 0.03696098562628337
0 0.052490234375 0.40836755646817247 0.0419921875 0.04004106776180698
0 0.078857421875 0.43146817248459957 0.04052734375 0.03747433264887064
0 0.04541015625 0.44455852156057496 0.041015625 0.039014373716632446
0 0.106689453125 0.48126283367556466 0.04052734375 0.04158110882956879
0 0.0712890625 0.5033367556468172 0.03564453125 0.04106776180698152
0 0.1025390625 0.5169404517453798 0.0390625 0.03747433264887064
0 0.13671875 0.5151437371663244 0.0390625 0.039527720739219716
0 0.074462890625 0.5369609856262834 0.0390625 0.04260780287474333
0 0.10546875 0.5523613963039015 0.0361328125 0.037987679671457907
0 0.14013671875 0.5513347022587269 0.03759765625 0.03747433264887064
0 0.19775390625 0.5094969199178645 0.0390625 0.039014373716632446
0 0.208984375 0.5426078028747433 0.03857421875 0.039014373716632446
0 0.242431640625 0.5549281314168378 0.0361328125 0.03747433264887064
0 0.26416015625 0.5261806981519507 0.03515625 0.039014373716632446
0 0.27880859375 0.5577515400410678 0.03564453125 0.03747433264887064
0 0.324462890625 0.5651950718685832 0.03466796875 0.03696098562628337
0 0.34765625 0.5908624229979466 0.0380859375 0.04004106776180698
0 0.120849609375 0.5847022587268994 0.03662109375 0.037987679671457907
0 0.092041015625 0.6047227926078029 0.03857421875 0.04004106776180698
0 0.078125 0.6688911704312115 0.03857421875 0.04004106776180698
0 0.12353515625 0.7037987679671458 0.037109375 0.03542094455852156
0 0.160400390625 0.7097022587268994 0.0380859375 0.038501026694045176
0 0.143798828125 0.6491273100616016 0.0380859375 0.038501026694045176
0 0.15478515625 0.6137063655030801 0.03759765625 0.039014373716632446
0 0.190185546875 0.6049794661190965 0.03759765625 0.039014373716632446
0 0.224853515625 0.5967659137577002 0.0361328125 0.038501026694045176
0 0.250732421875 0.6183264887063655 0.03759765625 0.03747433264887064
0 0.284912109375 0.6185831622176592 0.03759765625 0.039527720739219716
0 0.17919921875 0.6391170431211499 0.04052734375 0.037987679671457907
0 0.171142578125 0.6740246406570842 0.03955078125 0.03747433264887064
0 0.50830078125 0.4730492813141684 0.03564453125 0.037987679671457907
0 0.54296875 0.48357289527720737 0.0361328125 0.038501026694045176
0 0.5634765625 0.5207905544147844 0.0361328125 0.039014373716632446
0 0.580322265625 0.5515913757700205 0.03857421875 0.039014373716632446
0 0.498291015625 0.5082135523613963 0.0380859375 0.038501026694045176
0 0.43505859375 0.5415811088295688 0.037109375 0.0364476386036961
0 0.4228515625 0.574435318275154 0.03759765625 0.03747433264887064
0 0.38134765625 0.5803388090349076 0.0341796875 0.03696098562628337
0 0.372802734375 0.6160164271047228 0.033203125 0.037987679671457907
0 0.34765625 0.6378336755646817 0.0390625 0.037987679671457907
0 0.395263671875 0.6450205338809035 0.0390625 0.03747433264887064
0 0.428466796875 0.6291067761806981 0.0322265625 0.03490759753593429
0 0.447021484375 0.6008726899383984 0.04052734375 0.04158110882956879
0 0.46923828125 0.627053388090349 0.04296875 0.04055441478439425
0 0.490966796875 0.6522073921971252 0.03662109375 0.03747433264887064
0 0.447509765625 0.6552874743326489 0.0380859375 0.04004106776180698
0 0.505126953125 0.6216632443531828 0.03759765625 0.04055441478439425
0 0.50830078125 0.5782854209445585 0.0361328125 0.04158110882956879
0 0.53369140625 0.6008726899383984 0.03564453125 0.043634496919917866
0 0.53564453125 0.5556981519507187 0.04052734375 0.044661190965092405
0 0.5927734375 0.625 0.03662109375 0.04106776180698152
0 0.62548828125 0.6329568788501027 0.0390625 0.04158110882956879
0 0.59033203125 0.6573408624229979 0.03515625 0.04055441478439425
0 0.623779296875 0.6676078028747433 0.0380859375 0.043121149897330596
0 0.6572265625 0.6773613963039015 0.04248046875 0.04106776180698152
0 0.6123046875 0.7063655030800822 0.0380859375 0.04004106776180698
0 0.62939453125 0.7363963039014374 0.03271484375 0.037987679671457907
0 0.658935546875 0.7484599589322382 0.0361328125 0.038501026694045176
0 0.368896484375 0.6645277207392197 0.037109375 0.04055441478439425
0 0.333984375 0.6750513347022588 0.0380859375 0.03747433264887064
0 0.35595703125 0.6989219712525667 0.0361328125 0.04106776180698152
0 0.231201171875 0.6896817248459959 0.03759765625 0.039527720739219716
0 0.193603515625 0.7007186858316222 0.041015625 0.04004106776180698
0 0.216552734375 0.7230492813141683 0.037109375 0.04055441478439425
0 0.251708984375 0.7140657084188912 0.0380859375 0.04260780287474333
0 0.28564453125 0.7025154004106776 0.03466796875 0.039014373716632446
0 0.206787109375 0.7574435318275154 0.03759765625 0.038501026694045176
0 0.241455078125 0.7502566735112937 0.0361328125 0.0364476386036961
0 0.4375 0.7002053388090349 0.03857421875 0.03747433264887064
0 0.41796875 0.7335728952772074 0.03662109375 0.04055441478439425
0 0.453857421875 0.7333162217659137 0.03955078125 0.04158110882956879
0 0.470703125 0.7641170431211499 0.03662109375 0.039527720739219716
0 0.49755859375 0.7399897330595483 0.0380859375 0.037987679671457907
0 0.52392578125 0.714835728952772 0.03369140625 0.03593429158110883
0 0.55078125 0.6917351129363449 0.03662109375 0.03747433264887064
0 0.5615234375 0.7253593429158111 0.03759765625 0.039527720739219716
0 0.594482421875 0.7384496919917864 0.0322265625 0.03593429158110883
0 0.599853515625 0.7748973305954825 0.03515625 0.03747433264887064
0 0.56689453125 0.7687371663244353 0.03857421875 0.039527720739219716
0 0.632568359375 0.7728439425051334 0.03369140625 0.039014373716632446
0 0.656982421875 0.7969712525667351 0.0380859375 0.039527720739219716
0 0.68798828125 0.819558521560575 0.03466796875 0.03696098562628337
0 0.623779296875 0.8116016427104723 0.03662109375 0.0364476386036961
0 0.65478515625 0.8347022587268994 0.0400390625 0.044661190965092405
0 0.6787109375 0.856776180698152 0.0400390625 0.039014373716632446
0 0.538330078125 0.7918377823408624 0.0380859375 0.038501026694045176
0 0.576416015625 0.8013347022587269 0.04052734375 0.04004106776180698
0 0.595458984375 0.8339322381930184 0.03759765625 0.04158110882956879
0 0.56689453125 0.8580595482546202 0.0361328125 0.037987679671457907
0 0.527099609375 0.8490759753593429 0.03955078125 0.04158110882956879
0 0.269287109375 0.7731006160164271 0.037109375 0.038501026694045176
0 0.3046875 0.766170431211499 0.0322265625 0.04055441478439425
0 0.338623046875 0.7666837782340863 0.03369140625 0.039014373716632446
0 0.3544921875 0.8105749486652978 0.03662109375 0.038501026694045176
0 0.322998046875 0.7969712525667351 0.03857421875 0.04158110882956879
0 0.3154296875 0.8349589322381931 0.03564453125 0.039527720739219716
0 0.229248046875 0.7849075975359343 0.03662109375 0.038501026694045176
0 0.256591796875 0.8074948665297741 0.0390625 0.043634496919917866
0 0.19384765625 0.7931211498973306 0.0380859375 0.038501026694045176
0 0.15478515625 0.8036447638603696 0.03369140625 0.038501026694045176
0 0.428955078125 0.766170431211499 0.03857421875 0.04055441478439425
0 0.450439453125 0.7910677618069816 0.04052734375 0.04158110882956879
0 0.482177734375 0.7962012320328542 0.03564453125 0.04004106776180698
0 0.42333984375 0.8167351129363449 0.03857421875 0.04055441478439425
0 0.3837890625 0.8565195071868583 0.033203125 0.03593429158110883
0 0.418212890625 0.8547227926078029 0.03515625 0.043121149897330596
0 0.3212890625 0.8716632443531828 0.03857421875 0.04158110882956879
0 0.35400390625 0.8775667351129364 0.0361328125 0.04106776180698152
0 0.40185546875 0.8873203285420944 0.03955078125 0.04260780287474333
0 0.436767578125 0.8929671457905544 0.03955078125 0.04568788501026694
0 0.375732421875 0.9111909650924025 0.03564453125 0.04055441478439425
0 0.40625 0.9268480492813141 0.0400390625 0.03696098562628337
0 0.363037109375 0.9453285420944558 0.0380859375 0.039527720739219716
0 0.260498046875 0.8624229979466119 0.037109375 0.04055441478439425
0 0.540771484375 0.8811601642710473 0.0380859375 0.043121149897330596
0 0.55810546875 0.9355749486652978 0.0400390625 0.039014373716632446
0 0.596923828125 0.9204312114989733 0.03759765625 0.04260780287474333
0 0.622314453125 0.893993839835729 0.03564453125 0.04055441478439425
0 0.677978515625 0.8937371663244353 0.03369140625 0.037987679671457907
0 0.69921875 0.9212012320328542 0.04248046875 0.04158110882956879
0 0.65771484375 0.5059034907597536 0.0400390625 0.038501026694045176
0 0.659912109375 0.542864476386037 0.03515625 0.03696098562628337
0 0.718994140625 0.5495379876796714 0.03955078125 0.038501026694045176
0 0.698974609375 0.6042094455852156 0.03564453125 0.039014373716632446
0 0.729736328125 0.6239733059548255 0.03759765625 0.04055441478439425
0 0.763916015625 0.614476386036961 0.03662109375 0.04004106776180698
0 0.79736328125 0.601129363449692 0.0400390625 0.043121149897330596
0 0.81494140625 0.6350102669404517 0.03759765625 0.039527720739219716
0 0.664794921875 0.6083162217659137 0.0361328125 0.03747433264887064
0 0.689453125 0.6386036960985626 0.03759765625 0.039527720739219716
0 0.70947265625 0.7466632443531828 0.03369140625 0.03747433264887064
0 0.66357421875 0.714835728952772 0.03564453125 0.03747433264887064
0 0.74169921875 0.7320328542094456 0.03662109375 0.039527720739219716
0 0.77734375 0.726129363449692 0.0390625 0.04260780287474333
0 0.771728515625 0.7630903490759754 0.0390625 0.039527720739219716
0 0.804443359375 0.75 0.041015625 0.04106776180698152
0 0.869873046875 0.6547741273100616 0.0439453125 0.04106776180698152
0 0.90771484375 0.6948151950718686 0.041015625 0.037987679671457907
0 0.84619140625 0.6950718685831622 0.0400390625 0.04004106776180698
0 0.8916015625 0.7474332648870636 0.03759765625 0.039527720739219716
0 0.865966796875 0.7856776180698152 0.03857421875 0.039527720739219716
0 0.843994140625 0.8126283367556468 0.04736328125 0.043121149897330596
0 0.81787109375 0.8385523613963038 0.04345703125 0.04260780287474333
0 0.793701171875 0.8080082135523614 0.03759765625 0.038501026694045176
0 0.760498046875 0.7985112936344969 0.03955078125 0.039527720739219716
0 0.733642578125 0.8231519507186859 0.03759765625 0.039527720739219716