0 0.838623046875 0.199435318275154 0.037109375 0.038501026694045176
0 0.869140625 0.21637577002053388 0.03564453125 0.0364476386036961
0 0.836181640625 0.23613963039014374 0.0322265625 0.03696098562628337
0 0.824462890625 0.2682238193018481 0.033203125 0.04004106776180698
0 0.7890625 0.28542094455852157 0.037109375 0.04260780287474333
0 0.7578125 0.2715605749486653 0.03515625 0.04260780287474333
0 0.763916015625 0.30980492813141686 0.03564453125 0.03747433264887064
0 0.740478515625 0.33547227926078027 0.037109375 0.04004106776180698
0 0.710205078125 0.3639630390143737 0.037109375 0.033880903490759756
0 0.692138671875 0.2972279260780287 0.03466796875 0.038501026694045176
0 0.673828125 0.33187885010266943 0.03564453125 0.0364476386036961
0 0.6640625 0.3675564681724846 0.0361328125 0.03593429158110883
0 0.630615234375 0.35728952772073924 0.03369140625 0.03593429158110883
0 0.587158203125 0.4086242299794661 0.03759765625 0.03696098562628337
0 0.55712890625 0.42376796714579057 0.03857421875 0.03747433264887064
0 0.587890625 0.4491786447638604 0.03466796875 0.03490759753593429
0 0.66064453125 0.4052874743326489 0.03662109375 0.03696098562628337
0 0.64892578125 0.44019507186858314 0.03759765625 0.039014373716632446
0 0.702392578125 0.42813141683778233 0.03662109375 0.03696098562628337
0 0.73046875 0.44994866529774125 0.03564453125 0.033880903490759756
0 0.687744140625 0.4612422997946612 0.04052734375 0.038501026694045176
0 0.716552734375 0.4843429158110883 0.0380859375 0.03542094455852156
0 0.75439453125 0.47510266940451745 0.03369140625 0.033880903490759756
0 0.742919921875 0.5061601642710473 0.03662109375 0.0364476386036961
0 0.7099609375 0.518993839835729 0.0322265625 0.03490759753593429
0 0.676025390625 0.5074435318275154 0.03173828125 0.034394250513347026
0 0.659423828125 0.5361909650924025 0.0400390625 0.03542094455852156
0 0.621337890625 0.5338809034907598 0.03857421875 0.039014373716632446
0 0.635986328125 0.5048767967145791 0.037109375 0.039527720739219716
0 0.65625 0.47433264887063653 0.041015625 0.039014373716632446
0 0.622802734375 0.46688911704312114 0.03564453125 0.043634496919917866
0 0.583251953125 0.5233572895277208 0.03515625 0.037987679671457907
0 0.603271484375 0.49306981519507187 0.03564453125 0.037987679671457907
0 0.572021484375 0.4807494866529774 0.033203125 0.03747433264887064
0 0.551513671875 0.5110369609856262 0.0341796875 0.03696098562628337
0 0.77001953125 0.3945071868583162 0.03662109375 0.03542094455852156
0 0.77197265625 0.35831622176591377 0.03564453125 0.03747433264887064
0 0.823486328125 0.3526694045174538 0.03857421875 0.03696098562628337
0 0.871337890625 0.348305954825462 0.03955078125 0.038501026694045176
0 0.850341796875 0.37679671457905545 0.037109375 0.03747433264887064
0 0.8291015625 0.40605749486652976 0.03662109375 0.038501026694045176
0 0.797119140625 0.41812114989733057 0.03759765625 0.0364476386036961
0 0.904052734375 0.27489733059548255 0.03857421875 0.039014373716632446
0 0.9453125 0.3742299794661191 0.03662109375 0.037987679671457907
0 0.9140625 0.3891170431211499 0.04150390625 0.043634496919917866
0 0.919189453125 0.42659137577002054 0.03662109375 0.0364476386036961
0 0.885009765625 0.44250513347022585 0.0380859375 0.0364476386036961
0 0.86572265625 0.415041067761807 0.03857421875 0.03542094455852156
0 0.952392578125 0.4414784394250513 0.04052734375 0.038501026694045176
0 0.9248046875 0.4625256673511294 0.03955078125 0.03593429158110883
0 0.957275390625 0.4779260780287474 0.0400390625 0.037987679671457907
0 0.8935546875 0.5102669404517454 0.0390625 0.04055441478439425
0 0.92724609375 0.5346509240246407 0.0341796875 0.04004106776180698
0 0.895263671875 0.5462012320328542 0.0380859375 0.03593429158110883
0 0.861328125 0.5418377823408624 0.03759765625 0.037987679671457907
0 0.922119140625 0.5680184804928131 0.03759765625 0.04158110882956879
0 0.89013671875 0.5811088295687885 0.03515625 0.03696098562628337
0 0.855712890625 0.5777720739219713 0.03662109375 0.0364476386036961
0 0.80078125 0.5318275154004107 0.0380859375 0.03747433264887064
0 0.78759765625 0.5636550308008214 0.037109375 0.037987679671457907
0 0.75341796875 0.5736652977412731 0.03515625 0.03593429158110883
0 0.7333984375 0.5436344969199178 0.0341796875 0.037987679671457907
0 0.717041015625 0.5739219712525667 0.0341796875 0.0364476386036961
0 0.6708984375 0.5780287474332649 0.03369140625 0.03593429158110883
0 0.64599609375 0.6016427104722792 0.03662109375 0.038501026694045176
0 0.87255859375 0.6121663244353183 0.03564453125 0.03696098562628337
0 0.900146484375 0.6344969199178645 0.037109375 0.038501026694045176
0 0.90966796875 0.699435318275154 0.03759765625 0.038501026694045176
0 0.862060546875 0.731006160164271 0.0361328125 0.033880903490759756
0 0.824951171875 0.7340862422997947 0.03662109375 0.03747433264887064
0 0.845458984375 0.6747946611909651 0.037109375 0.03747433264887064
0 0.836669921875 0.6388603696098563 0.03662109375 0.037987679671457907
0 0.80224609375 0.6275667351129364 0.0361328125 0.037987679671457907
0 0.76806640625 0.6167864476386037 0.03515625 0.03747433264887064
0 0.740966796875 0.6362936344969199 0.03662109375 0.03593429158110883
0 0.706787109375 0.6339835728952772 0.0361328125 0.038501026694045176
0 0.810791015625 0.6624743326488707 0.03955078125 0.0364476386036961
0 0.81640625 0.6976386036960985 0.03857421875 0.03593429158110883
0 0.493408203125 0.4725359342915811 0.03466796875 0.03696098562628337
0 0.458251953125 0.4804928131416838 0.03515625 0.03696098562628337
0 0.435302734375 0.5159137577002053 0.03515625 0.037987679671457907
0 0.41650390625 0.545687885010267 0.037109375 0.037987679671457907
0 0.501220703125 0.5082135523613963 0.037109375 0.03747433264887064
0 0.56201171875 0.5462012320328542 0.03564453125 0.03490759753593429
0 0.572021484375 0.5798254620123203 0.03662109375 0.0364476386036961
0 0.613037109375 0.5888090349075975 0.033203125 0.03542094455852156
0 0.619384765625 0.625 0.0322265625 0.0364476386036961
0 0.642822265625 0.6486139630390144 0.03759765625 0.0364476386036961
0 0.594970703125 0.6522073921971252 0.0380859375 0.03593429158110883
0 0.56298828125 0.6339835728952772 0.03125 0.033880903490759756
0 0.546142578125 0.6044661190965093 0.0390625 0.04004106776180698
0 0.522216796875 0.6291067761806981 0.0419921875 0.039014373716632446
0 0.498779296875 0.6524640657084189 0.03564453125 0.03593429158110883
0 0.5419921875 0.6586242299794661 0.03662109375 0.038501026694045176
0 0.48681640625 0.6211498973305954 0.03662109375 0.039014373716632446
0 0.486328125 0.5775154004106776 0.03515625 0.04055441478439425
0 0.459716796875 0.5980492813141683 0.0341796875 0.04260780287474333
0 0.460693359375 0.5531314168377823 0.0390625 0.043121149897330596
0 0.399169921875 0.6178131416837782 0.03515625 0.04004106776180698
0 0.365966796875 0.6234599589322382 0.03759765625 0.04055441478439425
0 0.3994140625 0.6504106776180698 0.03369140625 0.039527720739219716
0 0.365478515625 0.6581108829568788 0.03662109375 0.04158110882956879
0 0.331298828125 0.6652977412731006 0.041015625 0.04004106776180698
0 0.374267578125 0.6976386036960985 0.03662109375 0.038501026694045176
0 0.355224609375 0.7263860369609856 0.03173828125 0.0364476386036961
0 0.324951171875 0.7361396303901437 0.03515625 0.03747433264887064
0 0.619873046875 0.6737679671457906 0.0361328125 0.039527720739219716
0 0.654052734375 0.686858316221766 0.03662109375 0.03593429158110883
0 0.63037109375 0.7089322381930184 0.03515625 0.039527720739219716
0 0.755615234375 0.7089322381930184 0.03662109375 0.037987679671457907
0 0.792236328125 0.7227926078028748 0.0400390625 0.039014373716632446
0 0.76806640625 0.7433264887063655 0.0361328125 0.039527720739219716
0 0.733642578125 0.731776180698152 0.03662109375 0.04158110882956879
0 0.700439453125 0.7179158110882957 0.033203125 0.03747433264887064
0 0.775390625 0.7784907597535934 0.03662109375 0.03696098562628337
0 0.7412109375 0.7687371663244353 0.03515625 0.03490759753593429
0 0.549072265625 0.704312114989733 0.03759765625 0.0364476386036961
0 0.566162109375 0.7389630390143738 0.03515625 0.039527720739219716
0 0.530517578125 0.7361396303901437 0.0380859375 0.04055441478439425
0 0.51171875 0.7654004106776181 0.03564453125 0.038501026694045176
0 0.486572265625 0.739476386036961 0.03662109375 0.03696098562628337
0 0.4619140625 0.7125256673511293 0.03271484375 0.03490759753593429
0 0.4365234375 0.6873716632443532 0.03564453125 0.03593429158110883
0 0.423583984375 0.7202258726899384 0.0361328125 0.037987679671457907
0 0.389892578125 0.7307494866529775 0.03125 0.03490759753593429
0 0.382080078125 0.7666837782340863 0.0341796875 0.0364476386036961
0 0.415283203125 0.7630903490759754 0.03759765625 0.038501026694045176
0 0.349609375 0.7623203285420944 0.03271484375 0.037987679671457907
0 0.32373046875 0.7849075975359343 0.03662109375 0.038501026694045176
0 0.291259765625 0.8051848049281314 0.03369140625 0.03593429158110883
0 0.35595703125 0.8018480492813141 0.03564453125 0.03490759753593429
0 0.323486328125 0.8226386036960985 0.0390625 0.043121149897330596
0 0.298095703125 0.8429158110882957 0.0390625 0.037987679671457907
0 0.4423828125 0.7882443531827515 0.037109375 0.03696098562628337
0 0.40380859375 0.7951745379876797 0.0390625 0.039014373716632446
0 0.382568359375 0.8262320328542094 0.0361328125 0.04004106776180698
0 0.409423828125 0.8524127310061602 0.03515625 0.03696098562628337
0 0.44970703125 0.846252566735113 0.03857421875 0.04055441478439425
0 0.7119140625 0.7892710472279261 0.03564453125 0.03747433264887064
0 0.677001953125 0.7797741273100616 0.03076171875 0.039527720739219716
0 0.643310546875 0.7777207392197125 0.0322265625 0.037987679671457907
0 0.62451171875 0.8205852156057495 0.03564453125 0.03747433264887064
0 0.65673828125 0.8090349075975359 0.03759765625 0.04004106776180698
0 0.662109375 0.8477926078028748 0.03466796875 0.038501026694045176
0 0.751220703125 0.8039014373716632 0.03564453125 0.03696098562628337
0 0.722412109375 0.8246919917864476 0.0380859375 0.04209445585215606
0 0.7861328125 0.8149383983572895 0.03662109375 0.03747433264887064
0 0.82421875 0.8282854209445585 0.03271484375 0.03747433264887064
0 0.55322265625 0.7705338809034907 0.037109375 0.039014373716632446
0 0.5302734375 0.7941478439425051 0.03955078125 0.04004106776180698
0 0.498291015625 0.7967145790554415 0.03466796875 0.038501026694045176
0 0.555419921875 0.821611909650924 0.03759765625 0.039527720739219716
0 0.59228515625 0.8639630390143738 0.0322265625 0.03490759753593429
0 0.55810546875 0.8598562628336756 0.03369140625 0.04209445585215606
0 0.653564453125 0.8839835728952772 0.03759765625 0.04004106776180698
0 0.62060546875 0.8873203285420944 0.03515625 0.04004106776180698
0 0.572265625 0.8934804928131417 0.03857421875 0.04106776180698152
0 0.536865234375 0.8965605749486653 0.0380859375 0.044661190965092405
0 0.5966796875 0.9191478439425051 0.0341796875 0.039527720739219716
0 0.565185546875 0.9327515400410678 0.03857421875 0.03542094455852156
0 0.60693359375 0.954312114989733 0.03662109375 0.038501026694045176
0 0.71484375 0.8791067761806981 0.0361328125 0.039014373716632446
0 0.43408203125 0.8773100616016427 0.037109375 0.04158110882956879
0 0.4130859375 0.9301848049281314 0.03857421875 0.03747433264887064
0 0.375244140625 0.912217659137577 0.0361328125 0.04158110882956879
0 0.351806640625 0.8839835728952772 0.03466796875 0.039527720739219716
0 0.29638671875 0.8796201232032854 0.03271484375 0.0364476386036961
0 0.273193359375 0.9055441478439425 0.041015625 0.04004106776180698
0 0.34228515625 0.49435318275154005 0.03857421875 0.03696098562628337
0 0.33740234375 0.5310574948665298 0.0341796875 0.03593429158110883
0 0.278076171875 0.5333675564681725 0.03857421875 0.03696098562628337
0 0.294677734375 0.5893223819301848 0.0341796875 0.03747433264887064
0 0.2626953125 0.606776180698152 0.03662109375 0.039014373716632446
0 0.22900390625 0.5949691991786448 0.03564453125 0.039014373716632446
0 0.196533203125 0.5790554414784395 0.03857421875 0.04158110882956879
0 0.1767578125 0.6113963039014374 0.03662109375 0.037987679671457907
0 0.328369140625 0.5959958932238193 0.03515625 0.0364476386036961
0 0.3017578125 0.6244866529774127 0.03662109375 0.037987679671457907
0 0.274658203125 0.7307494866529775 0.0322265625 0.0364476386036961
0 0.322509765625 0.702258726899384 0.0341796875 0.0364476386036961
0 0.24365234375 0.7138090349075975 0.03564453125 0.038501026694045176
0 0.208251953125 0.705082135523614 0.0380859375 0.04106776180698152
0 0.21142578125 0.7425564681724846 0.03759765625 0.037987679671457907
0 0.1796875 0.7271560574948666 0.03955078125 0.039527720739219716
0 0.120849609375 0.6273100616016427 0.04248046875 0.039527720739219716
0 0.080322265625 0.6645277207392197 0.03955078125 0.03696098562628337
0 0.1416015625 0.6691478439425051 0.03857421875 0.038501026694045176
0 0.093017578125 0.7181724845995893 0.03662109375 0.037987679671457907
0 0.115966796875 0.7579568788501027 0.03759765625 0.037987679671457907
0 0.135986328125 0.7867043121149897 0.0458984375 0.04106776180698152
0 0.160400390625 0.8144250513347022 0.04248046875 0.04106776180698152
0 0.1865234375 0.7856776180698152 0.03662109375 0.03747433264887064
0 0.22021484375 0.778747433264887 0.0380859375 0.037987679671457907
0 0.24560546875 0.8051848049281314 0.0361328125 0.037987679671457907