0 0.785645463049579 0.8330901337418652 0.039429373246024246 0.04031475697721243
0 0.21618802619270344 0.3409425534074257 0.038451824134705326 0.03746502610958262
0 0.20068288119738073 0.6612645294971007 0.039335827876520124 0.038443151555897934
0 0.40600561272217023 0.6755037787828816 0.0377502338634238 0.03746502610958262
0 0.23596351730589338 0.3699054121759608 0.037965388213283435 0.03682078002234618
0 0.5278297474275023 0.7206668402560121 0.037202993451824096 0.037954088832740165
0 0.25634705332086066 0.3416808500183463 0.03790458372310568 0.03746502610958262
0 0.6469738072965389 0.6347563893967219 0.03732460243217961 0.037403893269187895
0 0.5190411599625818 0.8026506817514889 0.03790458372310579 0.038814651124450227
0 0.4494621141253508 0.3404534906842681 0.03649672591206732 0.03675964718195145
0 0.09485032740879326 0.5434474384779613 0.03817586529466793 0.03682078002234629
0 0.33593545369504213 0.6789413254235372 0.03927502338634237 0.03838201871550321
0 0.36328344246959776 0.3836508962123999 0.03860617399438726 0.03703239370063549
0 0.0831290926099158 0.6381939360373777 0.039186155285313384 0.03767663978787193
0 0.7646492048643592 0.7913599163832062 0.03994855004677267 0.03976456141366016
0 0.3151870907390084 0.5027000490918017 0.037202993451824096 0.03620474909221488
0 0.21813844714686623 0.693175872183134 0.039186155285313384 0.0387535182840555
0 0.5732413470533209 0.7113417308327283 0.03869504209541619 0.03954824520918666
0 0.8784190832553789 0.7893942604382076 0.040374181478016746 0.03970342857326544
0 0.2690411599625819 0.6583207481057867 0.038236669784845634 0.038659467760371435
0 0.06051449953227315 0.47201606573984656 0.03927502338634238 0.03773777262826666
0 0.2100841908325538 0.5797744532509657 0.03854536950420956 0.037798905468661374
0 0.6352525724976614 0.8105039004791158 0.03927502338634237 0.03948711236879193
0 0.3872076707202994 0.4963187210598318 0.039490177736202 0.037954088832740165
0 0.3464359214218896 0.599412202596217 0.03942937324602436 0.03832088587510849
0 0.2626941066417212 0.4226818635413237 0.03817586529466788 0.036971260860240884
0 0.5537090739008419 0.5787916252784663 0.037202993451824096 0.036421065296688614
0 0.1640645463049579 0.5675008599101836 0.040159027128157165 0.03939776437129206
0 0.6323246024321797 0.921455303269312 0.03869504209541619 0.03933663153089734
0 0.3222637979420019 0.3438863347987397 0.039064546304957926 0.03832088587510849
0 0.15002338634237605 0.5365723451966496 0.03881665107577176 0.03724870990510911
0 0.17553788587464922 0.29062552323640345 0.03912535079513563 0.03896513196234493
0 0.4958512628624884 0.4590088783143281 0.037048643592142216 0.036359932456293785
0 0.47045837231057064 0.4936194710300966 0.03753507951356405 0.03626588193260961
0 0.45702993451824137 0.46146359698248446 0.03643592142188967 0.03648219813708323
0 0.4121094480823199 0.44207037899881196 0.03677268475210482 0.03691012801984616
0 0.31128157156220765 0.46858322162537497 0.03860617399438726 0.03810927219681906
0 0.4030776426566885 0.9253819126331253 0.03970533208606175 0.03896513196234482
0 0.4150374181478017 0.4764364403530017 0.03811506080449023 0.037093526541030215
0 0.32324134705332086 0.9047613353153746 0.039644527595883994 0.04007022561563377
0 0.07824602432179607 0.6043216399325297 0.03854536950420953 0.03691012801984616
0 0.14917212347988776 0.7614142296421719 0.039644527595883994 0.03838201871550321
0 0.3654770813844715 0.9209615380199702 0.039490177736202114 0.038814651124450227
0 0.4370112254443405 0.9371617407245656 0.03970533208606175 0.04022540897971255
0 0.17431711880261927 0.25380474321405727 0.038755846585594 0.03746502610958262
0 0.7172871842843779 0.8129586191472722 0.04147333956969135 0.04037588981760715
0 0.7138681010289991 0.8581263831465871 0.038910196445276046 0.03927549869050262
0 0.21862956033676334 0.5218440331877111 0.03747427502338635 0.03620474909221488
0 0.13623012160898035 0.4084426142555428 0.03881665107577176 0.03758729179037206
0 0.05059869036482695 0.3436418034371609 0.03942937324602433 0.03758729179037206
0 0.09008886810102901 0.44943453500328123 0.039644527595883994 0.03789295599234555
0 0.15893358278765202 0.8237603217923973 0.04131898971000936 0.03948711236879193
0 0.5854490177736202 0.9631808181017866 0.03768942937324593 0.03933663153089734
0 0.2805191768007484 0.29209741393206046 0.039644527595883994 0.038659467760371435
0 0.2016604303086997 0.3853720207958199 0.03802619270346119 0.03691012801984616
0 0.08587464920486436 0.7241043868966679 0.03949017773620206 0.038443151555897934
0 0.357422825070159 0.8527231805609324 0.03897100093545369 0.03789295599234544
0 0.03354069223573433 0.4126184575071193 0.03854536950420953 0.03773777262826666
0 0.8295884003741816 0.6921930442106345 0.039644527595884105 0.03902626480273954
0 0.5234377923292797 0.9401102246420638 0.03802619270346108 0.03724870990510911
0 0.3076192703461179 0.4320069729646075 0.037474275023386294 0.03810927219681906
0 0.2558606173994387 0.9013237886747189 0.040926099158091644 0.04053107318168594
0 0.2800280636108513 0.45409944097801525 0.03811506080449023 0.036971260860240884
0 0.2946772684752105 0.816396165787928 0.03817586529466788 0.038443151555897934
0 0.15148737137511692 0.5017172211193023 0.037965388213283435 0.037309842745503835
0 0.02801683816651076 0.4855170184147068 0.03912535079513564 0.03912031532642383
0 0.2900374181478017 0.326708006647829 0.03860617399438726 0.03691012801984616
0 0.28955098222637976 0.9209615380199702 0.0411365762394762 0.04145276831379072
0 0.5483395696913003 0.9685793181612571 0.03738540692235737 0.03838201871550321
0 0.19299345182413472 0.8556716644784306 0.04131898971000936 0.04007022561563377
0 0.15319925163704398 0.3421699127415039 0.038755846585594 0.038537202079582
0 0.15185687558465857 0.19256374471712054 0.03753507951356411 0.036910128019846104
0 0.411866230121609 0.5940090000105623 0.03768942937324604 0.03810927219681917
0 0.3344714686623012 0.9376555059739075 0.040617399438727775 0.04031475697721243
0 0.11816183348924228 0.3367714126820334 0.040467726847521035 0.038659467760371435
0 0.3791487371375117 0.9538557086785029 0.03927502338634237 0.03970342857326544
0 0.4040505144995323 0.3625412561714916 0.03817586529466788 0.037403893269187895
0 0.43115060804490174 0.8998518979790617 0.039335827876520124 0.03948711236879193
0 0.7084939195509822 0.6647020761377566 0.038236669784845745 0.03767663978787193
0 0.3134752104770814 0.2781073985340426 0.03912535079513568 0.03718757706471439
0 0.2817399438727783 0.4891990964169414 0.03811506080449012 0.03767663978787193
0 0.5976566884939195 0.9278366313012818 0.039064546304957926 0.03912031532642383
0 0.3215341440598691 0.37972428684858645 0.03860617399438726 0.03691012801984616
0 0.839845650140318 0.7265591055648243 0.04015902712815711 0.038814651124450227
0 0.11163236669784846 0.6161014680239701 0.038755846585594 0.03832088587510849
0 0.18762394761459308 0.2027494164321144 0.036894293732460226 0.035805034366557326
0 0.23986903648269411 0.2399369934968288 0.03775023386342374 0.036359932456293785
0 0.11010757717492985 0.27442532053180796 0.03891019644527596 0.0383820187155031
0 0.12475678203928905 0.44207037899881196 0.03833021515434987 0.037954088832740276
0 0.4565434985968195 0.9690730834105991 0.0388166510757717 0.03902626480273954
0 0.5664078578110384 0.5459021571461177 0.03726379794200185 0.03669381181537265
0 0.06487839101964453 0.31222422600046934 0.04077174929840974 0.03767663978787193
0 0.46459775491113187 0.9126145540430015 0.03753507951356405 0.03691012801984616
0 0.11395229186155284 0.3826727707660847 0.03970533208606175 0.03773777262826666
0 0.7587885874649205 0.6858117161786648 0.03869504209541619 0.037798905468661374
0 0.7797848456501404 0.6465409200143465 0.03897100093545358 0.03801522167313488
0 0.4047848456501403 0.32695253800940777 0.03753507951356405 0.03586616720695205
0 0.2800280636108513 0.2584696491887913 0.0377502338634238 0.0364210652966885
0 0.6420907390084191 0.5537553758737446 0.03775023386342369 0.037093526541030326
0 0.0726333021515435 0.6912149187643195 0.037965388213283435 0.03682078002234629
0 0.7978531337698783 0.8689233832655279 0.039429373246024246 0.03896513196234482
0 0.8652338634237605 0.75453913636086 0.04031337698783921 0.040592206022080655
0 0.9023433115060805 0.7560157295827014 0.04052853133769885 0.04074738938615967
0 0.31079045837231056 0.21256829110474004 0.03802619270346119 0.036910128019846104
0 0.1838400374181478 0.323514991368752 0.03881665107577176 0.03789295599234555
0 0.16515902712815717 0.16089693339266598 0.038115060804490175 0.037093526541030215
0 0.7944340505144996 0.6813960440916937 0.03912535079513568 0.0387535182840555
0 0.04061739943872778 0.37923522412542887 0.03759588400374182 0.03648219813708323
0 0.14416276894293734 0.3114859293895487 0.039794200187090734 0.037798905468661374
0 0.1999532273152479 0.16948844873121344 0.03747427502338635 0.037248709905109055
0 0.23596351730589338 0.17230996444173804 0.037965388213283435 0.037093526541030215
0 0.10254911131898971 0.30989177301310233 0.038863423760523846 0.03791646862326663
0 0.15738540692235736 0.37914587612792894 0.04232927970065481 0.04178194514668528
0 0.1006267539756782 0.4160936243572487 0.03809635173058934 0.03366068242655857
0 0.34594013096351733 0.44375388337275834 0.03925163704396628 0.034817503867873745
0 0.3778765201122544 0.43098652478263444 0.03847988774555655 0.034046289573663666
0 0.37710944808231994 0.46426160006208805 0.04463517305893361 0.03559342068826801
0 0.3480542563143124 0.47876889334036876 0.0419457436856876 0.0413963379995803
0 0.1920159027128157 0.5491798178965104 0.043868101028999074 0.036754944655767376
0 0.1423760523854069 0.5981237104217441 0.03847988774555661 0.03868768291747659
0 0.14372310570626753 0.6335196250102754 0.04117399438727781 0.03984920688497584
0 0.18047240411599627 0.6302325592075141 0.03463049579045835 0.03791646862326663
0 0.24627689429373245 0.6275239041254105 0.03386342376052387 0.03249915845905921
0 0.2851403180542563 0.6236537250758075 0.03925163704396628 0.0355934206882679
0 0.3124602432179607 0.5853563518316202 0.03386342376052387 0.034817503867873745
0 0.33497193638914874 0.5658173555362372 0.04040224508886814 0.0328847656061643
0 0.3801870907390084 0.6105007593385786 0.04155753040224508 0.034046289573663555
0 0.29668381665107574 0.6828491246826139 0.03771281571562202 0.034817503867873745
0 0.3211178671655753 0.7110924969449653 0.03270813844714693 0.03714055180287225
0 0.35171188026192707 0.7089622525835192 0.04155753040224508 0.039073290064581684
0 0.36710477081384474 0.6733688318952513 0.03386342376052387 0.03443189672076865
0 0.3532507015902713 0.6466772932736885 0.0369410664172124 0.036754944655767376
0 0.38826941066417214 0.6443542453386899 0.03771281571562202 0.03366068242655868
0 0.42020579981290923 0.6282998209458047 0.035402245088868134 0.034046289573663555
0 0.46176800748362956 0.6352642622246164 0.032324602432179605 0.030952027344455083
0 0.3713376987839102 0.5391211143884902 0.036173994387277864 0.03366068242655868
0 0.4078952291861553 0.5594313249780833 0.0369410664172124 0.034046289573663555
0 0.4398316183348924 0.5720058799946546 0.034630495790458404 0.03443189672076865
0 0.47542563143124417 0.5656245519626847 0.03809635173058934 0.034046289573663555
0 0.46965388213283443 0.5296408216011275 0.03732460243217961 0.03636933750866228
0 0.503709073900842 0.545116835273355 0.036173994387277864 0.034817503867873745
0 0.5117913938260056 0.5783919105528086 0.040018709073900816 0.03791646862326663
0 0.4879326473339569 0.600249252257006 0.04463517305893361 0.036754944655767376
0 0.5302619270346118 0.6046978420272665 0.043096351730589344 0.03791646862326663
0 0.5046725912067352 0.6275239041254105 0.04271281571562202 0.034046289573663555
0 0.5242984097287184 0.6607942768786799 0.04040224508886814 0.0355934206882679
0 0.5065949485500467 0.6898135659614255 0.035785781103835346 0.0332703727532694
0 0.5462301216089803 0.6876833215999794 0.03501870907390092 0.03366068242655868
0 0.570088868101029 0.6638932416340727 0.03809635173058945 0.03868768291747659
0 0.5895229186155286 0.6333268214367228 0.03847988774555655 0.0332703727532694
0 0.5835594013096352 0.5983165139952965 0.03270813844714682 0.03752615894997734
0 0.11640318054256314 0.7029665316986544 0.035785781103835373 0.03636933750866228
0 0.15180542563143123 0.7263710045174561 0.04040224508886808 0.036754944655767376
0 0.18297474275023387 0.7538431624855974 0.03809635173058934 0.031337634491559956
0 0.20260056127221704 0.7824721418950539 0.04656220767072028 0.039073290064581684
0 0.1975958840037418 0.819227086550821 0.036557530402245075 0.0383020757703715
0 0.22741814780168385 0.8410844282550184 0.034630495790458404 0.04178194514668528
0 0.22741814780168385 0.8824807662545986 0.03617399438727781 0.03791646862326663
0 0.25974275023386345 0.8623633592385581 0.03925163704396628 0.03636933750866228
0 0.262245088868101 0.8283170696648945 0.03809635173058934 0.0332703727532694
0 0.2949532273152479 0.7809250107804495 0.035785781103835346 0.03752615894997734
0 0.2666697848456501 0.7509417038299412 0.03771281571562202 0.03791646862326663
0 0.24242750233863422 0.7209583968794331 0.03694106641721234 0.03520781354116303
0 0.27859681945743686 0.7188281525179869 0.03847988774555655 0.03714055180287225
0 0.3013002806361085 0.7433941493042878 0.03309167446211414 0.03830207577037172
0 0.4111646398503274 0.736627214125213 0.03424695977549108 0.03868768291747659
0 0.43309635173058936 0.7687360629109831 0.03501870907390081 0.03636933750866228
0 0.3892282507015903 0.8271555456973952 0.036557530402245075 0.0355934206882679
0 0.45849391955098223 0.8377973624522571 0.036557530402245075 0.03366068242655868
0 0.43194574368568756 0.8625561628121107 0.038863423760523874 0.0383020757703715
0 0.48562207670720303 0.8165184314687174 0.04155753040224508 0.035979027835373
0 0.4917820392890553 0.7820865347479486 0.03847988774555655 0.03984920688497584
0 0.5014031805425632 0.7437844589775772 0.03771281571562213 0.039073290064581684
0 0.46291861552853136 0.6880736312732687 0.03771281571562202 0.035979027835373
0 0.5570065481758654 0.7435916554040246 0.03963517305893349 0.03868768291747659
0 0.5860570626753976 0.7669961282228263 0.03925163704396639 0.042172254819974574
0 0.5545042095416277 0.7871135352388667 0.03925163704396639 0.03752615894997734
0 0.6131852198316183 0.7780235521247933 0.03963517305893349 0.04101073085247532
0 0.5995275958840037 0.7331426422227151 0.043096351730589344 0.03791646862326663
0 0.5999111318989709 0.6882664348468212 0.03925163704396639 0.03791646862326663
0 0.6412768942937325 0.5985093175688491 0.038863423760523874 0.03636933750866228
0 0.6593638914873714 0.7203752836325914 0.03963517305893349 0.03868768291747659
0 0.6751403180542563 0.7472643283538908 0.03732460243217961 0.0383020757703715
0 0.7143919550982226 0.7401070835015268 0.03732460243217961 0.034817503867873745
0 0.6995743685687559 0.779377879665845 0.03540224508886802 0.035979027835373
0 0.6714873713751169 0.803943876452146 0.03925163704396639 0.03868768291747659
0 0.6543592142188962 0.7760861113368998 0.03732460243217961 0.03714055180287225
0 0.5318007483629561 0.837407052778968 0.03694106641721229 0.039073290064581684
0 0.5448830682881197 0.8668119490088185 0.040018709073900816 0.04062042117918603
0 0.6026052385406921 0.8292857900588414 0.03694106641721229 0.03366068242655868
0 0.6435874649204865 0.8873149631719641 0.04348456501403186 0.036754944655767376
0 0.6809120673526661 0.8700990148115798 0.03963517305893349 0.03636933750866228
0 0.7542188961646399 0.8244468906152915 0.03386342376052376 0.04410499308168379
0 0.8425304022450888 0.7805347011071602 0.036557530402245186 0.04139633799958019