0 0.8896484375 0.5395277207392197 0.03857421875 0.037987679671457907
0 0.7548828125 0.6303901437371663 0.0380859375 0.039014373716632446
0 0.61865234375 0.14425051334702257 0.0380859375 0.04158110882956879
0 0.6845703125 0.6386036960985626 0.03759765625 0.038501026694045176
0 0.47412109375 0.1555441478439425 0.03759765625 0.04055441478439425
0 0.616455078125 0.46457905544147843 0.037109375 0.03747433264887064
0 0.7353515625 0.5107802874743327 0.0361328125 0.038501026694045176
0 0.701171875 0.20482546201232033 0.0380859375 0.04004106776180698
0 0.65673828125 0.6149897330595483 0.0361328125 0.038501026694045176
0 0.776611328125 0.6006160164271047 0.03662109375 0.03747433264887064
0 0.583740234375 0.10061601642710473 0.037109375 0.039527720739219716
0 0.70751953125 0.4548254620123203 0.03662109375 0.03696098562628337
0 0.2529296875 0.13809034907597537 0.0380859375 0.04004106776180698
0 0.64892578125 0.45431211498973306 0.03662109375 0.039527720739219716
0 0.9111328125 0.39014373716632444 0.03662109375 0.037987679671457907
0 0.74853515625 0.4086242299794661 0.03759765625 0.038501026694045176
0 0.80908203125 0.20585215605749488 0.0380859375 0.037987679671457907
0 0.697998046875 0.33213552361396304 0.03759765625 0.04004106776180698
0 0.683837890625 0.17145790554414783 0.03857421875 0.04055441478439425
0 0.26513671875 0.22946611909650924 0.03662109375 0.039527720739219716
0 0.549072265625 0.5813655030800822 0.0361328125 0.03747433264887064
0 0.5654296875 0.5110369609856262 0.03564453125 0.03747433264887064
0 0.54931640625 0.09702258726899383 0.037109375 0.04055441478439425
0 0.653564453125 0.5713552361396304 0.03662109375 0.039014373716632446
0 0.6142578125 0.5826488706365504 0.0361328125 0.037987679671457907
0 0.663330078125 0.11909650924024641 0.0380859375 0.039527720739219716
0 0.6533203125 0.6524640657084189 0.03662109375 0.037987679671457907
0 0.737060546875 0.5988193018480493 0.03662109375 0.037987679671457907
0 0.623291015625 0.17915811088295688 0.0380859375 0.039527720739219716
0 0.750244140625 0.37217659137577 0.0380859375 0.039014373716632446
0 0.84375 0.5862422997946611 0.037109375 0.037987679671457907
0 0.86865234375 0.5035934291581109 0.0390625 0.038501026694045176
0 0.82080078125 0.45431211498973306 0.037109375 0.03747433264887064
0 0.595703125 0.49589322381930184 0.03759765625 0.037987679671457907
0 0.466796875 0.47381930184804927 0.0361328125 0.03747433264887064
0 0.767333984375 0.21303901437371664 0.037109375 0.04055441478439425
0 0.82177734375 0.5526180698151951 0.03759765625 0.03747433264887064
0 0.95849609375 0.5174537987679672 0.0380859375 0.037987679671457907
0 0.848388671875 0.6848049281314168 0.0380859375 0.03747433264887064
0 0.56103515625 0.6522073921971252 0.03564453125 0.037987679671457907
0 0.16748046875 0.1919917864476386 0.037109375 0.039527720739219716
0 0.766357421875 0.5272073921971252 0.037109375 0.037987679671457907
0 0.412109375 0.2741273100616016 0.03662109375 0.04055441478439425
0 0.7685546875 0.4910164271047228 0.03662109375 0.037987679671457907
0 0.8017578125 0.5225872689938398 0.03759765625 0.038501026694045176
0 0.729736328125 0.23203285420944558 0.037109375 0.039527720739219716
0 0.671630859375 0.30903490759753593 0.03662109375 0.038501026694045176
0 0.494140625 0.5308008213552361 0.03564453125 0.03696098562628337
0 0.853271484375 0.4342915811088296 0.037109375 0.038501026694045176
0 0.822509765625 0.26386036960985626 0.03662109375 0.03747433264887064
0 0.2705078125 0.2879876796714579 0.03662109375 0.039527720739219716
0 0.78173828125 0.4219712525667351 0.03857421875 0.04004106776180698
0 0.3828125 0.3788501026694045 0.03564453125 0.03696098562628337
0 0.676025390625 0.5038501026694046 0.037109375 0.038501026694045176
0 0.595947265625 0.2032854209445585 0.0380859375 0.04106776180698152
0 0.809326171875 0.5857289527720739 0.0380859375 0.039014373716632446
0 0.521728515625 0.6208932238193019 0.0361328125 0.038501026694045176
0 0.8720703125 0.22946611909650924 0.03662109375 0.037987679671457907
0 0.52197265625 0.553388090349076 0.03515625 0.03696098562628337
0 0.783203125 0.45687885010266943 0.0380859375 0.038501026694045176
0 0.92431640625 0.46098562628336753 0.0361328125 0.03747433264887064
0 0.48046875 0.09907597535934291 0.03759765625 0.04106776180698152
0 0.6298828125 0.21560574948665298 0.03759765625 0.039527720739219716
0 0.83837890625 0.4856262833675565 0.03759765625 0.037987679671457907
0 0.298828125 0.21560574948665298 0.037109375 0.039527720739219716
0 0.505859375 0.4951232032854209 0.03564453125 0.03747433264887064
0 0.733642578125 0.5444045174537988 0.03662109375 0.03696098562628337
0 0.65625 0.08264887063655031 0.0390625 0.04004106776180698
0 0.4130859375 0.09650924024640657 0.0380859375 0.04106776180698152
0 0.59033203125 0.6717145790554415 0.03515625 0.0364476386036961
0 0.925537109375 0.5703285420944558 0.03759765625 0.037987679671457907
0 0.4765625 0.5895790554414785 0.03662109375 0.037987679671457907
0 0.687744140625 0.7561601642710473 0.037109375 0.03747433264887064
0 0.8115234375 0.6989219712525667 0.03662109375 0.03696098562628337
0 0.63623046875 0.2510266940451745 0.037109375 0.04004106776180698
0 0.35302734375 0.09291581108829569 0.037109375 0.039527720739219716
0 0.203125 0.18993839835728954 0.03759765625 0.04004106776180698
0 0.54248046875 0.061088295687885014 0.03662109375 0.039014373716632446
0 0.181640625 0.26078028747433263 0.03759765625 0.039527720739219716
0 0.8310546875 0.1771047227926078 0.037109375 0.038501026694045176
0 0.804443359375 0.6647843942505134 0.03759765625 0.038501026694045176
0 0.8818359375 0.41170431211498976 0.03662109375 0.03747433264887064
0 0.4326171875 0.5723819301848049 0.03515625 0.03747433264887064
0 0.455078125 0.5092402464065708 0.03515625 0.03747433264887064
0 0.35546875 0.40965092402464065 0.03564453125 0.038501026694045176
0 0.77001953125 0.662217659137577 0.0380859375 0.038501026694045176
0 0.89697265625 0.6301334702258727 0.03759765625 0.0364476386036961
0 0.8720703125 0.6568275154004107 0.0361328125 0.0364476386036961
0 0.47314453125 0.06262833675564682 0.03759765625 0.04004106776180698
0 0.712646484375 0.705082135523614 0.0361328125 0.0364476386036961
0 0.82421875 0.61652977412731 0.03759765625 0.03747433264887064
0 0.39990234375 0.04158110882956879 0.037109375 0.039527720739219716
0 0.50830078125 0.060061601642710474 0.03662109375 0.038501026694045176
0 0.39453125 0.425564681724846 0.03564453125 0.037987679671457907
0 0.6376953125 0.05184804928131417 0.03759765625 0.039014373716632446
0 0.1181640625 0.23921971252566734 0.03857421875 0.039527720739219716
0 0.1357421875 0.27361396303901436 0.0390625 0.039527720739219716
0 0.19189453125 0.22484599589322382 0.03759765625 0.039527720739219716
0 0.794921875 0.7756673511293635 0.03759765625 0.03747433264887064
0 0.8544921875 0.5528747433264887 0.037109375 0.0364476386036961
0 0.786376953125 0.5567248459958932 0.03466796875 0.038501026694045176
0 0.625 0.5490246406570842 0.03759765625 0.03593429158110883
0 0.596435546875 0.5323408624229979 0.03515625 0.03593429158110883
0 0.58349609375 0.5646817248459959 0.0361328125 0.037987679671457907
0 0.679931640625 0.5931724845995893 0.033203125 0.03542094455852156
0 0.5556640625 0.6157597535934292 0.033203125 0.03490759753593429
0 0.803955078125 0.4879363449691992 0.03515625 0.04004106776180698
0 0.7490234375 0.44584188911704314 0.03515625 0.033880903490759756
0 0.81494140625 0.4183778234086242 0.03564453125 0.039014373716632446
0 0.849853515625 0.3981006160164271 0.0400390625 0.033367556468172486
0 0.818603515625 0.3847535934291581 0.03759765625 0.037987679671457907
0 0.7802734375 0.3860369609856263 0.04248046875 0.037987679671457907
0 0.8193359375 0.3459958932238193 0.0361328125 0.03747433264887064
0 0.849365234375 0.32571868583162217 0.037109375 0.0364476386036961
0 0.78125 0.2754106776180698 0.03955078125 0.037987679671457907
0 0.7470703125 0.28439425051334705 0.03759765625 0.03593429158110883
0 0.793212890625 0.2425564681724846 0.0380859375 0.033367556468172486
0 0.759521484375 0.24948665297741274 0.0341796875 0.039014373716632446
0 0.69482421875 0.23947638603696098 0.03662109375 0.039014373716632446
0 0.734375 0.1978952772073922 0.03515625 0.04209445585215606
0 0.782470703125 0.1778747433264887 0.03466796875 0.03593429158110883
0 0.718017578125 0.16273100616016428 0.0361328125 0.04004106776180698
0 0.695068359375 0.13655030800821355 0.0361328125 0.043634496919917866
0 0.729248046875 0.3154517453798768 0.04052734375 0.039014373716632446
0 0.703369140625 0.29799794661190965 0.03271484375 0.03593429158110883
0 0.6748046875 0.27720739219712526 0.03955078125 0.04158110882956879
0 0.641357421875 0.28670431211498976 0.03662109375 0.04260780287474333
0 0.609619140625 0.27566735112936347 0.0322265625 0.037987679671457907
0 0.577392578125 0.27489733059548255 0.0390625 0.037987679671457907
0 0.6044921875 0.24152977412731005 0.03857421875 0.037987679671457907
0 0.568603515625 0.23459958932238192 0.03515625 0.033880903490759756
0 0.560302734375 0.20123203285420946 0.033203125 0.04106776180698152
0 0.662109375 0.22972279260780287 0.0361328125 0.03490759753593429
0 0.65087890625 0.1540041067761807 0.03857421875 0.04055441478439425
0 0.631103515625 0.10934291581108829 0.0322265625 0.039527720739219716
0 0.612548828125 0.07905544147843943 0.0341796875 0.04055441478439425
0 0.718505859375 0.388347022587269 0.03515625 0.04055441478439425
0 0.69091796875 0.3690965092402464 0.0322265625 0.03593429158110883
0 0.666259765625 0.34548254620123203 0.03564453125 0.03696098562628337
0 0.6376953125 0.32315195071868585 0.033203125 0.03593429158110883
0 0.654052734375 0.38193018480492813 0.03369140625 0.03696098562628337
0 0.6494140625 0.41709445585215604 0.03466796875 0.03696098562628337
0 0.58642578125 0.4407084188911704 0.03125 0.03747433264887064
0 0.5859375 0.40349075975359344 0.03515625 0.03542094455852156
0 0.555419921875 0.41812114989733057 0.03369140625 0.039527720739219716
0 0.53369140625 0.3942505133470226 0.03369140625 0.03696098562628337
0 0.540771484375 0.3557494866529774 0.0341796875 0.03747433264887064
0 0.506103515625 0.3690965092402464 0.0361328125 0.038501026694045176
0 0.59375 0.3688398357289528 0.0361328125 0.0364476386036961
0 0.559814453125 0.3275154004106776 0.0341796875 0.03696098562628337
0 0.524169921875 0.32494866529774125 0.041015625 0.0364476386036961
0 0.493896484375 0.3347022587268994 0.04150390625 0.04106776180698152
0 0.54443359375 0.2923511293634497 0.03857421875 0.04209445585215606
0 0.505126953125 0.2612936344969199 0.0361328125 0.039014373716632446
0 0.47705078125 0.2818275154004107 0.037109375 0.037987679671457907
0 0.443603515625 0.29209445585215604 0.03515625 0.03696098562628337
0 0.405029296875 0.30775154004106775 0.033203125 0.033880903490759756
0 0.484619140625 0.44455852156057496 0.03125 0.037987679671457907
0 0.45458984375 0.43044147843942504 0.0283203125 0.033880903490759756
0 0.439208984375 0.3965605749486653 0.0361328125 0.0364476386036961
0 0.422607421875 0.3711498973305955 0.04150390625 0.04260780287474333
0 0.5302734375 0.5202772073921971 0.03125 0.0364476386036961
0 0.5419921875 0.48716632443531827 0.03955078125 0.03593429158110883
0 0.7021484375 0.5308008213552361 0.0341796875 0.03490759753593429
0 0.6474609375 0.4915297741273101 0.04052734375 0.038501026694045176
0 0.589599609375 0.1696611909650924 0.03564453125 0.03593429158110883
0 0.553466796875 0.1696611909650924 0.04150390625 0.04004106776180698
0 0.52734375 0.1948151950718686 0.03955078125 0.04004106776180698
0 0.499755859375 0.22356262833675564 0.0380859375 0.04055441478439425
0 0.447021484375 0.22125256673511293 0.03369140625 0.034394250513347026
0 0.41552734375 0.20046201232032854 0.037109375 0.04106776180698152
0 0.441162109375 0.2548767967145791 0.0390625 0.043634496919917866
0 0.376953125 0.28465092402464065 0.03759765625 0.04055441478439425
0 0.370849609375 0.3190451745379877 0.03857421875 0.038501026694045176
0 0.30908203125 0.28080082135523615 0.037109375 0.03593429158110883
0 0.352783203125 0.2641170431211499 0.03955078125 0.033367556468172486
0 0.3876953125 0.2464065708418891 0.03857421875 0.03490759753593429
0 0.339599609375 0.20302874743326488 0.0361328125 0.03696098562628337
0 0.309814453125 0.1830082135523614 0.04248046875 0.039527720739219716
0 0.37109375 0.18660164271047228 0.03759765625 0.03542094455852156
0 0.341796875 0.16760780287474333 0.0380859375 0.03696098562628337
0 0.37841796875 0.15118069815195073 0.0390625 0.033880903490759756
0 0.349609375 0.13321355236139631 0.03857421875 0.039014373716632446
0 0.411865234375 0.13552361396303902 0.03125 0.03747433264887064
0 0.38232421875 0.11396303901437371 0.0390625 0.04055441478439425
0 0.384765625 0.07802874743326489 0.0380859375 0.04260780287474333
0 0.454833984375 0.12962012320328542 0.0302734375 0.033880903490759756
0 0.448974609375 0.09394250513347023 0.03515625 0.04055441478439425
0 0.499267578125 0.13193018480492813 0.0390625 0.04158110882956879
0 0.533935546875 0.13141683778234087 0.03857421875 0.03593429158110883
0 0.45654296875 0.03208418891170431 0.037109375 0.03747433264887064
0 0.246337890625 0.17428131416837783 0.03466796875 0.037987679671457907
0 0.284423828125 0.11909650924024641 0.03515625 0.039527720739219716
0 0.320556640625 0.10395277207392196 0.04248046875 0.04106776180698152