0 0.1663624039765025 0.19327835981334862 0.036543154089471286 0.037753984992544544
0 0.13569362855851785 0.20964934663659116 0.03495707184816993 0.03574918045412077
0 0.16826931766832354 0.2300251918150262 0.031459557162223206 0.03641903220748036
0 0.17954812471757794 0.26226833968773283 0.032413014008133734 0.03942148829346102
0 0.21450519656574785 0.2801405545539657 0.0362268413917759 0.04176359406939204
0 0.2459647537279711 0.266943049796285 0.034319927699954844 0.0420961445852444
0 0.23929055580659736 0.30503433602633684 0.034957071848169874 0.0367515827233326
0 0.2621735201084501 0.3310920443041909 0.0362268413917759 0.03942148829346096
0 0.2922051513782196 0.36015695938968073 0.036543154089471286 0.0334118253998447
0 0.31126976954360597 0.2936706098274987 0.034003615002259346 0.038086535508396836
0 0.32890646181653865 0.32858841399198874 0.034957071848169874 0.03574918045412071
0 0.3381247175779485 0.3645038697040356 0.035594215996385015 0.035416629938268475
0 0.3718075011296882 0.35497867278569517 0.03305015815634882 0.03507932870076117
0 0.41439222774514234 0.4070988400630584 0.03686398553999093 0.03641903220748036
0 0.44410302756439224 0.4226336998750152 0.037817442385901456 0.0367515827233326
0 0.4129643018526887 0.44752748134738635 0.034003615002259346 0.03441422766905659
0 0.34098508811568007 0.4024241299545063 0.0362268413917759 0.03641903220748036
0 0.3521057388160868 0.4375034586552674 0.03686398553999093 0.03841908602424907
0 0.2988793492995933 0.42447222915551286 0.0359105286940804 0.03641903220748036
0 0.2704338002711252 0.4456889520668887 0.034957071848169874 0.0334118253998447
0 0.3128603705377316 0.4578840545553576 0.03972435607772251 0.03775398499254449
0 0.28378219611387256 0.48043573025179753 0.03749661093538181 0.03474677818490882
0 0.2459647537279711 0.47041170755967865 0.03305015815634882 0.0334118253998447
0 0.2569272480795301 0.5016477024415184 0.0359105286940804 0.03574918045412071
0 0.2896610935381835 0.5150114824571251 0.03145955716222326 0.03441422766905659
0 0.3238228648892906 0.5041560834753757 0.031143244464527764 0.03407692643154928
0 0.34003163126976954 0.5332209985608655 0.03940352462720287 0.034746778184908934
0 0.37800723000451875 0.531553495259949 0.037817442385901456 0.038086535508396836
0 0.3640216900135563 0.5024838294528041 0.036543154089471286 0.03875638726175638
0 0.34431992769995484 0.47141410982889054 0.040356981473113396 0.038086535508396836
0 0.3778445549028468 0.46456356920233344 0.034957071848169874 0.043098546854456285
0 0.4162991414369634 0.5218620230836823 0.034319927699954844 0.03742143447669225
0 0.3969136918210574 0.491124853975621 0.034957071848169874 0.03742143447669225
0 0.4282150926344329 0.47943332798258564 0.03273384545865343 0.0367515827233326
0 0.44823768639855405 0.5099994711110658 0.03336647085404432 0.03641903220748036
0 0.23166741979213737 0.3895591757126779 0.036226841391775844 0.03474677818490882
0 0.2303931314957072 0.3533111694847787 0.03495707184816993 0.03708413323918495
0 0.1790736556710348 0.3467931793740739 0.03781744238590151 0.03608173096997306
0 0.13124717577948486 0.34161489277008833 0.03877089923181204 0.03775398499254449
0 0.15174423859014913 0.3705135325976519 0.036543154089471286 0.0367515827233326
0 0.1723994577496611 0.399915748920649 0.03591052869408046 0.038086535508396836
0 0.20417532760957977 0.4127807031624775 0.03718029823768637 0.03574918045412071
0 0.09978309986443741 0.2676129015496445 0.038133755083596926 0.038086535508396836
0 0.056723904202440126 0.36617137300495206 0.03591052869408043 0.03742143447669225
0 0.08786714866696792 0.38153995755898273 0.04099412562132851 0.04276599633860394
0 0.08214640759150474 0.4187951167777488 0.03591052869408043 0.03574918045412071
0 0.1159918662449164 0.43549865411684363 0.03749661093538184 0.03574918045412071
0 0.13585178490736557 0.40826751759019647 0.03781744238590151 0.03474677818490882
0 0.04862178038861274 0.43316129906256756 0.04004066877541798 0.03775398499254449
0 0.07595119746949842 0.45471057248979574 0.03877089923181201 0.035416629938268475
0 0.043217352010845006 0.4695755805483929 0.039403524627202896 0.03708413323918495
0 0.10629914143696341 0.5029874059482375 0.03845006778129237 0.039758789530968265
0 0.0721373700858563 0.5268740344297417 0.03368730230456393 0.03942148829346096
0 0.10391775869859919 0.5389028616602844 0.03749661093538184 0.03541662993826836
0 0.13807953004970627 0.535225803099289 0.03718029823768637 0.037421434476692134
0 0.07690465431540895 0.5602858598295865 0.03686398553999096 0.04076119180018027
0 0.10868052417532761 0.5739821903610456 0.03431992769995479 0.03608173096997306
0 0.14316312697695435 0.571141258811336 0.03591052869408046 0.03574918045412071
0 0.19861726163578855 0.5262041826763821 0.03749661093538187 0.03675158272333272
0 0.21148666967916854 0.5584473305490888 0.036543154089471286 0.03708413323918483
0 0.24549028468142792 0.5689701790149861 0.03464075915047449 0.03541662993826836
0 0.26582919114324444 0.5392354121761368 0.03336647085404432 0.037421434476692134
0 0.2818752824220515 0.5698063060262719 0.03368730230456396 0.03574918045412071
0 0.3279530049706281 0.5748183173723314 0.03305015815634882 0.03507932870076105
0 0.3524220515137822 0.5990374963696878 0.0362268413917759 0.038086535508396836
0 0.1255264347040217 0.6053892112224665 0.03495707184816993 0.03608173096997306
0 0.09771802982376865 0.6271047599076207 0.036543154089471314 0.038086535508396836
0 0.08707184816990511 0.6919188554472313 0.03686398553999096 0.038086535508396836
0 0.13410754631721644 0.7243282785778641 0.035594215996385015 0.03341182539984458
0 0.17128784455490284 0.7280005864172043 0.036226841391775844 0.03675158272333272
0 0.15174423859014913 0.6685310527395055 0.036543154089471286 0.03675158272333272
0 0.16095797559873476 0.6326155970274586 0.03591052869408046 0.03708413323918483
0 0.19575689109805694 0.6219264733036352 0.035594215996385015 0.03708413323918483
0 0.23007681879801176 0.6117361753535902 0.03431992769995479 0.03675158272333272
0 0.2569272480795301 0.6317794700161729 0.0359105286940804 0.03541662993826836
0 0.2910935381834614 0.6302782419731826 0.035594215996385015 0.03775398499254449
0 0.1865386353366471 0.656673251488544 0.03877089923181204 0.03574918045412071
0 0.18034342521464078 0.6919188554472313 0.03781744238590151 0.03541662993826836
0 0.5070266606416629 0.47258278735602854 0.034003615002259346 0.03641903220748036
0 0.5421418888386805 0.48126710654142824 0.034319927699954844 0.03641903220748036
0 0.5643877089923182 0.5171825622534751 0.034319927699954844 0.037421434476692134
0 0.5826615454134659 0.5470883550719057 0.0365431540894714 0.03708413323918483
0 0.4987618617261636 0.5081656925522232 0.036543154089471286 0.0367515827233326
0 0.4371125169453231 0.5450835505334819 0.03527338454586537 0.03441422766905659
0 0.4266290103931315 0.5784906252116716 0.0359105286940804 0.03574918045412071
0 0.385472209670131 0.586842393881219 0.03241301400813379 0.03507932870076105
0 0.37863985539990963 0.6227578495932657 0.03145955716222326 0.03608173096997306
0 0.35480795300497064 0.6459793770430655 0.03718029823768643 0.03574918045412071
0 0.40263443289652057 0.6504925626153466 0.03749661093538181 0.03541662993826836
0 0.4348892905558066 0.6327818722853847 0.030826931766832377 0.03341182539984458
0 0.4520515137821961 0.6037169571998949 0.03845006778129234 0.03942148829346096
0 0.4757252598282874 0.6286059879506112 0.04131043831902392 0.03841908602424919
0 0.4986037053773159 0.6524926164321153 0.034957071848169985 0.03541662993826836
0 0.4553863533664709 0.6578419290156821 0.0362268413917759 0.038086535508396836
0 0.5111568007230005 0.6212566215502756 0.0359105286940804 0.03841908602424919
0 0.5122684139177588 0.5778255241799669 0.034319927699954844 0.039758789530968265
0 0.5386443741527338 0.5988712211117617 0.03368730230456385 0.04176359406939204
0 0.5384862178038862 0.5537678697188817 0.03845006778129245 0.042428695101096744
0 0.5988657930411206 0.6197553935072851 0.03464075915047449 0.03942148829346096
0 0.6319159511974696 0.6259360823804827 0.037180298237686316 0.039758789530968265
0 0.5980704925440579 0.6521600659162631 0.03305015815634893 0.038756387261756495
0 0.6319159511974696 0.6606781098437365 0.0359105286940804 0.04109374231603239
0 0.6659195661997289 0.6683647774815793 0.04035698147311351 0.039088937777608614
0 0.6225395390872119 0.6999380736009264 0.0362268413917759 0.038086535508396836
0 0.6409715318572075 0.7290029886864162 0.031143244464527875 0.03608173096997306
0 0.6711613194758247 0.7393595618943873 0.034319927699954844 0.03675158272333272
0 0.37737008585630366 0.6715382595471412 0.03527338454586537 0.038756387261756495
0 0.3428920018075012 0.6838996372935362 0.0362268413917759 0.03541662993826836
0 0.366086760054225 0.7064513129899761 0.034319927699954844 0.039088937777608614
0 0.24103931314957072 0.7042802331936263 0.0359105286940804 0.037421434476692134
0 0.20401717126073204 0.7173114626933809 0.03940352462720287 0.038086535508396836
0 0.22801174875734298 0.7383571596251755 0.03527338454586537 0.038756387261756495
0 0.2626479891549932 0.7273307346638447 0.0359105286940804 0.04076119180018027
0 0.29601897876186173 0.7141379806278191 0.03273384545865343 0.03708413323918483
0 0.22006778129236332 0.7732702130680106 0.03591052869408046 0.03641903220748036
0 0.25438770899231816 0.7642485926451035 0.03464075915047449 0.03441422766905659
0 0.4474423859014912 0.7034441061823404 0.03686398553999093 0.03574918045412071
0 0.4298056936285585 0.7376920585934709 0.03464075915047449 0.038756387261756495
0 0.46555354722096703 0.735516228075466 0.03749661093538181 0.039758789530968265
0 0.4839855399909625 0.7652509949143154 0.034957071848169985 0.03775398499254449
0 0.5094080433800271 0.7396968631318946 0.0362268413917759 0.03608173096997306
0 0.5346723904202441 0.7133018536165333 0.03209670131043829 0.03407692643154928
0 0.5602575689109806 0.6885790981237434 0.034957071848169985 0.03541662993826836
0 0.5726479891549933 0.7216536222860807 0.035594215996384904 0.037421434476692134
0 0.6063352914595571 0.7328463225053377 0.030506100316312734 0.03441422766905659
0 0.613483958427474 0.7689280534753107 0.033366470854044206 0.03574918045412071
0 0.5802756439222775 0.7645858938826109 0.03686398553999104 0.03775398499254449
0 0.6458969724356077 0.7650847196563892 0.03209670131043829 0.037421434476692134
0 0.6714821509263443 0.7879736965903366 0.0362268413917759 0.03775398499254449
0 0.7035788522367826 0.8088531182642051 0.03305015815634893 0.03541662993826836
0 0.6390646181653864 0.804344683413579 0.034957071848169985 0.03441422766905659
0 0.6711613194758247 0.825722930861226 0.038133755083596954 0.042428695101096744
0 0.6961093538183462 0.8464408279988236 0.03845006778129245 0.03708413323918483
0 0.5527880704925441 0.7893086493754008 0.0365431540894714 0.03641903220748036
0 0.5912381382738365 0.7968242910336625 0.03845006778129245 0.038086535508396836
0 0.6120560325350204 0.8282313118950834 0.035594215996384904 0.03942148829346096
0 0.5847266154541347 0.8539564696570852 0.034319927699954844 0.03608173096997306
0 0.5445232715770447 0.8471059290305281 0.037817442385901456 0.039758789530968265
0 0.28330772706732943 0.7854653155564794 0.03527338454586537 0.03675158272333272
0 0.3182602801626751 0.7764436951335724 0.030189787618617236 0.038756387261756495
0 0.3521057388160868 0.7751087423485081 0.031780388612742905 0.037421434476692134
0 0.3702214188883868 0.8182072892029644 0.034957071848169874 0.03675158272333272
0 0.3381247175779485 0.8061784619724217 0.03686398553999093 0.03942148829346096
0 0.3322458201536376 0.844768573976252 0.034003615002259346 0.03775398499254449
0 0.24374152733845458 0.7993326720675196 0.03495707184816993 0.03641903220748036
0 0.27218255761409854 0.8205446442572405 0.03718029823768643 0.04142629283188474
0 0.2087844554902847 0.8095229700175647 0.036226841391775844 0.03675158272333272
0 0.17049254405784003 0.822216898279812 0.03209670131043829 0.03675158272333272
0 0.4421961138725712 0.7695979052286703 0.036543154089471286 0.03841908602424919
0 0.4649209218255761 0.7934845337101745 0.038770899231811984 0.03942148829346096
0 0.49685946678716675 0.7968242910336625 0.034003615002259346 0.038086535508396836
0 0.43917758698599185 0.8205446442572405 0.03686398553999093 0.038756387261756495
0 0.40168097605061004 0.8623082383266325 0.031780388612742905 0.03407692643154928
0 0.4360009037505649 0.8586359304872924 0.03305015815634882 0.04142629283188474
0 0.34003163126976954 0.8810165802041511 0.03686398553999093 0.03942148829346096
0 0.3730817894261184 0.8850261892809989 0.034319927699954844 0.03942148829346096
0 0.4212245820153638 0.8922092804234081 0.037817442385901456 0.04042389056267297
0 0.45649796656122915 0.8958863389844034 0.03718029823768643 0.043768398607815825
0 0.3962765476728423 0.9174356124116316 0.03368730230456396 0.038756387261756495
0 0.4277406235878898 0.9314692441805981 0.038133755083596954 0.034746778184908934
0 0.385472209670131 0.9523486658544666 0.0362268413917759 0.03775398499254449
0 0.27885675553547223 0.875173192568461 0.03527338454586537 0.03841908602424919
0 0.5596204247627655 0.878512949891949 0.0362268413917759 0.04109374231603239
0 0.5796384997740623 0.9318017946964503 0.038133755083596954 0.03675158272333272
0 0.6177767736104836 0.9144284056039959 0.035594215996384904 0.04076119180018027
0 0.6417668323542702 0.8866984433035702 0.034003615002259346 0.038756387261756495
0 0.6973791233619521 0.8833586859800823 0.03209670131043829 0.03608173096997306
0 0.7199412562132852 0.9097489447737888 0.04035698147311351 0.03942148829346096
0 0.6578174423859016 0.49730554284881845 0.038133755083596954 0.03641903220748036
0 0.6619475824672391 0.5340571255721511 0.03368730230456385 0.03507932870076105
0 0.7212155445097154 0.5373968828956391 0.037817442385901456 0.03641903220748036
0 0.7038951649344781 0.5931941087339978 0.03368730230456385 0.03708413323918483
0 0.7355128784455491 0.6112325988581566 0.0359105286940804 0.03841908602424919
0 0.7693583370989607 0.5998736233809736 0.034957071848169985 0.03841908602424919
0 0.8020921825576142 0.5845050388269428 0.038133755083596954 0.04109374231603239
0 0.8213149570718482 0.6174132877313541 0.0359105286940804 0.037421434476692134
0 0.6700497062810664 0.599203771627614 0.03464075915047449 0.03574918045412071
0 0.6961093538183462 0.6281071621768327 0.0359105286940804 0.037421434476692134
0 0.7213737008585631 0.7348511270437614 0.031780388612742794 0.03574918045412071
0 0.6740216900135563 0.7054489107207643 0.03368730230456385 0.03574918045412071
0 0.7528332580207863 0.7184801402205189 0.034957071848169985 0.03775398499254449
0 0.7882647989154994 0.7104609220668237 0.037180298237686316 0.04042389056267297
0 0.7844509715318573 0.7477113305639348 0.037180298237686316 0.037421434476692134
0 0.8165476728422956 0.7330125977632638 0.03908721192950737 0.038756387261756495
0 0.8770854044283778 0.6341215757921039 0.041947582467239064 0.038756387261756495
0 0.916967916854948 0.6722081113005008 0.03908721192950737 0.03608173096997306
0 0.8554767284229553 0.6757141438819149 0.038133755083596954 0.03775398499254449
0 0.9033032083145053 0.7256632313629282 0.0359105286940804 0.037421434476692134
0 0.8796294622684139 0.7650847196563892 0.03686398553999104 0.037421434476692134
0 0.8591323994577497 0.7933182584522483 0.045445097153185676 0.04042389056267297
0 0.8343470402169002 0.8207156702368216 0.041631269769543566 0.04042389056267297
0 0.808603705377316 0.7914797291717507 0.0359105286940804 0.03675158272333272
0 0.7750790781744239 0.7837978122555629 0.03749661093538181 0.037421434476692134
0 0.7493357433348397 0.809855520533417 0.035594215996384904 0.037421434476692134