0 0.925048828125 0.6070201276386843 0.044921875 0.042709867452135494
0 0.899658203125 0.6693667157584683 0.044921875 0.043200785468826705
0 0.15185546875 0.7812960235640648 0.0439453125 0.044673539518900345
0 0.58056640625 0.663966617574865 0.04345703125 0.042709867452135494
0 0.5615234375 0.5839469808541974 0.041015625 0.040746195385370644
0 0.781494140625 0.7349042709867453 0.04345703125 0.043200785468826705
0 0.8095703125 0.31001472754050075 0.04248046875 0.04221894943544428
0 0.80615234375 0.4167893961708395 0.0419921875 0.040746195385370644
0 0.214111328125 0.7982326951399117 0.0439453125 0.044673539518900345
0 0.627685546875 0.6119293078055965 0.0419921875 0.041237113402061855
0 0.6708984375 0.5262641138929799 0.04296875 0.041728031418753066
0 0.59375 0.42832596956308294 0.0419921875 0.04221894943544428
0 0.84033203125 0.28865979381443296 0.04296875 0.04221894943544428
0 0.598876953125 0.7626411389297987 0.04248046875 0.04221894943544428
0 0.570068359375 0.8694158075601375 0.04345703125 0.043200785468826705
0 0.895751953125 0.5783014236622485 0.04443359375 0.043200785468826705
0 0.690673828125 0.6013745704467354 0.04345703125 0.04221894943544428
0 0.38427734375 0.927098674521355 0.04345703125 0.042709867452135494
0 0.9111328125 0.3431516936671576 0.0419921875 0.042709867452135494
0 0.751953125 0.329160530191458 0.04296875 0.04221894943544428
0 0.62646484375 0.4018163966617575 0.04296875 0.04221894943544428
0 0.659912109375 0.8038782523318606 0.04296875 0.043691703485517916
0 0.239013671875 0.8598429062346589 0.04443359375 0.045164457535591555
0 0.683837890625 0.7020127638684339 0.04248046875 0.041237113402061855
0 0.095458984375 0.7550319096710849 0.04345703125 0.043691703485517916
0 0.8486328125 0.7125675012272951 0.04443359375 0.043691703485517916
0 0.627197265625 0.8186057928325969 0.04345703125 0.043200785468826705
0 0.587890625 0.8296514482081493 0.04296875 0.042709867452135494
0 0.872802734375 0.6443298969072165 0.04443359375 0.042709867452135494
0 0.461669921875 0.9435444280805105 0.04296875 0.043200785468826705
0 0.4091796875 0.8966617574864998 0.0439453125 0.044182621502209134
0 0.178466796875 0.8087874324987727 0.04345703125 0.044182621502209134
0 0.779541015625 0.7697594501718213 0.04248046875 0.041728031418753066
0 0.810302734375 0.5267550319096711 0.0439453125 0.042709867452135494
0 0.34716796875 0.9180166912125675 0.04345703125 0.043691703485517916
0 0.557861328125 0.9337260677466863 0.0400390625 0.039764359351988215
0 0.815185546875 0.7245949926362297 0.0439453125 0.043691703485517916
0 0.634765625 0.5189003436426117 0.04296875 0.042709867452135494
0 0.796142578125 0.594747177221404 0.04443359375 0.043691703485517916
0 0.68212890625 0.29896907216494845 0.04345703125 0.042709867452135494
0 0.7255859375 0.3559155621011291 0.04248046875 0.04221894943544428
0 0.6806640625 0.7754050073637703 0.04345703125 0.04221894943544428
0 0.55615234375 0.49091801669121254 0.04150390625 0.041237113402061855
0 0.1435546875 0.8168875797741777 0.044921875 0.045164457535591555
0 0.769287109375 0.8446244477172312 0.04443359375 0.043691703485517916
0 0.746826171875 0.4877270495827197 0.0419921875 0.041728031418753066
0 0.865234375 0.5596465390279823 0.04296875 0.041728031418753066
0 0.889404296875 0.7037309769268533 0.044921875 0.045164457535591555
0 0.622802734375 0.36180657830142365 0.04150390625 0.040746195385370644
0 0.846435546875 0.22410407461953855 0.0419921875 0.040746195385370644
0 0.65576171875 0.3738340697103584 0.0419921875 0.041237113402061855
0 0.3984375 0.961953853706431 0.0419921875 0.04221894943544428
0 0.07470703125 0.7201767304860088 0.0458984375 0.045164457535591555
0 0.83349609375 0.3961708394698085 0.04296875 0.040746195385370644
0 0.797119140625 0.2756504663721159 0.04345703125 0.04221894943544428
0 0.791259765625 0.3384879725085911 0.04296875 0.042709867452135494
0 0.501708984375 0.5009818360333824 0.0419921875 0.04221894943544428
0 0.7197265625 0.41973490427098675 0.04248046875 0.041237113402061855
0 0.621826171875 0.4518900343642612 0.04052734375 0.040746195385370644
0 0.842529296875 0.3242513500245459 0.0419921875 0.040746195385370644
0 0.857421875 0.36867943053510066 0.0439453125 0.042709867452135494
0 0.634521484375 0.8868433971526755 0.04150390625 0.041237113402061855
0 0.046630859375 0.6401570937653411 0.04541015625 0.044182621502209134
0 0.8896484375 0.6126656848306333 0.04345703125 0.042709867452135494
0 0.764404296875 0.6114383897889053 0.04052734375 0.039273441335297005
0 0.12060546875 0.5974472263132057 0.0439453125 0.042709867452135494
0 0.657470703125 0.6784486990672558 0.04296875 0.04221894943544428
0 0.925537109375 0.2852233676975945 0.04248046875 0.041237113402061855
0 0.859130859375 0.25895925380461465 0.0419921875 0.041728031418753066
0 0.668701171875 0.45999018163966615 0.04150390625 0.04025527736867943
0 0.418212890625 0.5083456062837506 0.04150390625 0.041237113402061855
0 0.18701171875 0.6585665193912617 0.04443359375 0.044182621502209134
0 0.239013671875 0.8964162984781542 0.04296875 0.043691703485517916
0 0.813720703125 0.7579774177712322 0.04443359375 0.041728031418753066
0 0.586669921875 0.46195385370643105 0.0400390625 0.04025527736867943
0 0.29150390625 0.5520373097692686 0.04248046875 0.041728031418753066
0 0.3115234375 0.5201276386843398 0.04150390625 0.041237113402061855
0 0.9375 0.6686303387334315 0.04248046875 0.04221894943544428
0 0.500732421875 0.4415807560137457 0.04052734375 0.040746195385370644
0 0.9384765625 0.3178694158075601 0.04296875 0.041237113402061855
0 0.779296875 0.24545900834560627 0.04345703125 0.043200785468826705
0 0.34716796875 0.5139911634756995 0.04150390625 0.041728031418753066
0 0.807861328125 0.22434953362788415 0.04345703125 0.042709867452135494
0 0.136474609375 0.6779577810505646 0.04345703125 0.043691703485517916
0 0.890625 0.27295041728031416 0.04248046875 0.041728031418753066
0 0.09423828125 0.6875306823760432 0.04296875 0.044182621502209134
0 0.178955078125 0.6224840451644575 0.04248046875 0.042709867452135494
0 0.12646484375 0.6381934216985763 0.0439453125 0.043691703485517916
0 0.780029296875 0.4808541973490427 0.04150390625 0.04025527736867943
0 0.924560546875 0.3748159057437408 0.0439453125 0.04221894943544428
0 0.77685546875 0.5135002454590083 0.04345703125 0.04221894943544428
0 0.08642578125 0.6470299459990182 0.04296875 0.043691703485517916
0 0.055419921875 0.6762395679921454 0.04296875 0.043200785468826705
0 0.799560546875 0.6350024545900834 0.04345703125 0.043200785468826705
0 0.861328125 0.6791850760922926 0.048828125 0.043200785468826705
0 0.7255859375 0.6875306823760432 0.04248046875 0.041237113402061855
0 0.6953125 0.6379479626902307 0.0439453125 0.041728031418753066
0 0.662353515625 0.6254295532646048 0.0458984375 0.046146293568973984
0 0.703125 0.531173294059892 0.04052734375 0.039764359351988215
0 0.731201171875 0.5594010800196367 0.0400390625 0.04025527736867943
0 0.695068359375 0.5640648011782032 0.04345703125 0.045655375552282766
0 0.656494140625 0.5913107511045655 0.0390625 0.039764359351988215
0 0.62646484375 0.5613647520864016 0.03857421875 0.041728031418753066
0 0.60302734375 0.5876288659793815 0.046875 0.043691703485517916
0 0.57861328125 0.6129111438389789 0.04443359375 0.04025527736867943
0 0.6044921875 0.6377025036818851 0.0439453125 0.042709867452135494
0 0.620361328125 0.6737849779086893 0.0439453125 0.040746195385370644
0 0.54638671875 0.6732940598919981 0.0400390625 0.03829160530191458
0 0.53759765625 0.7074128620520374 0.03857421875 0.039764359351988215
0 0.50927734375 0.6813942071674031 0.04345703125 0.044182621502209134
0 0.502685546875 0.7142857142857143 0.0400390625 0.04025527736867943
0 0.55712890625 0.7380952380952381 0.04296875 0.04025527736867943
0 0.52734375 0.7449680903289151 0.0400390625 0.041237113402061855
0 0.495849609375 0.7668139420716741 0.041015625 0.042709867452135494
0 0.529052734375 0.780559646539028 0.04052734375 0.041728031418753066
0 0.55908203125 0.8058419243986255 0.0439453125 0.040746195385370644
0 0.5244140625 0.8171330387825233 0.04150390625 0.044182621502209134
0 0.48974609375 0.8028964162984782 0.0400390625 0.039273441335297005
0 0.498046875 0.8382425135002455 0.04345703125 0.038782523318605794
0 0.464111328125 0.8343151693667158 0.04296875 0.041728031418753066
0 0.48291015625 0.8789887088856161 0.04345703125 0.043200785468826705
0 0.452880859375 0.8654884634266078 0.0439453125 0.046637211585665195
0 0.481689453125 0.9111438389788905 0.0380859375 0.042709867452135494
0 0.445556640625 0.9047619047619048 0.037109375 0.04025527736867943
0 0.4697265625 0.7022582228767795 0.041015625 0.044182621502209134
0 0.542236328125 0.551791850760923 0.041015625 0.04221894943544428
0 0.517822265625 0.5731467844869906 0.037109375 0.038782523318605794
0 0.488037109375 0.584192439862543 0.04296875 0.042709867452135494
0 0.535400390625 0.6075110456553755 0.04296875 0.045164457535591555
0 0.552734375 0.635247913598429 0.04443359375 0.047619047619047616
0 0.583740234375 0.5591556210112911 0.04345703125 0.042709867452135494
0 0.53466796875 0.5201276386843398 0.0400390625 0.041728031418753066
0 0.504150390625 0.5429553264604811 0.0400390625 0.040746195385370644
0 0.4677734375 0.5147275405007363 0.03759765625 0.041728031418753066
0 0.43603515625 0.5370643102601865 0.04150390625 0.041728031418753066
0 0.40673828125 0.541728031418753 0.04248046875 0.046146293568973984
0 0.381103515625 0.5108001963672066 0.04296875 0.044673539518900345
0 0.402587890625 0.5721649484536082 0.04541015625 0.042709867452135494
0 0.438720703125 0.5733922434953362 0.0458984375 0.042709867452135494
0 0.43505859375 0.6440844378988709 0.044921875 0.04025527736867943
0 0.4375 0.6759941089837997 0.04296875 0.047128129602356406
0 0.40771484375 0.6568483063328424 0.0400390625 0.045164457535591555
0 0.37548828125 0.6428571428571429 0.04248046875 0.040746195385370644
0 0.390380859375 0.6114383897889053 0.0458984375 0.045655375552282766
0 0.361328125 0.5903289150711831 0.0478515625 0.046146293568973984
0 0.337646484375 0.6210112911143839 0.03564453125 0.037800687285223365
0 0.31689453125 0.6413843888070693 0.03955078125 0.040746195385370644
0 0.384521484375 0.6885125184094256 0.03857421875 0.041728031418753066
0 0.413818359375 0.7042218949435445 0.0439453125 0.041237113402061855
0 0.41748046875 0.7439862542955327 0.0419921875 0.041237113402061855
0 0.45068359375 0.7626411389297987 0.041015625 0.043691703485517916
0 0.422607421875 0.7866961217476681 0.03955078125 0.041728031418753066
0 0.39013671875 0.7955326460481099 0.05126953125 0.047619047619047616
0 0.43115234375 0.8217967599410898 0.04345703125 0.044182621502209134
0 0.399169921875 0.8328424153166422 0.048828125 0.042709867452135494
0 0.35791015625 0.8203240058910162 0.0419921875 0.045164457535591555
0 0.333740234375 0.8443789887088856 0.04638671875 0.044182621502209134
0 0.365234375 0.8566519391261659 0.04150390625 0.040746195385370644
0 0.37109375 0.8910162002945509 0.0390625 0.039764359351988215
0 0.335205078125 0.8811978399607265 0.0458984375 0.047619047619047616
0 0.308349609375 0.9023073146784487 0.041015625 0.042709867452135494
0 0.30126953125 0.8696612665684831 0.0458984375 0.04958271968581247
0 0.298095703125 0.8254786450662739 0.044921875 0.046637211585665195
0 0.271484375 0.845360824742268 0.04150390625 0.042709867452135494
0 0.239501953125 0.8232695139911634 0.04248046875 0.042709867452135494
0 0.204345703125 0.832351497299951 0.04345703125 0.039273441335297005
0 0.352294921875 0.7069219440353461 0.03564453125 0.039764359351988215
0 0.35107421875 0.7442317133038783 0.04296875 0.043200785468826705
0 0.49951171875 0.6151202749140894 0.04443359375 0.044673539518900345
0 0.38525390625 0.7577319587628866 0.0361328125 0.037309769268532154
0 0.312255859375 0.7557682866961217 0.03857421875 0.041728031418753066
0 0.303466796875 0.7881688757977418 0.046875 0.042709867452135494
0 0.24365234375 0.7810505645557192 0.04052734375 0.039764359351988215
0 0.219482421875 0.7550319096710849 0.04150390625 0.045164457535591555
0 0.24951171875 0.7331860579283259 0.0419921875 0.041728031418753066
0 0.2861328125 0.7226313205694649 0.04931640625 0.045655375552282766
0 0.321533203125 0.7164948453608248 0.0380859375 0.043200785468826705
0 0.322509765625 0.6811487481590575 0.044921875 0.044182621502209134
0 0.287353515625 0.6899852724594993 0.04052734375 0.043200785468826705
0 0.255615234375 0.6968581246931762 0.0458984375 0.046146293568973984
0 0.33447265625 0.5481099656357389 0.044921875 0.043691703485517916
0 0.323486328125 0.5827196858124694 0.04052734375 0.040746195385370644
0 0.293701171875 0.5954835542464408 0.04833984375 0.052037309769268535
0 0.26708984375 0.5743740795287187 0.04638671875 0.04958271968581247
0 0.248291015625 0.6099656357388317 0.04296875 0.045655375552282766
0 0.215087890625 0.625920471281296 0.03662109375 0.038782523318605794
0 0.263427734375 0.6622484045164457 0.03955078125 0.04025527736867943
0 0.2275390625 0.6590574374079529 0.04296875 0.042709867452135494
0 0.216064453125 0.6971035837015218 0.04296875 0.046146293568973984
0 0.19580078125 0.7277859597447226 0.044921875 0.043200785468826705
0 0.177734375 0.6968581246931762 0.0400390625 0.041237113402061855
0 0.145263671875 0.7093765341188022 0.04296875 0.043691703485517916
0 0.109619140625 0.7196858124693176 0.0380859375 0.043200785468826705
0 0.166748046875 0.7439862542955327 0.044921875 0.041237113402061855