0 0.696533203125 0.3605792832596956 0.04443359375 0.044182621502209134
0 0.64697265625 0.6249386352479136 0.0439453125 0.043200785468826705
0 0.539306640625 0.48109965635738833 0.04248046875 0.041728031418753066
0 0.47607421875 0.5076092292587138 0.04248046875 0.04221894943544428
0 0.3349609375 0.054491899852724596 0.0458984375 0.046146293568973984
0 0.666259765625 0.4636720667648503 0.0439453125 0.043200785468826705
0 0.798828125 0.5942562592047128 0.044921875 0.043200785468826705
0 0.843505859375 0.23244968090328916 0.04443359375 0.044182621502209134
0 0.731689453125 0.23097692685321553 0.04443359375 0.045164457535591555
0 0.716796875 0.5814923907707413 0.04248046875 0.041728031418753066
0 0.50146484375 0.5397643593519882 0.04296875 0.043200785468826705
0 0.6279296875 0.6806578301423662 0.0439453125 0.043691703485517916
0 0.716796875 0.3269513991163476 0.04345703125 0.043691703485517916
0 0.72998046875 0.1323024054982818 0.044921875 0.044673539518900345
0 0.821533203125 0.6995581737849779 0.04541015625 0.043691703485517916
0 0.863037109375 0.5368188512518409 0.04443359375 0.042709867452135494
0 0.677734375 0.4958271968581247 0.044921875 0.044182621502209134
0 0.63720703125 0.11561119293078057 0.04296875 0.043200785468826705
0 0.880615234375 0.4386352479135984 0.04345703125 0.043200785468826705
0 0.59716796875 0.43912616593028964 0.04345703125 0.04221894943544428
0 0.830810546875 0.7619047619047619 0.04443359375 0.043200785468826705
0 0.64794921875 0.5603829160530192 0.04345703125 0.04221894943544428
0 0.7373046875 0.5127638684339715 0.04443359375 0.043200785468826705
0 0.77001953125 0.16200294550810015 0.04443359375 0.044673539518900345
0 0.70166015625 0.646539027982327 0.04296875 0.043200785468826705
0 0.6572265625 0.24496809032891506 0.0439453125 0.044673539518900345
0 0.528076171875 0.6190476190476191 0.0419921875 0.04221894943544428
0 0.52392578125 0.08149239077074129 0.0439453125 0.044673539518900345
0 0.55712890625 0.2663230240549828 0.04443359375 0.045655375552282766
0 0.778564453125 0.46146293568973984 0.04345703125 0.04221894943544428
0 0.78662109375 0.6946489936180658 0.0439453125 0.042709867452135494
0 0.937744140625 0.5009818360333824 0.0458984375 0.043691703485517916
0 0.664794921875 0.09499263622974963 0.044921875 0.044673539518900345
0 0.63232421875 0.4408443789887089 0.0439453125 0.042709867452135494
0 0.669921875 0.7250859106529209 0.04345703125 0.042709867452135494
0 0.686279296875 0.7714776632302406 0.04345703125 0.04221894943544428
0 0.60107421875 0.5886107020127639 0.04345703125 0.04221894943544428
0 0.93408203125 0.5667648502700049 0.04541015625 0.043691703485517916
0 0.682861328125 0.6163475699558174 0.0439453125 0.043200785468826705
0 0.701171875 0.7042218949435445 0.04345703125 0.043200785468826705
0 0.265380859375 0.24128620520373098 0.04345703125 0.043200785468826705
0 0.719970703125 0.616593028964163 0.04345703125 0.043200785468826705
0 0.483642578125 0.6440844378988709 0.041015625 0.041237113402061855
0 0.65087890625 0.20864015709376535 0.044921875 0.045164457535591555
0 0.89697265625 0.6084928816887579 0.044921875 0.044182621502209134
0 0.572265625 0.7221404025527737 0.04296875 0.043200785468826705
0 0.389892578125 0.4023073146784487 0.04345703125 0.043200785468826705
0 0.73779296875 0.7390770741286206 0.04296875 0.042709867452135494
0 0.398193359375 0.47496318114874814 0.04248046875 0.042709867452135494
0 0.682861328125 0.12616593028964163 0.0439453125 0.044182621502209134
0 0.83642578125 0.6693667157584683 0.04443359375 0.043691703485517916
0 0.793701171875 0.5594010800196367 0.044921875 0.042709867452135494
0 0.664794921875 0.280559646539028 0.044921875 0.044673539518900345
0 0.76318359375 0.6067746686303387 0.0439453125 0.042709867452135494
0 0.89892578125 0.5385370643102602 0.044921875 0.043200785468826705
0 0.552734375 0.05571919489445263 0.04345703125 0.043691703485517916
0 0.678955078125 0.5819833087874325 0.044921875 0.044182621502209134
0 0.632080078125 0.7140402552773687 0.04296875 0.043200785468826705
0 0.234375 0.10505645557191949 0.04638671875 0.045655375552282766
0 0.613037109375 0.20667648502700048 0.04345703125 0.044673539518900345
0 0.963134765625 0.5895925380461463 0.0458984375 0.045164457535591555
0 0.23095703125 0.14580265095729014 0.04541015625 0.045655375552282766
0 0.790283203125 0.7960235640648011 0.0439453125 0.043200785468826705
0 0.884033203125 0.297987236131566 0.04736328125 0.046146293568973984
0 0.6728515625 0.1799214531173294 0.04345703125 0.043691703485517916
0 0.92138671875 0.29405989199803634 0.044921875 0.045655375552282766
0 0.72998046875 0.5481099656357389 0.04541015625 0.044182621502209134
0 0.171875 0.15316642120765833 0.0458984375 0.045164457535591555
0 0.88037109375 0.7253313696612665 0.04443359375 0.04221894943544428
0 0.192138671875 0.24447717231222385 0.044921875 0.045164457535591555
0 0.266357421875 0.08517427589592538 0.04541015625 0.045164457535591555
0 0.63037109375 0.5287187039764359 0.0439453125 0.04221894943544428
0 0.66748046875 0.6548846342660776 0.04443359375 0.043691703485517916
0 0.9091796875 0.6659302896416298 0.0439453125 0.043691703485517916
0 0.818359375 0.20594010800196366 0.04345703125 0.042709867452135494
0 0.444580078125 0.02970054000981836 0.0419921875 0.043691703485517916
0 0.863037109375 0.6072655866470299 0.04345703125 0.042709867452135494
0 0.1474609375 0.180166912125675 0.04638671875 0.045164457535591555
0 0.465087890625 0.5434462444771723 0.04296875 0.042709867452135494
0 0.918212890625 0.7241040746195385 0.044921875 0.044182621502209134
0 0.969970703125 0.5193912616593029 0.04541015625 0.045655375552282766
0 0.69580078125 0.07167403043691703 0.04541015625 0.047128129602356406
0 0.551513671875 0.7523318605792833 0.04296875 0.042709867452135494
0 0.701904296875 0.7405498281786942 0.044921875 0.042709867452135494
0 0.789794921875 0.8330878743249878 0.044921875 0.044182621502209134
0 0.587158203125 0.7709867452135494 0.04345703125 0.043200785468826705
0 0.2041015625 0.16838487972508592 0.04541015625 0.046637211585665195
0 0.810546875 0.16936671575846834 0.04443359375 0.044182621502209134
0 0.465576171875 0.059891998036327936 0.04345703125 0.04221894943544428
0 0.619873046875 0.045655375552282766 0.04443359375 0.045164457535591555
0 0.67626953125 0.832351497299951 0.04345703125 0.042709867452135494
0 0.50048828125 0.054491899852724596 0.04345703125 0.042709867452135494
0 0.349609375 0.3436426116838488 0.04345703125 0.044673539518900345
0 0.59130859375 0.06995581737849779 0.04345703125 0.042709867452135494
0 0.525390625 0.6946489936180658 0.04248046875 0.043200785468826705
0 0.20068359375 0.20618556701030927 0.04443359375 0.045164457535591555
0 0.376953125 0.36843397152675506 0.0439453125 0.045164457535591555
0 0.720458984375 0.7687776141384389 0.04248046875 0.041237113402061855
0 0.970458984375 0.4847815414825724 0.04541015625 0.043200785468826705
0 0.933349609375 0.6919489445262641 0.04541015625 0.044673539518900345
0 0.52783203125 0.028964162984781543 0.0439453125 0.044182621502209134
0 0.775146484375 0.6411389297987237 0.04248046875 0.039273441335297005
0 0.74072265625 0.6448208149239077 0.0419921875 0.043200785468826705
0 0.896484375 0.5736377025036818 0.044921875 0.039273441335297005
0 0.969970703125 0.5564555719194895 0.04638671875 0.041237113402061855
0 0.829833984375 0.5513009327442318 0.04541015625 0.041237113402061855
0 0.91748046875 0.4695630829651448 0.0478515625 0.041728031418753066
0 0.880126953125 0.47103583701521845 0.04248046875 0.04221894943544428
0 0.832763671875 0.48257241040746196 0.04931640625 0.044673539518900345
0 0.8154296875 0.4567992145311733 0.0458984375 0.042709867452135494
0 0.83349609375 0.4256259204712813 0.046875 0.045655375552282766
0 0.79833984375 0.4165439371624939 0.04541015625 0.045164457535591555
0 0.82568359375 0.39199803632793323 0.04638671875 0.043200785468826705
0 0.893310546875 0.40378006872852235 0.04833984375 0.043691703485517916
0 0.916259765625 0.375306823760432 0.04296875 0.042709867452135494
0 0.88037109375 0.3694158075601375 0.04296875 0.042709867452135494
0 0.901123046875 0.34069710358370153 0.04443359375 0.037309769268532154
0 0.864501953125 0.33406971035837013 0.0419921875 0.042709867452135494
0 0.83056640625 0.32621502209131076 0.04541015625 0.042709867452135494
0 0.7939453125 0.3235149729995091 0.03955078125 0.045655375552282766
0 0.771240234375 0.2957781050564556 0.0419921875 0.042709867452135494
0 0.753173828125 0.26386843397152676 0.0458984375 0.044182621502209134
0 0.84765625 0.2923416789396171 0.04541015625 0.044673539518900345
0 0.8681640625 0.2609229258713795 0.04541015625 0.044673539518900345
0 0.745849609375 0.19783996072655866 0.04443359375 0.041237113402061855
0 0.705322265625 0.18973981345115365 0.04248046875 0.043200785468826705
0 0.692138671875 0.25135002454590083 0.041015625 0.038782523318605794
0 0.75390625 0.3865979381443299 0.041015625 0.041237113402061855
0 0.7333984375 0.3583701521845852 0.0439453125 0.044182621502209134
0 0.73583984375 0.4486990672557683 0.0400390625 0.041728031418753066
0 0.70166015625 0.41973490427098675 0.04541015625 0.040746195385370644
0 0.66748046875 0.4266077565046637 0.04150390625 0.041728031418753066
0 0.679443359375 0.39297987236131565 0.044921875 0.041728031418753066
0 0.6474609375 0.3448699067255768 0.044921875 0.039764359351988215
0 0.684326171875 0.33014236622484044 0.046875 0.04221894943544428
0 0.71044921875 0.48306332842415317 0.04345703125 0.041728031418753066
0 0.70361328125 0.5216003927344134 0.03857421875 0.03829160530191458
0 0.66552734375 0.5287187039764359 0.03759765625 0.04025527736867943
0 0.59228515625 0.6215022091310751 0.04443359375 0.041728031418753066
0 0.52099609375 0.5103092783505154 0.04150390625 0.041728031418753066
0 0.56494140625 0.5009818360333824 0.03857421875 0.03829160530191458
0 0.572021484375 0.46563573883161513 0.04150390625 0.041237113402061855
0 0.56103515625 0.43102601865488466 0.0439453125 0.046146293568973984
0 0.53076171875 0.41286205203730975 0.04638671875 0.044673539518900345
0 0.569091796875 0.3959253804614629 0.0458984375 0.041728031418753066
0 0.603271484375 0.4054982817869416 0.04296875 0.041728031418753066
0 0.609375 0.3694158075601375 0.044921875 0.042709867452135494
0 0.568603515625 0.36180657830142365 0.0419921875 0.042709867452135494
0 0.5361328125 0.37677957781050564 0.046875 0.039764359351988215
0 0.510986328125 0.3539518900343643 0.0439453125 0.04221894943544428
0 0.5400390625 0.33775159548355427 0.0439453125 0.04221894943544428
0 0.5810546875 0.3274423171330388 0.04541015625 0.041237113402061855
0 0.580810546875 0.2920962199312715 0.0439453125 0.039273441335297005
0 0.548095703125 0.3016691212567501 0.04248046875 0.044182621502209134
0 0.591552734375 0.2552773686794305 0.044921875 0.043200785468826705
0 0.52099609375 0.27515954835542467 0.0458984375 0.044182621502209134
0 0.534912109375 0.23613156602847324 0.044921875 0.044182621502209134
0 0.57373046875 0.19023073146784486 0.03955078125 0.039764359351988215
0 0.6044921875 0.1715758468335788 0.044921875 0.043200785468826705
0 0.5732421875 0.15537555228276878 0.04443359375 0.046637211585665195
0 0.537109375 0.15046637211585664 0.044921875 0.044182621502209134
0 0.516357421875 0.18090328915071183 0.0439453125 0.040746195385370644
0 0.487548828125 0.0898379970544919 0.04443359375 0.042709867452135494
0 0.46142578125 0.1254295532646048 0.041015625 0.043200785468826705
0 0.458984375 0.16053019145802652 0.04443359375 0.044673539518900345
0 0.441650390625 0.19170348551791852 0.04150390625 0.040746195385370644
0 0.42626953125 0.2260677466863034 0.04345703125 0.042709867452135494
0 0.478271484375 0.2766323024054983 0.04052734375 0.04025527736867943
0 0.45458984375 0.24889543446244478 0.04345703125 0.042709867452135494
0 0.473388671875 0.45999018163966615 0.0400390625 0.041728031418753066
0 0.497314453125 0.4324987727049583 0.04052734375 0.039764359351988215
0 0.474853515625 0.40427098674521356 0.04248046875 0.043691703485517916
0 0.452392578125 0.43053510063819345 0.04736328125 0.045655375552282766
0 0.39599609375 0.4378988708885616 0.04345703125 0.043691703485517916
0 0.42919921875 0.3804614629356897 0.0439453125 0.04025527736867943
0 0.41015625 0.3537064310260187 0.05126953125 0.047619047619047616
0 0.43505859375 0.32793323514973 0.04052734375 0.041237113402061855
0 0.383056640625 0.32596956308296515 0.0439453125 0.044182621502209134
0 0.35595703125 0.3006872852233677 0.041015625 0.039764359351988215
0 0.326904296875 0.27810505645557193 0.046875 0.041237113402061855
0 0.294677734375 0.29381443298969073 0.04052734375 0.04025527736867943
0 0.298583984375 0.25969563082965147 0.04443359375 0.044673539518900345
0 0.35986328125 0.2557682866961217 0.04248046875 0.040746195385370644
0 0.263671875 0.16543937162493863 0.04345703125 0.04221894943544428
0 0.26318359375 0.12812960235640647 0.04541015625 0.045164457535591555
0 0.4072265625 0.195139911634757 0.04296875 0.044182621502209134
0 0.391357421875 0.16077565046637213 0.041015625 0.043691703485517916
0 0.389892578125 0.12444771723122239 0.0400390625 0.04025527736867943
0 0.357177734375 0.15022091310751104 0.044921875 0.045164457535591555
0 0.3212890625 0.12837506136475207 0.04736328125 0.044673539518900345
0 0.3544921875 0.1134020618556701 0.04736328125 0.045164457535591555
0 0.326416015625 0.09081983308787432 0.048828125 0.047128129602356406
0 0.42724609375 0.1249386352479136 0.04248046875 0.041728031418753066
0 0.328857421875 0.19857633775159547 0.04541015625 0.042709867452135494