0 0.4072263797942002 0.9293085219969388 0.03955098222637976 0.039858611937344454
0 0.07684284377923292 0.38733297421463453 0.040009354536950426 0.038814651124450227
0 0.7192376052385407 0.8070710563646442 0.038755846585593945 0.03939776437129206
0 0.35693171188026196 0.680902278842352 0.03897100093545369 0.037954088832740165
0 0.4094246959775491 0.605299765378845 0.036894293732460226 0.03626588193260961
0 0.4252946679139383 0.6642130134145988 0.0377502338634238 0.03801522167313488
0 0.4443358278765201 0.7648517762828275 0.038236669784845634 0.038170405037213896
0 0.4702151543498597 0.4725098309891883 0.0377502338634238 0.03746502610958262
0 0.4404303086997194 0.8036335097239884 0.03817586529466788 0.03691012801984616
0 0.32690364826941065 0.6244484520009387 0.03833021515434987 0.038659467760371435
0 0.25488306828811974 0.8591045085929022 0.03994855004677267 0.03970342857326544
0 0.6210944808231993 0.8669624298467131 0.04015902712815711 0.040686256545764944
0 0.16345182413470533 0.7236153241735104 0.040009354536950426 0.03896513196234482
0 0.25708138447146867 0.5468849851186172 0.038236669784845634 0.037093526541030326
0 0.1866463985032741 0.6553769667144727 0.03912535079513563 0.039642295732870717
0 0.45630028063610856 0.41727866095566907 0.037109448082319973 0.03626588193260972
0 0.3220205799812909 0.8595982738422441 0.03979420018709079 0.03859833491997672
0 0.2204583723105706 0.8762875392699971 0.04067820392890553 0.04037588981760715
0 0.3251964452759588 0.7908708536600487 0.03811506080449023 0.0387535182840555
0 0.4406735266604303 0.45213378503301643 0.03677268475210482 0.036204749092214994
0 0.23632834424695975 0.5748650159146529 0.0386950420954163 0.03746502610958262
0 0.8154303086997194 0.7692674483697985 0.038910196445276046 0.03948711236879193
0 0.15148737137511692 0.7579766830015159 0.03860617399438726 0.037798905468661374
0 0.6635734331150608 0.9273428660519399 0.03927502338634237 0.03902626480273954
0 0.14917212347988776 0.35812558408452055 0.03949017773620206 0.03703239370063549
0 0.29369971936389144 0.37334295881661667 0.03845182413470538 0.036971260860240884
0 0.41894761459307767 0.4801185183552364 0.037202993451824096 0.03626588193260972
0 0.37866230121608985 0.9062332260110316 0.03897100093545369 0.03927549869050262
0 0.24401777362020582 0.45753698761867106 0.03738540692235737 0.03758729179037206
0 0.2502432179607109 0.6710834041697262 0.037811038353601445 0.038659467760371435
0 0.32617399438727784 0.324986882064409 0.0388166510757717 0.037093526541030215
0 0.47363423760523854 0.8998518979790617 0.03927502338634237 0.03902626480273954
0 0.32641721234798876 0.3910150522168691 0.037811038353601556 0.03559342068826801
0 0.17700187090739009 0.6897383255424782 0.040009354536950426 0.03823153787760839
0 0.3542469597754911 0.871871867183026 0.038910196445275935 0.038170405037213896
0 0.2851543498596819 0.88119697660631 0.040009354536950426 0.03832088587510849
0 0.19775491113189897 0.31541253875336217 0.039186155285313384 0.03767663978787193
0 0.411623012160898 0.7093760748877295 0.03897100093545369 0.03948711236879193
0 0.18993919550982225 0.8507622271421178 0.0409869036482694 0.04037588981760715
0 0.23510757717492986 0.3036327106619219 0.03768942937324604 0.036021350571030834
0 0.047605238540692235 0.3598420061417564 0.040617399438727775 0.03758729179037206
0 0.7065434985968194 0.8581263831465871 0.038545369504209503 0.03838201871550321
0 0.2880869971936389 0.8463418525289625 0.04123012160898032 0.041208236952212055
0 0.3405753040224509 0.7245934496198255 0.038910196445275935 0.0387535182840555
0 0.2846679139382601 0.5679899226333411 0.03897100093545369 0.038537202079582
0 0.37866230121608985 0.4197333796238255 0.038391019644527624 0.03718757706471439
0 0.4316417212347989 0.37972428684858645 0.037048643592142216 0.036543330977477945
0 0.13012628624883069 0.5242987518558676 0.03860617399438726 0.03773777262826666
0 0.8876941066417213 0.7815410417105807 0.038910196445276046 0.03948711236879193
0 0.4497053320860618 0.9415821153377208 0.03790458372310568 0.037309842745503835
0 0.11553788587464921 0.7677955576741415 0.039948550046772696 0.039642295732870717
0 0.1999532273152479 0.514479877183242 0.040467726847521035 0.038537202079582
0 0.08557062675397567 0.4447696290285471 0.03942937324602433 0.037093526541030215
0 0.18762394761459308 0.6180671239689688 0.0386950420954163 0.03810927219681917
0 0.3647474275023387 0.38708844285305566 0.03845182413470538 0.036971260860240884
0 0.12139850327408794 0.649973764128818 0.038451824134705326 0.0387535182840555
0 0.31079045837231056 0.43765470691184094 0.03790458372310568 0.037954088832740276
0 0.8510757717492984 0.7756487764017684 0.04052853133769885 0.039858611937344454
0 0.6484377923292797 0.5370661104459914 0.03683348924228258 0.037309842745503835
0 0.1860336763330215 0.7496296990245472 0.03897100093545369 0.038659467760371435
0 0.3251964452759588 0.4705441750441895 0.03790458372310568 0.03746502610958262
0 0.2127689429373246 0.679430388146695 0.039794200187090734 0.03939776437129206
0 0.12445275958840038 0.24312530624972162 0.03927502338634237 0.037798905468661374
0 0.18871842843779235 0.27442532053180796 0.03912535079513563 0.037093526541030215
0 0.031552853133769876 0.52380968913271 0.03891019644527596 0.03767663978787193
0 0.07055659494855004 0.5684836878826831 0.039794200187090734 0.0389039991219501
0 0.8579092609915809 0.6509565921013174 0.04015902712815711 0.04000909277523904
0 0.3090832553788588 0.5390270638648061 0.039064546304957926 0.03939776437129206
0 0.1672357343311506 0.45213378503301643 0.03897100093545369 0.03724870990510911
0 0.1466043030869972 0.2700049459186527 0.03881665107577176 0.03718757706471439
0 0.5849625818521984 0.9332351313607522 0.039064546304957926 0.03939776437129206
0 0.18798877455565952 0.48257323702339283 0.03927502338634237 0.036543330977477945
0 0.06109448082319925 0.4197333796238255 0.0403133769878391 0.0387535182840555
0 0.6835921421889617 0.8301416498243671 0.04052853133769885 0.04000909277523904
0 0.8520486435921423 0.6936649349062916 0.03955098222637976 0.03927549869050262
0 0.1351309635173059 0.4263639415435583 0.040617399438727775 0.037403893269187895
0 0.8295884003741816 0.8443808991101479 0.040617399438727775 0.0387535182840555
0 0.8334939195509823 0.8080491818109593 0.039644527595884105 0.03948711236879193
0 0.09533676333021517 0.32032197608967494 0.038115060804490175 0.037403893269187895
0 0.5117165575304022 0.41580677026001206 0.03738540692235737 0.0364210652966885
0 0.8247053320860618 0.6656849041102558 0.03955098222637976 0.03933663153089734
0 0.42041159962581853 0.9636698808249444 0.03955098222637976 0.03933663153089734
0 0.23828344246959776 0.7054494655239161 0.038545369504209503 0.037954088832740165
0 0.0354022450888681 0.5621023598507131 0.039429373246024316 0.037954088832740165
0 0.19958372310570627 0.2399369934968288 0.03881665107577176 0.03758729179037206
0 0.0831290926099158 0.3524778501372871 0.03912535079513563 0.0382315378776085
0 0.3496071094480823 0.2977404453531096 0.0388166510757717 0.037798905468661374
0 0.03161833489242282 0.4408430196647338 0.03949017773620206 0.03758729179037206
0 0.060972871842843786 0.503682877064301 0.03964452759588401 0.037309842745503835
0 0.7568381665107576 0.5812463439466226 0.03833021515434987 0.037093526541030326
0 0.15918147801683816 0.23674397821775178 0.038451824134705326 0.03746502610958262
0 0.1838400374181478 0.3861056148805563 0.038451824134705326 0.03626588193260972
0 0.8002946679139382 0.8703999764873691 0.039064546304957926 0.037798905468661374
0 0.2265622076707203 0.33603311607111286 0.039644527595883994 0.037309842745503835
0 0.7968755846585595 0.693175872183134 0.03845182413470538 0.03752615894997734
0 0.9184565014031806 0.6730490601147251 0.04067820392890553 0.03976456141366016
0 0.07208138447146867 0.2928310080167969 0.039186155285313384 0.03718757706471439
0 0.5727549111318989 0.9661245994931007 0.037474275023386294 0.038443151555897934
0 0.10211412535079513 0.41310752023027686 0.039335827876520096 0.03669381181537254
0 0.6176753975678204 0.5120251585150855 0.03643592142188967 0.03669381181537265
0 0.7753928905519176 0.6460471547650045 0.04031337698783899 0.03927549869050262
0 0.4353040224508887 0.5336285638053355 0.03768942937324604 0.036543330977477834
0 0.0978999064546305 0.26779475861207513 0.03875584658559403 0.0382315378776085
0 0.060088868101029 0.3259697100369084 0.04009822263797942 0.03703239370063549
0 0.2921421889616464 0.4075350267019907 0.03895229186155291 0.03377824558116382
0 0.34443872778297474 0.4229075847981657 0.03992516370439658 0.03957646036629192
0 0.38380261927034615 0.4752043784927393 0.037675397567820346 0.03561693331918897
0 0.29129560336763327 0.4761966115176071 0.039363891487371405 0.03533478174813655
0 0.22282974742750236 0.48495741779878604 0.03852198316183347 0.0336418723218218
0 0.1661739943872778 0.5217076599283692 0.04442469597754911 0.04155622388984339
0 0.075355472404116 0.603263571541083 0.04049111318989709 0.036185938987478114
0 0.10993919550982226 0.6188101231060738 0.0376753975678204 0.03335972075076927
0 0.17109448082319925 0.5881402473326711 0.036272217025257236 0.034206175463926757
0 0.2195977549111319 0.5420601932536201 0.042174929840972875 0.0347704786060316
0 0.28061272217025257 0.5180349869785029 0.033741814780168355 0.037596696842740446
0 0.33487839101964456 0.5626995806761076 0.04442469597754917 0.036468090558530536
0 0.3687605238540692 0.5494102416795366 0.039083255378858706 0.03364187232182169
0 0.384644527595884 0.5798026684080709 0.04386342376052388 0.04014076350839687
0 0.22409728718428437 0.6099082410393685 0.03880261927034612 0.0359037874164257
0 0.26444340505145 0.5977522108531916 0.034022450888681055 0.034206175463926757
0 0.2910149672591207 0.6192380529888365 0.03880261927034612 0.039858611937344454
0 0.3113985032740879 0.5913896929259587 0.04245556594948552 0.037314545271688024
0 0.37129092609915815 0.6154196017272598 0.03627221702525729 0.03335972075076927
0 0.3957530402245089 0.6429811076929012 0.03796071094480824 0.034206175463926757
0 0.3940645463049579 0.6783205919672219 0.035710944808232004 0.0347704786060316
0 0.31617867165575303 0.6575401287592081 0.03852198316183353 0.03957646036629181
0 0.2215668849391955 0.6466584831689516 0.038241347053320884 0.03816570251102948
0 0.2883442469597755 0.6855295646076124 0.044705332086061755 0.03787884841379287
0 0.12849391955098224 0.6883557828443211 0.03992516370439664 0.03448832703497918
0 0.19949485500467726 0.8147173639401659 0.03458372310570629 0.035052630177084015
0 0.2224087932647334 0.8390294243125196 0.03880261927034612 0.035052630177084015
0 0.2593826005612722 0.8250347063883176 0.040771749298409765 0.036468090558530536
0 0.2932647333956969 0.8096292306088532 0.04330215154349859 0.03844785408208212
0 0.38000467726847525 0.7433377189900774 0.039083255378858706 0.0347704786060316
0 0.37944340505144997 0.7807933400472916 0.04245556594948552 0.037314545271688024
0 0.40784377923292797 0.5149219146445574 0.03739476145930776 0.0347704786060316
0 0.44650140318054254 0.5014962023886446 0.03824134705332083 0.03957646036629192
0 0.4865715622076707 0.43972852095907655 0.03627221702525718 0.04042291507944929
0 0.49852198316183344 0.4908920058432562 0.03655285313376988 0.03533478174813655
0 0.5212956033676333 0.5342869174711247 0.03599158091674459 0.035052630177084015
0 0.4884003741814781 0.5501203231333519 0.037675397567820346 0.032790715082480236
0 0.48066417212347995 0.5854551048814886 0.03458372310570623 0.03561693331918908
0 0.445799812909261 0.5933694564495101 0.03796071094480824 0.03561693331918908
0 0.4711038353601497 0.6214999680834405 0.03796071094480824 0.03533478174813666
0 0.4362394761459308 0.6306840017211981 0.039083255378858706 0.03448832703497918
0 0.46 0.6554192894501304 0.039363891487371405 0.034206175463926757
0 0.48811506080449013 0.6736556859924879 0.03824134705332083 0.03675024212958296
0 0.47968194574368567 0.7106880796931234 0.03599158091674459 0.03844785408208212
0 0.4750420954162769 0.7464460887978386 0.044705332086061755 0.038730005653134544
0 0.4993638914873714 0.7720325337661127 0.03824134705332083 0.03787884841379287
0 0.4164172123479888 0.74602286144126 0.03880261927034612 0.03675024212958296
0 0.4120579981290926 0.7806522642617654 0.032333956969129996 0.0370323937006356
0 0.47279232927970066 0.8291353092209467 0.039083255378858706 0.04014076350839687
0 0.4644995322731525 0.8661677029215823 0.04161365762394764 0.037314545271688024
0 0.4975350795135641 0.8656033997794773 0.039083255378858706 0.033924023892874335
0 0.5087839101964453 0.8291353092209467 0.03683348924228258 0.03787884841379287
0 0.43033676333021514 0.8729534482053938 0.03852198316183353 0.037314545271688024
0 0.4382086061739944 0.9061673906444528 0.04189429373246023 0.0347704786060316
0 0.509064546304958 0.9029179450511652 0.039644527595884105 0.037314545271688024
0 0.5437885874649204 0.7195899617598286 0.040491113189897066 0.0370323937006356
0 0.5655799812909261 0.7465871645833649 0.035710944808232004 0.03675024212958318
0 0.533246024321796 0.7546472944630969 0.03739476145930776 0.03929430879523939
0 0.5546164639850327 0.7827731035708431 0.03852198316183353 0.03787884841379287
0 0.5837137511693171 0.8035535667788568 0.039363891487371294 0.039858611937344454
0 0.6142235734331151 0.8205108761991097 0.03627221702525718 0.038730005653134544
0 0.6457156220767072 0.8336591394101545 0.03627221702525718 0.03222641194037517
0 0.5758419083255379 0.8705504573252637 0.03599158091674459 0.0359037874164257
0 0.6025537885874649 0.896978654480511 0.03880261927034612 0.039012157224186966
0 0.549976613657624 0.5904021624272751 0.03599158091674459 0.034206175463926757
0 0.5880729653882133 0.53852859608928 0.04020579981290928 0.03335972075076927
0 0.581889616463985 0.5747145350767582 0.04020579981290928 0.03561693331918908
0 0.5783723105706268 0.6106136199669997 0.03655285313376999 0.035052630177084015
0 0.6036810102899907 0.6339381498406698 0.03655285313376999 0.029682345274718965
0 0.5390084190832555 0.6261601715319902 0.04105238540692224 0.03335972075076927
0 0.6132413470533208 0.5906843139983274 0.04105238540692224 0.043818138984447176
0 0.6489476145930777 0.5779639806700456 0.03824134705332094 0.039858611937344454
0 0.6847988774555659 0.5838985687145157 0.04020579981290928 0.03816570251102948
0 0.670598690364827 0.6186690473205474 0.04217492984097282 0.039858611937344454
0 0.7057436856875585 0.6279988592700155 0.03486435921421882 0.04155622388984339
0 0.6448690364826941 0.687786777176032 0.04020579981290928 0.03675024212958296
0 0.6810009354536951 0.6863760193207696 0.03711412535079517 0.04070976917668591
0 0.5880729653882133 0.7166226677375935 0.035710944808232004 0.03448832703497918
0 0.6154864359214219 0.7390960403719221 0.034303086997193644 0.036468090558530536
0 0.6445884003741815 0.7580378158419107 0.039644527595884105 0.03816570251102948
0 0.6479653882132834 0.7211464979268013 0.039644527595884105 0.03787884841379287
0 0.6825491113189897 0.7563402038894116 0.039083255378858706 0.03929430879523939
0 0.6511973807296539 0.7993118881607014 0.03599158091674459 0.0370323937006356
0 0.6890130963517306 0.7946469821859674 0.03852198316183353 0.039012157224186966
0 0.7155846585594013 0.7703349218136137 0.03542563143124422 0.03675024212958318
0 0.7109448082319926 0.7342900586116619 0.03739476145930776 0.03929430879523939
0 0.7459541627689429 0.7468693161544173 0.03992516370439669 0.035052630177084015
0 0.7775865294667914 0.7649646369112486 0.04358278765201118 0.037314545271688024
0 0.8130121608980355 0.632381613673697 0.04133302151543505 0.03561693331918908
0 0.6423386342376052 0.8948625176976175 0.039644527595884105 0.03929430879523939