0 0.2197265625 0.6264113892979872 0.04443359375 0.043691703485517916
0 0.107666015625 0.40009818360333826 0.0458984375 0.044673539518900345
0 0.181396484375 0.6953853706431026 0.0458984375 0.044673539518900345
0 0.56591796875 0.9037800687285223 0.0439453125 0.045164457535591555
0 0.061279296875 0.5427098674521355 0.04443359375 0.043691703485517916
0 0.44580078125 0.915807560137457 0.04443359375 0.045164457535591555
0 0.348876953125 0.40353460972017674 0.044921875 0.044182621502209134
0 0.387939453125 0.45483554246440844 0.0439453125 0.043691703485517916
0 0.18994140625 0.562346588119784 0.044921875 0.044673539518900345
0 0.14501953125 0.6934216985763377 0.044921875 0.045164457535591555
0 0.29345703125 0.45115365733922436 0.04345703125 0.043691703485517916
0 0.2255859375 0.5473735886107021 0.044921875 0.044673539518900345
0 0.29541015625 0.6089837997054491 0.04443359375 0.043200785468826705
0 0.09912109375 0.5657830142366225 0.04541015625 0.044182621502209134
0 0.1845703125 0.6332842415316642 0.04541015625 0.045655375552282766
0 0.235595703125 0.6588119783996073 0.04443359375 0.044673539518900345
0 0.37451171875 0.5407461953853706 0.0439453125 0.043200785468826705
0 0.34130859375 0.36818851251840945 0.0458984375 0.043691703485517916
0 0.73046875 0.9160530191458026 0.04541015625 0.046146293568973984
0 0.3974609375 0.4894452626411389 0.04345703125 0.043200785468826705
0 0.353515625 0.29945999018163966 0.0439453125 0.043200785468826705
0 0.0927734375 0.4425625920471281 0.044921875 0.043691703485517916
0 0.277099609375 0.41924398625429554 0.04345703125 0.042709867452135494
0 0.314697265625 0.8527245949926362 0.04541015625 0.045655375552282766
0 0.2158203125 0.7037309769268533 0.04541015625 0.045655375552282766
0 0.385498046875 0.3232695139911635 0.04345703125 0.042709867452135494
0 0.276123046875 0.872852233676976 0.04638671875 0.046637211585665195
0 0.38720703125 0.42047128129602357 0.04345703125 0.04221894943544428
0 0.146484375 0.35149729995090817 0.044921875 0.042709867452135494
0 0.236083984375 0.422680412371134 0.044921875 0.043691703485517916
0 0.1796875 0.40844378988708885 0.044921875 0.044673539518900345
0 0.384521484375 0.84413352970054 0.044921875 0.045655375552282766
0 0.28271484375 0.27393225331369664 0.04443359375 0.044182621502209134
0 0.312255859375 0.29504172803141876 0.0439453125 0.044182621502209134
0 0.61669921875 0.9288168875797742 0.04443359375 0.045655375552282766
0 0.280517578125 0.3122238586156112 0.0439453125 0.043200785468826705
0 0.79345703125 0.8313696612665685 0.044921875 0.045655375552282766
0 0.23974609375 0.35223367697594504 0.04443359375 0.043200785468826705
0 0.356201171875 0.4722631320569465 0.04248046875 0.043200785468826705
0 0.280029296875 0.23613156602847324 0.0439453125 0.043691703485517916
0 0.34033203125 0.26705940108001963 0.04541015625 0.044182621502209134
0 0.24560546875 0.31885125184094254 0.044921875 0.043691703485517916
0 0.24755859375 0.28301423662248404 0.0439453125 0.042709867452135494
0 0.42041015625 0.3757977417771232 0.04296875 0.04221894943544428
0 0.17138671875 0.37628865979381443 0.04345703125 0.042709867452135494
0 0.184814453125 0.30584192439862545 0.0439453125 0.043200785468826705
0 0.49267578125 0.4801178203240059 0.0419921875 0.041728031418753066
0 0.4111328125 0.9057437407952872 0.0439453125 0.044182621502209134
0 0.20166015625 0.4378988708885616 0.044921875 0.043691703485517916
0 0.70263671875 0.8681885125184094 0.04638671875 0.046146293568973984
0 0.144287109375 0.39911634756995584 0.04638671875 0.044673539518900345
0 0.5830078125 0.9366715758468336 0.04345703125 0.044673539518900345
0 0.462890625 0.9491899852724595 0.046875 0.048109965635738834
0 0.3095703125 0.8888070692194403 0.04541015625 0.044673539518900345
0 0.7255859375 0.804860088365243 0.0458984375 0.046637211585665195
0 0.600341796875 0.5520373097692686 0.04345703125 0.042709867452135494
0 0.20654296875 0.8679430535100638 0.04541015625 0.045655375552282766
0 0.74853515625 0.6973490427098674 0.04638671875 0.045164457535591555
0 0.751953125 0.7393225331369662 0.046875 0.045655375552282766
0 0.66015625 0.6273932253313697 0.04296875 0.042709867452135494
0 0.20361328125 0.7697594501718213 0.04443359375 0.044182621502209134
0 0.072021484375 0.47569955817378495 0.0439453125 0.042709867452135494
0 0.81982421875 0.8082965144820815 0.0439453125 0.044673539518900345
0 0.4892578125 0.9734904270986745 0.04345703125 0.044673539518900345
0 0.46728515625 0.42881688757977415 0.0419921875 0.04221894943544428
0 0.263427734375 0.9069710358370152 0.0458984375 0.045655375552282766
0 0.25830078125 0.4489445262641139 0.0439453125 0.043691703485517916
0 0.677978515625 0.9405989199803633 0.0458984375 0.047619047619047616
0 0.1787109375 0.19955817378497792 0.044921875 0.043200785468826705
0 0.48974609375 0.3478154148257241 0.04296875 0.043691703485517916
0 0.555419921875 0.5719194894452626 0.0419921875 0.041728031418753066
0 0.356689453125 0.437653411880216 0.04541015625 0.044673539518900345
0 0.0419921875 0.6070201276386843 0.04443359375 0.044182621502209134
0 0.849365234375 0.7839960726558665 0.0439453125 0.043691703485517916
0 0.69970703125 0.6399116347569955 0.04345703125 0.043200785468826705
0 0.533935546875 0.45090819833087875 0.04345703125 0.042709867452135494
0 0.643798828125 0.5711831124202258 0.04248046875 0.042709867452135494
0 0.50634765625 0.41605301914580267 0.04248046875 0.042709867452135494
0 0.306640625 0.18163966617574864 0.04248046875 0.041237113402061855
0 0.782958984375 0.7557682866961217 0.04345703125 0.044673539518900345
0 0.096435546875 0.2496318114874816 0.04443359375 0.043200785468826705
0 0.241943359375 0.38782523318605794 0.048828125 0.048109965635738834
0 0.18017578125 0.46588119783996074 0.05029296875 0.046146293568973984
0 0.142822265625 0.4739813451153657 0.041015625 0.039273441335297005
0 0.169921875 0.5002454590083456 0.0478515625 0.045655375552282766
0 0.132568359375 0.5058910162002945 0.044921875 0.043691703485517916
0 0.1640625 0.5378006872852233 0.04296875 0.041728031418753066
0 0.201416015625 0.5196367206676485 0.0458984375 0.043691703485517916
0 0.1279296875 0.5451644575355915 0.048828125 0.044182621502209134
0 0.1259765625 0.5932744231713304 0.05078125 0.050564555719194895
0 0.16015625 0.6062837506136475 0.04248046875 0.04221894943544428
0 0.19677734375 0.5962199312714777 0.04736328125 0.04221894943544428
0 0.23291015625 0.5824742268041238 0.05224609375 0.048600883652430045
0 0.235107421875 0.5139911634756995 0.04345703125 0.045164457535591555
0 0.27099609375 0.5108001963672066 0.03955078125 0.040746195385370644
0 0.296630859375 0.4847815414825724 0.03955078125 0.042709867452135494
0 0.334228515625 0.49754540991654395 0.05224609375 0.04958271968581247
0 0.366455078125 0.506872852233677 0.046875 0.044182621502209134
0 0.32373046875 0.42930780559646536 0.0458984375 0.04221894943544428
0 0.26220703125 0.5461462935689739 0.044921875 0.041728031418753066
0 0.3125 0.554246440844379 0.04736328125 0.046637211585665195
0 0.35009765625 0.563573883161512 0.0439453125 0.044182621502209134
0 0.35595703125 0.5908198330878743 0.048828125 0.042709867452135494
0 0.38916015625 0.5741286205203731 0.04541015625 0.044182621502209134
0 0.259765625 0.632793323514973 0.0439453125 0.04221894943544428
0 0.27587890625 0.6661757486499754 0.04052734375 0.041728031418753066
0 0.201171875 0.6647029945999018 0.04736328125 0.04221894943544428
0 0.158447265625 0.6602847324496809 0.0439453125 0.041237113402061855
0 0.08740234375 0.6553755522827688 0.0439453125 0.040746195385370644
0 0.124267578125 0.7270495827196858 0.046875 0.044182621502209134
0 0.2255859375 0.741286205203731 0.04833984375 0.046637211585665195
0 0.25048828125 0.6887579774177712 0.04248046875 0.04221894943544428
0 0.285400390625 0.7000490918016691 0.04296875 0.04025527736867943
0 0.31396484375 0.6742758959253805 0.0478515625 0.044182621502209134
0 0.34619140625 0.6831124202258223 0.04345703125 0.041237113402061855
0 0.37060546875 0.6291114383897889 0.04541015625 0.043691703485517916
0 0.3779296875 0.6634756995581738 0.04833984375 0.045164457535591555
0 0.385986328125 0.7015218458517427 0.0419921875 0.041728031418753066
0 0.353515625 0.7209131075110456 0.041015625 0.040746195385370644
0 0.389404296875 0.7361315660284733 0.0400390625 0.039764359351988215
0 0.41650390625 0.7137947962690231 0.0439453125 0.040746195385370644
0 0.445556640625 0.6612665684830633 0.04150390625 0.041728031418753066
0 0.4296875 0.47619047619047616 0.0458984375 0.044182621502209134
0 0.472412109375 0.5083456062837506 0.046875 0.041728031418753066
0 0.40478515625 0.5233186057928326 0.044921875 0.04221894943544428
0 0.4501953125 0.5373097692685321 0.041015625 0.041237113402061855
0 0.43115234375 0.5856651939126166 0.04150390625 0.039764359351988215
0 0.439453125 0.6222385861561119 0.0400390625 0.043200785468826705
0 0.474853515625 0.5976926853215513 0.0458984375 0.042709867452135494
0 0.50244140625 0.6134020618556701 0.04443359375 0.043200785468826705
0 0.528076171875 0.6391752577319587 0.0478515625 0.045164457535591555
0 0.5009765625 0.6539027982326951 0.0419921875 0.041728031418753066
0 0.527099609375 0.6740304369170349 0.0419921875 0.041728031418753066
0 0.49169921875 0.6907216494845361 0.04833984375 0.04221894943544428
0 0.516357421875 0.7152675503190967 0.041015625 0.04221894943544428
0 0.4580078125 0.7503681885125184 0.0439453125 0.040746195385370644
0 0.421630859375 0.7488954344624448 0.046875 0.043691703485517916
0 0.322265625 0.7442317133038783 0.04296875 0.045655375552282766
0 0.357666015625 0.7562592047128129 0.044921875 0.043691703485517916
0 0.391357421875 0.7714776632302406 0.04833984375 0.046146293568973984
0 0.318359375 0.7795778105056456 0.04052734375 0.039273441335297005
0 0.313232421875 0.8119783996072656 0.04443359375 0.040746195385370644
0 0.278076171875 0.7997054491899853 0.046875 0.043200785468826705
0 0.247802734375 0.8215513009327442 0.04150390625 0.043200785468826705
0 0.282470703125 0.8362788414334806 0.04541015625 0.045164457535591555
0 0.34912109375 0.8613156602847325 0.04150390625 0.041728031418753066
0 0.37451171875 0.8878252331860579 0.046875 0.043200785468826705
0 0.346923828125 0.8264604810996563 0.04443359375 0.042709867452135494
0 0.3837890625 0.8109965635738832 0.04345703125 0.045164457535591555
0 0.417724609375 0.8112420225822288 0.04296875 0.04221894943544428
0 0.43798828125 0.783014236622484 0.044921875 0.044673539518900345
0 0.470947265625 0.7820324005891016 0.0478515625 0.04958271968581247
0 0.48681640625 0.8149239077074129 0.04541015625 0.044673539518900345
0 0.501708984375 0.8483063328424153 0.04248046875 0.046637211585665195
0 0.450927734375 0.8136966126656848 0.04736328125 0.044182621502209134
0 0.40771484375 0.8701521845851743 0.05029296875 0.046146293568973984
0 0.4462890625 0.8789887088856161 0.04296875 0.045655375552282766
0 0.462646484375 0.8505154639175257 0.04345703125 0.043691703485517916
0 0.482421875 0.8797250859106529 0.04638671875 0.047619047619047616
0 0.481689453125 0.9153166421207658 0.044921875 0.045655375552282766
0 0.493896484375 0.7471772214040255 0.04345703125 0.046637211585665195
0 0.507080078125 0.7758959253804615 0.0517578125 0.048600883652430045
0 0.5244140625 0.8102601865488464 0.0458984375 0.046146293568973984
0 0.565185546875 0.8078055964653903 0.04833984375 0.045164457535591555
0 0.543212890625 0.8382425135002455 0.05126953125 0.050073637702503684
0 0.5693359375 0.8669612174766814 0.0498046875 0.046637211585665195
0 0.53076171875 0.9106529209621993 0.04345703125 0.041728031418753066
0 0.507568359375 0.9381443298969072 0.044921875 0.043200785468826705
0 0.56494140625 0.7376043200785469 0.046875 0.048109965635738834
0 0.579833984375 0.7709867452135494 0.04638671875 0.043691703485517916
0 0.55810546875 0.6082474226804123 0.04296875 0.04221894943544428
0 0.5673828125 0.6421207658321061 0.0419921875 0.039764359351988215
0 0.60546875 0.6556210112911144 0.044921875 0.041728031418753066
0 0.6181640625 0.6885125184094256 0.0419921875 0.041237113402061855
0 0.647705078125 0.6634756995581738 0.04541015625 0.045164457535591555
0 0.589111328125 0.710112911143839 0.04052734375 0.044182621502209134
0 0.630126953125 0.7248404516445753 0.04541015625 0.046146293568973984
0 0.630615234375 0.761168384879725 0.04150390625 0.043200785468826705
0 0.652587890625 0.6998036327933235 0.04638671875 0.043691703485517916
0 0.688232421875 0.7118311242022582 0.0439453125 0.048109965635738834
0 0.718994140625 0.7687776141384389 0.04296875 0.04221894943544428
0 0.752197265625 0.7798232695139912 0.04638671875 0.049091801669121256
0 0.758056640625 0.8156602847324497 0.04541015625 0.046637211585665195
0 0.66845703125 0.7717231222385862 0.04638671875 0.04221894943544428
0 0.623291015625 0.8276877761413843 0.04248046875 0.041237113402061855
0 0.649169921875 0.851006381934217 0.04443359375 0.043200785468826705
0 0.66943359375 0.8802160039273441 0.0419921875 0.03829160530191458
0 0.63330078125 0.8809523809523809 0.04150390625 0.038782523318605794
0 0.652587890625 0.9167893961708394 0.0439453125 0.044673539518900345
0 0.6044921875 0.8583701521845851 0.0419921875 0.03829160530191458
0 0.693115234375 0.8301423662248405 0.0439453125 0.037800687285223365
0 0.729248046875 0.8399607265586647 0.046875 0.048109965635738834
0 0.763671875 0.8549337260677466 0.0419921875 0.043200785468826705
0 0.736572265625 0.8787432498772705 0.04541015625 0.044673539518900345