0 0.070068359375 0.5846833578792342 0.04296875 0.040746195385370644
0 0.092041015625 0.6480117820324006 0.04345703125 0.041237113402061855
0 0.8330078125 0.7992145311732941 0.0419921875 0.042709867452135494
0 0.410888671875 0.6595483554246441 0.04150390625 0.040746195385370644
0 0.43408203125 0.5807560137457045 0.03955078125 0.038782523318605794
0 0.20654296875 0.7196858124693176 0.04150390625 0.041237113402061855
0 0.20068359375 0.29381443298969073 0.04052734375 0.04025527736867943
0 0.19873046875 0.4008345606283751 0.04052734375 0.039273441335297005
0 0.77001953125 0.812960235640648 0.0419921875 0.043200785468826705
0 0.36669921875 0.6050564555719194 0.04052734375 0.039764359351988215
0 0.327880859375 0.5171821305841925 0.041015625 0.039764359351988215
0 0.409912109375 0.42341678939617083 0.04052734375 0.040746195385370644
0 0.171142578125 0.2712322042218949 0.04150390625 0.040746195385370644
0 0.3876953125 0.7572410407461954 0.04052734375 0.04025527736867943
0 0.410888671875 0.8652430044182622 0.0419921875 0.041237113402061855
0 0.100830078125 0.5574374079528719 0.04296875 0.041237113402061855
0 0.30419921875 0.5913107511045655 0.04150390625 0.040746195385370644
0 0.59326171875 0.9327442317133039 0.04150390625 0.041237113402061855
0 0.09765625 0.32179675994108986 0.0400390625 0.040746195385370644
0 0.25732421875 0.3159057437407953 0.041015625 0.040746195385370644
0 0.37890625 0.3954344624447717 0.041015625 0.040746195385370644
0 0.324462890625 0.7950417280314187 0.04150390625 0.041728031418753066
0 0.74169921875 0.8730976926853216 0.04248046875 0.043200785468826705
0 0.305908203125 0.6919489445262641 0.04052734375 0.039273441335297005
0 0.890625 0.7758959253804615 0.04150390625 0.041728031418753066
0 0.140869140625 0.6939126165930289 0.04248046875 0.041728031418753066
0 0.3564453125 0.8114874815905744 0.04150390625 0.041728031418753066
0 0.39501953125 0.8244968090328915 0.041015625 0.040746195385370644
0 0.1201171875 0.6244477172312224 0.04248046875 0.040746195385370644
0 0.515380859375 0.9450171821305842 0.041015625 0.041237113402061855
0 0.570068359375 0.9008345606283751 0.0419921875 0.04221894943544428
0 0.804931640625 0.8252331860579283 0.04150390625 0.04221894943544428
0 0.206787109375 0.7545409916543937 0.041015625 0.039764359351988215
0 0.188720703125 0.5103092783505154 0.0419921875 0.041237113402061855
0 0.630859375 0.9256259204712813 0.04150390625 0.041728031418753066
0 0.41943359375 0.9300441826215022 0.03857421875 0.03829160530191458
0 0.173583984375 0.707658321060383 0.04248046875 0.041728031418753066
0 0.364501953125 0.5117820324005891 0.041015625 0.041237113402061855
0 0.19921875 0.5790378006872853 0.04248046875 0.041728031418753066
0 0.32861328125 0.28964162984781544 0.0419921875 0.040746195385370644
0 0.2822265625 0.3443789887088856 0.04052734375 0.04025527736867943
0 0.30517578125 0.7653411880216003 0.04150390625 0.04025527736867943
0 0.4443359375 0.4879725085910653 0.03955078125 0.039273441335297005
0 0.839599609375 0.8350515463917526 0.04296875 0.043691703485517916
0 0.213134765625 0.8298969072164949 0.04248046875 0.041728031418753066
0 0.254150390625 0.47471772214040253 0.0400390625 0.04025527736867943
0 0.132080078125 0.5402552773686794 0.04150390625 0.04025527736867943
0 0.1005859375 0.6828669612174767 0.04296875 0.043200785468826705
0 0.384521484375 0.3556701030927835 0.03955078125 0.039273441335297005
0 0.16845703125 0.20618556701030927 0.04052734375 0.038782523318605794
0 0.350830078125 0.36573392243495334 0.0400390625 0.039273441335297005
0 0.577392578125 0.9666175748649976 0.0400390625 0.04025527736867943
0 0.913330078125 0.7422680412371134 0.0439453125 0.043200785468826705
0 0.17236328125 0.3787432498772705 0.041015625 0.039273441335297005
0 0.215087890625 0.2601865488463427 0.04150390625 0.040746195385370644
0 0.2177734375 0.3235149729995091 0.04150390625 0.040746195385370644
0 0.498291015625 0.5007363770250368 0.04052734375 0.040746195385370644
0 0.284912109375 0.40844378988708885 0.041015625 0.039764359351988215
0 0.380859375 0.44550810014727543 0.0390625 0.038782523318605794
0 0.167236328125 0.30633284241531666 0.0400390625 0.038782523318605794
0 0.14990234375 0.35027000490918014 0.0419921875 0.040746195385370644
0 0.345458984375 0.8792341678939617 0.03955078125 0.039273441335297005
0 0.945556640625 0.6637211585665194 0.04345703125 0.04221894943544428
0 0.10498046875 0.5920471281296024 0.04150390625 0.040746195385370644
0 0.230224609375 0.5974472263132057 0.0390625 0.037800687285223365
0 0.873779296875 0.6170839469808542 0.0419921875 0.041237113402061855
0 0.33349609375 0.6698576337751595 0.041015625 0.04025527736867943
0 0.086181640625 0.26313205694648995 0.04052734375 0.039273441335297005
0 0.15380859375 0.24030436917034856 0.04052734375 0.04025527736867943
0 0.33349609375 0.45115365733922436 0.03955078125 0.038782523318605794
0 0.5810546875 0.5127638684339715 0.03955078125 0.039273441335297005
0 0.804443359375 0.6747668139420717 0.04248046875 0.042709867452135494
0 0.739990234375 0.9096710849288169 0.041015625 0.041728031418753066
0 0.17333984375 0.741286205203731 0.04248046875 0.039764359351988215
0 0.41552734375 0.4575355915562101 0.03857421875 0.03829160530191458
0 0.70556640625 0.5630829651448208 0.04052734375 0.04025527736867943
0 0.68701171875 0.529945999018164 0.03955078125 0.039764359351988215
0 0.05419921875 0.645311732940599 0.04052734375 0.04025527736867943
0 0.502197265625 0.4415807560137457 0.03857421875 0.038782523318605794
0 0.071533203125 0.29504172803141876 0.041015625 0.039764359351988215
0 0.234375 0.23097692685321553 0.04150390625 0.041728031418753066
0 0.65185546875 0.5220913107511046 0.03955078125 0.039764359351988215
0 0.206787109375 0.20864015709376535 0.04150390625 0.040746195385370644
0 0.853759765625 0.6968581246931762 0.0419921875 0.041728031418753066
0 0.121826171875 0.25257731958762886 0.041015625 0.04025527736867943
0 0.895263671875 0.7086401570937654 0.04150390625 0.04221894943544428
0 0.814208984375 0.6391752577319587 0.04052734375 0.040746195385370644
0 0.86572265625 0.6575846833578792 0.0419921875 0.04221894943544428
0 0.221435546875 0.46612665684830634 0.03955078125 0.03829160530191458
0 0.08251953125 0.35272459499263625 0.0419921875 0.04025527736867943
0 0.22265625 0.498772704958272 0.04150390625 0.04025527736867943
0 0.9052734375 0.6686303387334315 0.04150390625 0.041728031418753066
0 0.934814453125 0.6995581737849779 0.04150390625 0.041237113402061855
0 0.19384765625 0.6190476190476191 0.0419921875 0.041237113402061855
0 0.129638671875 0.6597938144329897 0.04736328125 0.040746195385370644
0 0.26513671875 0.6755031909671085 0.04052734375 0.039273441335297005
0 0.2978515625 0.6273932253313697 0.04248046875 0.039764359351988215
0 0.331298828125 0.6168384879725086 0.0439453125 0.044182621502209134
0 0.295654296875 0.520618556701031 0.0390625 0.037800687285223365
0 0.26611328125 0.5471281296023565 0.03857421875 0.03829160530191458
0 0.3017578125 0.5535100638193422 0.04150390625 0.043691703485517916
0 0.339111328125 0.582965144820815 0.037109375 0.037800687285223365
0 0.37060546875 0.5547373588610702 0.03662109375 0.04025527736867943
0 0.392578125 0.5822287677957781 0.044921875 0.041728031418753066
0 0.41552734375 0.6087383406971035 0.04296875 0.03829160530191458
0 0.388427734375 0.6320569464899362 0.0419921875 0.040746195385370644
0 0.370849609375 0.6671575846833578 0.0419921875 0.039273441335297005
0 0.444580078125 0.6705940108001963 0.03857421875 0.036818851251840944
0 0.45166015625 0.7049582719685813 0.037109375 0.03829160530191458
0 0.481201171875 0.6806578301423662 0.04150390625 0.042709867452135494
0 0.486083984375 0.7137947962690231 0.0380859375 0.03829160530191458
0 0.430419921875 0.7349042709867453 0.04150390625 0.03829160530191458
0 0.4599609375 0.7432498772704959 0.0380859375 0.039273441335297005
0 0.490234375 0.7668139420716741 0.0390625 0.040746195385370644
0 0.456298828125 0.7785959744722631 0.03857421875 0.04025527736867943
0 0.425048828125 0.8021600392734414 0.0419921875 0.039273441335297005
0 0.459228515625 0.8154148257241041 0.03955078125 0.04221894943544428
0 0.494384765625 0.8028964162984782 0.0380859375 0.037309769268532154
0 0.484375 0.8377515954835543 0.0419921875 0.036818851251840944
0 0.518310546875 0.8357879234167894 0.04150390625 0.04025527736867943
0 0.497314453125 0.8794796269023073 0.0419921875 0.041237113402061855
0 0.528076171875 0.8674521354933726 0.0419921875 0.044673539518900345
0 0.496826171875 0.9116347569955817 0.03662109375 0.041237113402061855
0 0.533203125 0.9072164948453608 0.03515625 0.038782523318605794
0 0.519775390625 0.7034855179185077 0.0390625 0.04221894943544428
0 0.455322265625 0.5493372606774669 0.03955078125 0.04025527736867943
0 0.478271484375 0.5721649484536082 0.03564453125 0.037309769268532154
0 0.507568359375 0.5846833578792342 0.041015625 0.040746195385370644
0 0.459228515625 0.6055473735886107 0.041015625 0.043691703485517916
0 0.440185546875 0.6323024054982818 0.04248046875 0.045655375552282766
0 0.413330078125 0.5544918998527246 0.0419921875 0.040746195385370644
0 0.46435546875 0.5181639666175749 0.03857421875 0.04025527736867943
0 0.49365234375 0.5427098674521355 0.0380859375 0.039273441335297005
0 0.53125 0.5164457535591557 0.0361328125 0.04025527736867943
0 0.561767578125 0.5402552773686794 0.03955078125 0.039764359351988215
0 0.591064453125 0.5466372115856651 0.04052734375 0.044182621502209134
0 0.6181640625 0.5169366715758469 0.041015625 0.042709867452135494
0 0.593505859375 0.5770741286205203 0.0439453125 0.040746195385370644
0 0.557373046875 0.5763377515954835 0.0439453125 0.040746195385370644
0 0.557373046875 0.6472754050073638 0.04345703125 0.03829160530191458
0 0.553466796875 0.6791850760922926 0.041015625 0.045655375552282766
0 0.583984375 0.6612665684830633 0.0380859375 0.043200785468826705
0 0.616943359375 0.6492390770741286 0.04052734375 0.038782523318605794
0 0.603515625 0.6168384879725086 0.0439453125 0.043691703485517916
0 0.6337890625 0.5976926853215513 0.04638671875 0.044182621502209134
0 0.65576171875 0.6293568973981345 0.0341796875 0.03632793323514973
0 0.675537109375 0.6507118311242023 0.03759765625 0.039273441335297005
0 0.60546875 0.6944035346097202 0.03662109375 0.04025527736867943
0 0.575439453125 0.7083946980854198 0.0419921875 0.039273441335297005
0 0.56982421875 0.7479135984290624 0.04052734375 0.039764359351988215
0 0.53564453125 0.7648502700049091 0.0390625 0.041728031418753066
0 0.5625 0.7903780068728522 0.0380859375 0.039764359351988215
0 0.59423828125 0.8009327442317133 0.04931640625 0.045655375552282766
0 0.552001953125 0.8249877270495827 0.04150390625 0.042709867452135494
0 0.58349609375 0.8377515954835543 0.046875 0.040746195385370644
0 0.625244140625 0.8271968581246931 0.0400390625 0.043200785468826705
0 0.64794921875 0.8527245949926362 0.04443359375 0.04221894943544428
0 0.615966796875 0.8630338733431517 0.03955078125 0.038782523318605794
0 0.6083984375 0.8973981345115366 0.03759765625 0.03829160530191458
0 0.644775390625 0.8895434462444771 0.0439453125 0.045655375552282766
0 0.67041015625 0.9118802160039273 0.03955078125 0.040746195385370644
0 0.67919921875 0.8794796269023073 0.0439453125 0.047619047619047616
0 0.6845703125 0.8355424644084438 0.04296875 0.045164457535591555
0 0.710205078125 0.8568973981345115 0.03955078125 0.040746195385370644
0 0.7431640625 0.8365243004418262 0.041015625 0.041237113402061855
0 0.77783203125 0.8473244968090329 0.0419921875 0.037309769268532154
0 0.63671875 0.7142857142857143 0.03369140625 0.03829160530191458
0 0.635986328125 0.751840942562592 0.041015625 0.041237113402061855
0 0.494384765625 0.6151202749140894 0.04248046875 0.042709867452135494
0 0.60107421875 0.7633775159548355 0.03466796875 0.035837015218458515
0 0.67431640625 0.7653411880216003 0.037109375 0.04025527736867943
0 0.681396484375 0.7982326951399117 0.04541015625 0.040746195385370644
0 0.741455078125 0.7940598919980363 0.0390625 0.037800687285223365
0 0.766845703125 0.7692685321551301 0.03955078125 0.043200785468826705
0 0.738037109375 0.7459499263622975 0.0400390625 0.039764359351988215
0 0.7021484375 0.7334315169366715 0.04736328125 0.043691703485517916
0 0.6669921875 0.7255768286696122 0.03662109375 0.041237113402061855
0 0.667724609375 0.6902307314678449 0.04296875 0.04221894943544428
0 0.702392578125 0.7007854688267059 0.03857421875 0.041728031418753066
0 0.733642578125 0.7093765341188022 0.0439453125 0.044182621502209134
0 0.662841796875 0.5569464899361807 0.04345703125 0.041728031418753066
0 0.671875 0.5920471281296024 0.03857421875 0.039273441335297005
0 0.701171875 0.6062837506136475 0.0458984375 0.050073637702503684
0 0.728759765625 0.586647029945999 0.04443359375 0.047619047619047616
0 0.74560546875 0.6232204221894944 0.041015625 0.043691703485517916
0 0.778076171875 0.6406480117820325 0.03515625 0.037309769268532154
0 0.727783203125 0.6745213549337261 0.0380859375 0.03829160530191458
0 0.763916015625 0.6732940598919981 0.041015625 0.041237113402061855
0 0.773193359375 0.7118311242022582 0.041015625 0.044673539518900345
0 0.791748046875 0.7434953362788415 0.04345703125 0.041237113402061855
0 0.8115234375 0.7135493372606775 0.0380859375 0.039273441335297005
0 0.843505859375 0.7277859597447226 0.041015625 0.04221894943544428
0 0.87841796875 0.740058910162003 0.0361328125 0.041728031418753066
0 0.820068359375 0.7614138438880707 0.04296875 0.039273441335297005