0 0.5400390625 0.0625920471281296 0.0439453125 0.044182621502209134
0 0.93359375 0.5598919980363279 0.04443359375 0.043200785468826705
0 0.2451171875 0.22214040255277367 0.04345703125 0.043691703485517916
0 0.6201171875 0.30289641629847813 0.04345703125 0.04221894943544428
0 0.5771484375 0.38438880706921946 0.041015625 0.040746195385370644
0 0.55419921875 0.32793323514973 0.0419921875 0.04221894943544428
0 0.523193359375 0.23024054982817868 0.04248046875 0.042709867452135494
0 0.532958984375 0.5235640648011782 0.0419921875 0.041728031418753066
0 0.522216796875 0.19121256750122728 0.04248046875 0.041237113402061855
0 0.65673828125 0.3551791850760923 0.04296875 0.043200785468826705
0 0.69970703125 0.11364752086401571 0.04443359375 0.044182621502209134
0 0.335205078125 0.15071183112420225 0.044921875 0.045164457535591555
0 0.806884765625 0.23686794305351005 0.04443359375 0.043691703485517916
0 0.7353515625 0.42366224840451644 0.04248046875 0.041728031418753066
0 0.792236328125 0.3073146784486991 0.04345703125 0.044182621502209134
0 0.553466796875 0.5768286696121747 0.041015625 0.040746195385370644
0 0.633056640625 0.1212567501227295 0.0439453125 0.043200785468826705
0 0.73193359375 0.09229258713794797 0.04541015625 0.045164457535591555
0 0.63818359375 0.18998527245949925 0.04248046875 0.043200785468826705
0 0.564697265625 0.5402552773686794 0.041015625 0.04025527736867943
0 0.752685546875 0.39347079037800686 0.04296875 0.041728031418753066
0 0.154296875 0.27147766323024053 0.04345703125 0.044182621502209134
0 0.814697265625 0.20127638684339716 0.04296875 0.04221894943544428
0 0.285888671875 0.09597447226313206 0.0439453125 0.043691703485517916
0 0.865478515625 0.5979381443298969 0.04345703125 0.041728031418753066
0 0.72021484375 0.600392734413353 0.04248046875 0.041237113402061855
0 0.582763671875 0.5098183603338242 0.04150390625 0.040746195385370644
0 0.5712890625 0.0819833087874325 0.04345703125 0.043691703485517916
0 0.75927734375 0.5108001963672066 0.04150390625 0.041728031418753066
0 0.72705078125 0.29970544918998526 0.0419921875 0.043200785468826705
0 0.69384765625 0.6524300441826215 0.04296875 0.041728031418753066
0 0.477783203125 0.09990181639666176 0.0439453125 0.043691703485517916
0 0.685546875 0.5868924889543446 0.0419921875 0.039764359351988215
0 0.797607421875 0.27221404025527735 0.04443359375 0.042709867452135494
0 0.599609375 0.1131566028473245 0.04345703125 0.042709867452135494
0 0.6669921875 0.09523809523809523 0.04443359375 0.042709867452135494
0 0.822265625 0.6462935689739814 0.04345703125 0.04221894943544428
0 0.562255859375 0.2812960235640648 0.04345703125 0.044182621502209134
0 0.76513671875 0.11389297987236131 0.04541015625 0.045164457535591555
0 0.78662109375 0.6624938635247913 0.0419921875 0.04025527736867943
0 0.966064453125 0.5837015218458518 0.044921875 0.04221894943544428
0 0.25146484375 0.16985763377515956 0.04296875 0.042709867452135494
0 0.66845703125 0.13033873343151695 0.0458984375 0.046146293568973984
0 0.631103515625 0.25748649975454097 0.04345703125 0.043200785468826705
0 0.70556640625 0.4062346588119784 0.04345703125 0.043200785468826705
0 0.630126953125 0.56480117820324 0.04248046875 0.041728031418753066
0 0.58251953125 0.6109474717722141 0.041015625 0.040746195385370644
0 0.8642578125 0.43053510063819345 0.04296875 0.04221894943544428
0 0.0810546875 0.26804123711340205 0.04345703125 0.044182621502209134
0 0.496337890625 0.05547373588610702 0.0419921875 0.041728031418753066
0 0.84912109375 0.187039764359352 0.04443359375 0.044182621502209134
0 0.796142578125 0.4489445262641139 0.044921875 0.043200785468826705
0 0.91796875 0.5039273441335297 0.04345703125 0.041728031418753066
0 0.795654296875 0.3446244477172312 0.04296875 0.042709867452135494
0 0.64794921875 0.5954835542464408 0.04248046875 0.041237113402061855
0 0.857666015625 0.30486008836524303 0.04296875 0.043200785468826705
0 0.6953125 0.5387825233186058 0.0419921875 0.04221894943544428
0 0.1181640625 0.2695139911634757 0.044921875 0.044673539518900345
0 0.34814453125 0.48134511536573393 0.041015625 0.041728031418753066
0 0.78125 0.21379479626902306 0.04345703125 0.043200785468826705
0 0.677001953125 0.5078546882670594 0.0419921875 0.041728031418753066
0 0.763427734375 0.2866961217476681 0.04443359375 0.044182621502209134
0 0.90380859375 0.708885616102111 0.04345703125 0.04221894943544428
0 0.83642578125 0.685812469317624 0.04345703125 0.041728031418753066
0 0.962158203125 0.41899852724594994 0.04296875 0.04221894943544428
0 0.91796875 0.3794796269023073 0.04443359375 0.043691703485517916
0 0.12646484375 0.3939617083946981 0.044921875 0.044673539518900345
0 0.684814453125 0.4378988708885616 0.04345703125 0.043691703485517916
0 0.836181640625 0.5066273932253313 0.04296875 0.041728031418753066
0 0.878662109375 0.6850760922925871 0.04296875 0.041728031418753066
0 0.363037109375 0.08051055473735887 0.04345703125 0.043691703485517916
0 0.811767578125 0.4791359842906235 0.04345703125 0.041237113402061855
0 0.9453125 0.5257731958762887 0.044921875 0.043200785468826705
0 0.27783203125 0.1948944526264114 0.044921875 0.044673539518900345
0 0.127197265625 0.35100638193421696 0.0439453125 0.043691703485517916
0 0.87109375 0.5284732449680903 0.044921875 0.04221894943544428
0 0.131103515625 0.19857633775159547 0.044921875 0.043200785468826705
0 0.131591796875 0.23514972999509082 0.0439453125 0.044182621502209134
0 0.92333984375 0.6288659793814433 0.04248046875 0.041728031418753066
0 0.49853515625 0.5849288168875798 0.04150390625 0.040746195385370644
0 0.15771484375 0.375306823760432 0.0439453125 0.043691703485517916
0 0.522705078125 0.029945999018163968 0.0439453125 0.043691703485517916
0 0.73486328125 0.26411389297987237 0.04296875 0.04221894943544428
0 0.95361328125 0.38144329896907214 0.0439453125 0.042709867452135494
0 0.82958984375 0.7214040255277369 0.04296875 0.04221894943544428
0 0.931640625 0.5952380952380952 0.04345703125 0.042709867452135494
0 0.673828125 0.6823760432007855 0.04296875 0.04221894943544428
0 0.97216796875 0.501227295041728 0.0439453125 0.04221894943544428
0 0.935302734375 0.4425625920471281 0.0439453125 0.041728031418753066
0 0.235107421875 0.45090819833087875 0.04248046875 0.041728031418753066
0 0.8701171875 0.719440353460972 0.04248046875 0.041728031418753066
0 0.82763671875 0.5743740795287187 0.04248046875 0.040746195385370644
0 0.156982421875 0.16912125675012274 0.04345703125 0.04221894943544428
0 0.791259765625 0.6293568973981345 0.0439453125 0.041728031418753066
0 0.181884765625 0.3446244477172312 0.04248046875 0.041728031418753066
0 0.063720703125 0.3794796269023073 0.04541015625 0.044673539518900345
0 0.949951171875 0.6531664212076583 0.04345703125 0.041728031418753066
0 0.371337890625 0.046146293568973984 0.0419921875 0.042709867452135494
0 0.905517578125 0.5375552282768777 0.04345703125 0.041237113402061855
0 0.3818359375 0.502454590083456 0.04052734375 0.040746195385370644
0 0.208984375 0.38880706921944036 0.044921875 0.043691703485517916
0 0.56005859375 0.4587628865979381 0.0419921875 0.040746195385370644
0 0.92724609375 0.6811487481590575 0.04296875 0.042709867452135494
0 0.957763671875 0.6188021600392735 0.04443359375 0.041728031418753066
0 0.717529296875 0.5662739322533137 0.04296875 0.03829160530191458
0 0.663818359375 0.5574374079528719 0.04443359375 0.044182621502209134
0 0.618408203125 0.5103092783505154 0.04150390625 0.039764359351988215
0 0.7099609375 0.49803632793323516 0.04345703125 0.039764359351988215
0 0.77685546875 0.4808541973490427 0.04248046875 0.03829160530191458
0 0.82861328125 0.437653411880216 0.04931640625 0.046637211585665195
0 0.908935546875 0.34536082474226804 0.04443359375 0.040746195385370644
0 0.872802734375 0.33431516936671574 0.04150390625 0.037800687285223365
0 0.815673828125 0.37211585665193914 0.0400390625 0.03829160530191458
0 0.773193359375 0.42390770741286204 0.0458984375 0.039764359351988215
0 0.715576171875 0.45532646048109965 0.0380859375 0.041237113402061855
0 0.65625 0.4175257731958763 0.04833984375 0.041728031418753066
0 0.624267578125 0.43495336278841434 0.04296875 0.03829160530191458
0 0.604736328125 0.4067255768286696 0.04833984375 0.045164457535591555
0 0.760498046875 0.35714285714285715 0.04296875 0.04025527736867943
0 0.721923828125 0.374079528718704 0.0380859375 0.03829160530191458
0 0.69287109375 0.35616102110947473 0.04345703125 0.044182621502209134
0 0.676025390625 0.3861070201276387 0.046875 0.04221894943544428
0 0.61376953125 0.3696612665684831 0.0400390625 0.037800687285223365
0 0.586181640625 0.34536082474226804 0.0419921875 0.038782523318605794
0 0.58349609375 0.31001472754050075 0.03955078125 0.038782523318605794
0 0.663330078125 0.32106038291605304 0.04296875 0.044182621502209134
0 0.758544921875 0.32032400589101623 0.04248046875 0.042709867452135494
0 0.6875 0.28988708885616105 0.048828125 0.043200785468826705
0 0.845947265625 0.26755031909671084 0.0439453125 0.039273441335297005
0 0.760009765625 0.15071183112420225 0.03857421875 0.039273441335297005
0 0.734375 0.12960235640648013 0.04296875 0.039764359351988215
0 0.699462890625 0.1480117820324006 0.044921875 0.041237113402061855
0 0.667724609375 0.16740304369170347 0.0478515625 0.043691703485517916
0 0.589599609375 0.24374079528718703 0.04296875 0.039273441335297005
0 0.585693359375 0.20643102601865487 0.046875 0.04221894943544428
0 0.589599609375 0.4739813451153657 0.04150390625 0.039273441335297005
0 0.552978515625 0.49189985272459497 0.04296875 0.044182621502209134
0 0.520751953125 0.5581737849779087 0.041015625 0.044673539518900345
0 0.502685546875 0.5088365243004418 0.04052734375 0.039764359351988215
0 0.474609375 0.4685812469317624 0.0400390625 0.039273441335297005
0 0.50537109375 0.4489445262641139 0.04150390625 0.037309769268532154
0 0.5087890625 0.41286205203730975 0.03857421875 0.039764359351988215
0 0.54248046875 0.4005891016200295 0.0419921875 0.039764359351988215
0 0.513916015625 0.3757977417771232 0.0419921875 0.039764359351988215
0 0.54736328125 0.36254295532646047 0.04296875 0.038782523318605794
0 0.520751953125 0.34094256259204714 0.04345703125 0.038782523318605794
0 0.49072265625 0.32621502209131076 0.04248046875 0.041237113402061855
0 0.49462890625 0.28841433480608736 0.04052734375 0.042709867452135494
0 0.494873046875 0.25233186057928325 0.048828125 0.043691703485517916
0 0.4677734375 0.22999509081983308 0.04248046875 0.04221894943544428
0 0.55322265625 0.24545900834560627 0.04296875 0.041237113402061855
0 0.55322265625 0.2106038291605302 0.03662109375 0.040746195385370644
0 0.487060546875 0.17010309278350516 0.04345703125 0.044673539518900345
0 0.490966796875 0.1323024054982818 0.0458984375 0.04221894943544428
0 0.458251953125 0.13672066764850271 0.04296875 0.03829160530191458
0 0.451416015625 0.17427589592538045 0.041015625 0.04221894943544428
0 0.52392578125 0.1212567501227295 0.04296875 0.041728031418753066
0 0.51220703125 0.08934707903780069 0.0458984375 0.039764359351988215
0 0.442138671875 0.10112911143838979 0.0439453125 0.041728031418753066
0 0.429931640625 0.28743249877270494 0.044921875 0.041728031418753066
0 0.405029296875 0.26337751595483555 0.0400390625 0.040746195385370644
0 0.43603515625 0.25135002454590083 0.0419921875 0.043691703485517916
0 0.41162109375 0.2260677466863034 0.04296875 0.04221894943544428
0 0.380126953125 0.20888561610211095 0.0439453125 0.044182621502209134
0 0.34765625 0.1958762886597938 0.04052734375 0.042709867452135494
0 0.31494140625 0.18679430535100638 0.0400390625 0.03632793323514973
0 0.3798828125 0.14138438880706922 0.0400390625 0.04025527736867943
0 0.35009765625 0.11855670103092783 0.04345703125 0.043691703485517916
0 0.439453125 0.4162984781541483 0.0400390625 0.03829160530191458
0 0.407958984375 0.4725085910652921 0.0439453125 0.037800687285223365
0 0.40966796875 0.43593519882179677 0.04443359375 0.04025527736867943
0 0.40869140625 0.39985272459499266 0.04052734375 0.039273441335297005
0 0.380859375 0.3797250859106529 0.0400390625 0.033873343151693665
0 0.446044921875 0.3794796269023073 0.044921875 0.03829160530191458
0 0.376708984375 0.42390770741286204 0.0458984375 0.048600883652430045
0 0.3427734375 0.4408443789887089 0.04296875 0.044182621502209134
0 0.306396484375 0.43937162493863524 0.04443359375 0.042709867452135494
0 0.31640625 0.40304369170348553 0.046875 0.044673539518900345
0 0.2802734375 0.39813451153657337 0.03955078125 0.045655375552282766
0 0.33349609375 0.33136966126656847 0.04443359375 0.041237113402061855
0 0.2978515625 0.33726067746686306 0.0419921875 0.045164457535591555
0 0.38623046875 0.2957781050564556 0.03955078125 0.038782523318605794
0 0.3564453125 0.2768777614138439 0.03857421875 0.04025527736867943
0 0.3251953125 0.2616593028964163 0.0439453125 0.042709867452135494
0 0.326416015625 0.29872361315660284 0.0439453125 0.04221894943544428
0 0.287841796875 0.26804123711340205 0.04345703125 0.043691703485517916
0 0.313720703125 0.22140402552773686 0.0400390625 0.041237113402061855
0 0.276611328125 0.23073146784486992 0.04296875 0.043200785468826705
0 0.253173828125 0.25797741777123223 0.03955078125 0.040746195385370644
0 0.26220703125 0.2933235149729995 0.0419921875 0.043691703485517916
0 0.22607421875 0.2852233676975945 0.0439453125 0.039764359351988215
0 0.1923828125 0.2709867452135493 0.0478515625 0.04221894943544428
0 0.17333984375 0.4069710358370152 0.04541015625 0.04025527736867943
0 0.310791015625 0.1254295532646048 0.0439453125 0.043691703485517916