0 0.24585126286248832 0.6735381228378827 0.0386950420954163 0.037403893269187895
0 0.09637511693171188 0.4700551123210319 0.03970533208606175 0.038170405037213785
0 0.21997193638914875 0.7481578083288903 0.03985500467726849 0.038537202079582
0 0.6347661365762395 0.8861064139426228 0.03790458372310579 0.03933663153089734
0 0.07519644527595884 0.6185561866921264 0.038755846585594 0.03767663978787193
0 0.51855472404116 0.9190005846011555 0.038391019644527624 0.03912031532642383
0 0.3344714686623012 0.4312733788798711 0.038910196445275935 0.03789295599234555
0 0.38183816651075775 0.47520908101892356 0.03817586529466788 0.03758729179037206
0 0.205444340505145 0.6156124053008123 0.039064546304957926 0.038659467760371435
0 0.1838400374181478 0.7525781829420455 0.03897100093545369 0.03918144816681833
0 0.2880869971936389 0.48797173708286323 0.03759588400374181 0.03789295599234544
0 0.23791393826005613 0.5945027652599041 0.0388166510757717 0.03838201871550321
0 0.3173807296538821 0.6431033733736905 0.038545369504209503 0.03724870990510911
0 0.11657623947614594 0.6347563893967219 0.039335827876520096 0.03789295599234544
0 0.21228250701590273 0.6863054814280066 0.03927502338634237 0.03933663153089734
0 0.26709073900841906 0.7025056841326021 0.038391019644527624 0.03838201871550321
0 0.38354536950420953 0.5621023598507131 0.03802619270346119 0.037309842745503835
0 0.32104303086997193 0.3978901454981808 0.040009354536950426 0.037309842745503835
0 0.7988260056127222 0.8694171485148696 0.03912535079513568 0.03991974477773895
0 0.3972170252572498 0.5076094864281145 0.037474275023386294 0.03724870990510911
0 0.32104303086997193 0.328179897343486 0.03817586529466788 0.03703239370063549
0 0.08898971000935453 0.514479877183242 0.03881665107577176 0.03767663978787193
0 0.266599625818522 0.45949794103748565 0.03790458372310568 0.036543330977477945
0 0.3784190832553788 0.8797250859106529 0.03897100093545369 0.03948711236879193
0 0.25536950420954163 0.7501234642738891 0.03918615528531333 0.039642295732870717
0 0.356688493919551 0.3458519907437385 0.0377502338634238 0.03663267897497782
0 0.34399438727782977 0.9062332260110316 0.04025257249766134 0.04007022561563377
0 0.3752432179607109 0.4413367849140756 0.03753507951356405 0.03626588193260972
0 0.12609915809167446 0.41556223889843324 0.03897100093545369 0.036632678974977934
0 0.22680542563143125 0.46981058095945305 0.03897100093545369 0.037403893269187895
0 0.1686997193638915 0.4658792690694555 0.03881665107577176 0.03859833491997672
0 0.445799812909261 0.8591045085929022 0.0386950420954163 0.03939776437129206
0 0.24695042095416278 0.31541253875336217 0.03839101964452757 0.038015221673134994
0 0.2797848456501403 0.3308791473732212 0.03811506080449023 0.0382315378776085
0 0.6889663236669785 0.9018175539240607 0.038236669784845745 0.03939776437129206
0 0.25146398503274087 0.3534606781097865 0.038236669784845634 0.037309842745503835
0 0.8461927034611787 0.7751597136786108 0.03845182413470538 0.03976456141366016
0 0.21813844714686623 0.3998510989169954 0.038755846585594 0.03718757706471439
0 0.3535173058933583 0.4977906117554888 0.03677268475210482 0.037309842745503835
0 0.23779232927970068 0.27859646125720017 0.037965388213283435 0.03758729179037206
0 0.302488306828812 0.2984787419640303 0.039335827876520124 0.037954088832740276
0 0.21813844714686623 0.3659788028121474 0.039064546304957926 0.03752615894997734
0 0.21386810102899906 0.33039008465006364 0.037965388213283435 0.03675964718195145
0 0.4001449953227315 0.3915088174662109 0.037048643592142216 0.036204749092214994
0 0.15502806361085125 0.4354445196052633 0.037904583723105734 0.036543330977477945
0 0.15612722170252574 0.36376861550556977 0.037965388213283435 0.03691012801984616
0 0.48925631431244154 0.4818349404124722 0.036164639850327474 0.036204749092214994
0 0.48266604303087 0.915069272711158 0.03790458372310579 0.03838201871550321
0 0.19543498596819456 0.4909202210003614 0.03927502338634237 0.03746502610958262
0 0.7631852198316184 0.827197868433053 0.039855004677268546 0.04000909277523904
0 0.1323246024321796 0.46269095631656265 0.0403133769878391 0.038170405037213785
0 0.6572263797942003 0.9155630379604998 0.037474275023386294 0.0387535182840555
0 0.5410149672591207 0.94894627134219 0.040252572497661454 0.041758432515764325
0 0.37963985032740877 0.9160521006836574 0.03912535079513568 0.038537202079582
0 0.7749017773620206 0.760925166919014 0.039335827876520124 0.04022540897971255
0 0.6079092609915809 0.5336285638053355 0.03759588400374181 0.036632678974977934
0 0.2746585594013097 0.9135973820155009 0.03912535079513568 0.03918144816681833
0 0.7788072965388213 0.6509565921013174 0.04009822263797935 0.038814651124450227
0 0.7895509822263798 0.691703981487477 0.040617399438727775 0.03933663153089734
0 0.679686623012161 0.5974465466512182 0.037109448082319973 0.036971260860240884
0 0.25463985032740877 0.8173789937604274 0.03833021515434987 0.03801522167313488
0 0.07421889616463985 0.5508115944824304 0.038026192703461165 0.03669381181537265
0 0.8681618334892424 0.7476687456057327 0.037811038353601445 0.038537202079582
0 0.5712909260991581 0.9680902554380995 0.03759588400374181 0.03859833491997672
0 0.4555659494855005 0.4356890509668422 0.036347053320860634 0.03663267897497782
0 0.3374041159962582 0.9420711780608784 0.039644527595883994 0.03912031532642383
0 0.2531758652946679 0.4918983464466766 0.038236669784845634 0.03746502610958262
0 0.7514639850327409 0.9028003818965601 0.039490177736202 0.04129758494971193
0 0.13159027128157155 0.26018607124602705 0.039064546304957926 0.03669381181537254
0 0.46362488306828814 0.35198878741412953 0.03698783910196446 0.03773777262826666
0 0.5668942937324603 0.5611195318782137 0.03634705332086052 0.036021350571030945
0 0.34814312441534145 0.4636737842890621 0.03955098222637976 0.0383820187155031
0 0.06744153414405987 0.6853226534555071 0.038391019644527596 0.038170405037213896
0 0.8930682881197382 0.7187058868371975 0.03817586529466799 0.03767663978787193
0 0.7207015902712816 0.6028450467106886 0.037811038353601445 0.036971260860240884
0 0.5249017773620206 0.4457524570010466 0.037474275023386294 0.036971260860240884
0 0.6538072965388213 0.5449193291736183 0.03656220767072038 0.0370323937006356
0 0.4916978484565014 0.41630053550935386 0.03656220767072027 0.03703239370063549
0 0.25463985032740877 0.2202992441515775 0.037109448082319973 0.03553228784787329
0 0.8227549111318989 0.7025056841326021 0.03753507951356405 0.03859833491997672
0 0.059326473339569696 0.3240040540919096 0.038391019644527596 0.03718757706471439
0 0.22659494855004678 0.4345557421564481 0.04223573433115063 0.04155622388984328
0 0.17912067352666042 0.522337798437053 0.04433115060804488 0.03884756880773979
0 0.1436248830682881 0.5366428830894128 0.03564546304957905 0.033726517793137595
0 0.17492516370439665 0.5578747888111104 0.04193638914873715 0.03884756880773979
0 0.13927970065481757 0.5699179583688664 0.038938260056127216 0.03764372210458259
0 0.1756735266604303 0.5959699534293769 0.037441534144059874 0.035536990374057595
0 0.20936856875584658 0.5715779501118916 0.040135640785781135 0.03734276042879318
0 0.1413797942001871 0.6093721530543689 0.043133769878391015 0.037041798753003986
0 0.14766604303086997 0.6571027938240768 0.043732460243217974 0.04336669647076339
0 0.1837605238540692 0.6638791340555201 0.036842843779232914 0.03643987540142538
0 0.21805893358278763 0.64761779851053 0.04193638914873715 0.03523602869826818
0 0.251155285313377 0.6277402203298842 0.04582787652011222 0.04125526221405398
0 0.24142188961646396 0.5599815205416354 0.037142188961646394 0.039449492159318394
0 0.2764639850327409 0.5506470060659833 0.03414405986903646 0.03523602869826818
0 0.29713283442469596 0.5205320283823173 0.0335453695042095 0.03764372210458259
0 0.33622076707202997 0.5265559644242873 0.04582787652011222 0.04246381144339537
0 0.3697708138447147 0.5300170236958641 0.041033676333021574 0.03734276042879318
0 0.3142048643592142 0.46120495804235306 0.040135640785781135 0.035837952049846786
0 0.2737698783910197 0.586936400629514 0.039536950420954176 0.035536990374057595
0 0.3248409728718428 0.5861839964400407 0.041033676333021574 0.040051415510896776
0 0.3633302151543498 0.5887421706842497 0.0377408793264733 0.03794468378037178
0 0.3738119738072966 0.6146389823806815 0.043133769878391015 0.035536990374057595
0 0.40376520112254444 0.5923537107937212 0.039536950420954176 0.03794468378037178
0 0.28635173058933583 0.6726117251795938 0.03833956969130026 0.035837952049846786
0 0.30791393826005614 0.7028771837011545 0.03474742750233861 0.03613891372563597
0 0.2342329279700655 0.7144689107452263 0.0419363891487371 0.03523602869826818
0 0.1912488306828812 0.7174832300293036 0.03863891487371374 0.03523602869826818
0 0.12056127221702526 0.7250119744502201 0.03863891487371374 0.03463410534668958
0 0.16908325537885874 0.789154431602813 0.04103367633302152 0.03764372210458259
0 0.2715247895229186 0.7853924106554467 0.042235734331150576 0.039750453835107585
0 0.286800748362956 0.7293759187491647 0.03684284377923297 0.03613891372563597
0 0.32318989710009355 0.734496969763767 0.0377408793264733 0.0343284411447162
0 0.3470065481758653 0.7040810304043116 0.042235734331150576 0.03734276042879318
0 0.38025257249766137 0.7070906471622046 0.03804022450888678 0.03493506702247899
0 0.3947801683816651 0.6498750110789496 0.039536950420954176 0.03734276042879318
0 0.408110383536015 0.6822472013310353 0.042235734331150576 0.038245645456161194
0 0.42263330215154354 0.7183861150566715 0.03654349859681949 0.035837952049846786
0 0.3940318054256315 0.7432295608878405 0.03564546304957905 0.03493506702247899
0 0.4317726847521048 0.7519621520119143 0.03444808231992513 0.0343284411447162
0 0.4546866230121609 0.7250119744502201 0.03833956969130026 0.03463410534668958
0 0.47430308699719365 0.6683935591923595 0.03564546304957905 0.035837952049846786
0 0.42667913938260055 0.4887617614818101 0.039836295603367655 0.03794468378037178
0 0.47430308699719365 0.5131537647992954 0.04163236669784842 0.03493506702247899
0 0.410355472404116 0.5395020190094111 0.039536950420954176 0.035837952049846786
0 0.45738072965388216 0.545525955051381 0.03534611786716557 0.035837952049846786
0 0.4470486435921422 0.5964213959430609 0.03624415341440601 0.034027479468926786
0 0.4614265668849392 0.6309003179256715 0.03384471468662298 0.03794468378037178
0 0.4921281571562208 0.6004843785662164 0.040135640785781135 0.03613891372563597
0 0.521931711880262 0.6111779231091047 0.03863891487371385 0.037041798753003986
0 0.5517305893358279 0.6322593479929076 0.04193638914873721 0.038245645456161194
0 0.5274695977549112 0.6515303002957907 0.03654349859681938 0.035837952049846786
0 0.5568241347053321 0.6665877891376237 0.03654349859681938 0.035837952049846786
0 0.5246258185219832 0.6891740224003733 0.042834424695977535 0.03523602869826818
0 0.5532319925163705 0.7092020814189139 0.03534611786716546 0.03674083707721457
0 0.5020112254443405 0.7539184029045447 0.03833956969130026 0.03463410534668958
0 0.4657670720299345 0.7587384922433575 0.04133302151543494 0.037041798753003986
0 0.3670720299345182 0.7716892493546655 0.03684284377923297 0.040051415510896776
0 0.4040645463049579 0.7771065595188728 0.038938260056127216 0.03764372210458259
0 0.43985968194574365 0.7862952956828145 0.042235734331150576 0.03914853048352898
0 0.3693171188026193 0.8070710563646442 0.03534611786716557 0.033726517793137595
0 0.3700701590271282 0.839899391656598 0.039237605238540696 0.0343284411447162
0 0.3332273152478953 0.833875455614628 0.04103367633302146 0.03674083707721457
0 0.30716557530402244 0.8606751523384276 0.03564546304957905 0.03734276042879318
0 0.3438587464920486 0.8692572626246067 0.039536950420954176 0.03884756880773979
0 0.4137979420018709 0.8822080197359147 0.03564546304957905 0.035837952049846786
0 0.44345182413470535 0.9037408871334015 0.041033676333021574 0.03674083707721457
0 0.405710944808232 0.8481805402669879 0.03863891487371374 0.03643987540142538
0 0.43926099158091675 0.8266476728695008 0.03744153414405982 0.03914853048352898
0 0.47265668849391956 0.8209246985033201 0.03714218896164645 0.03613891372563597
0 0.4877829747427503 0.7896058741164967 0.03863891487371374 0.03854660713195038
0 0.5201309635173059 0.7828295338850536 0.04103367633302146 0.04306573479497398
0 0.5413985032740879 0.812342588217141 0.03923760523854081 0.038245645456161194
0 0.5619176800748363 0.8426080467387016 0.03594480823199242 0.04095430053826479
0 0.5059027128157155 0.8174636392317431 0.04133302151543505 0.03764372210458259
0 0.4731057062675398 0.8807032113569682 0.044031805425631454 0.03884756880773979
0 0.5124929840972872 0.882508981411704 0.03654349859681938 0.040051415510896776
0 0.5237277829747428 0.8517920803764593 0.03744153414405993 0.03764372210458259
0 0.548288119738073 0.8770916712474967 0.039836295603367544 0.04125526221405398
0 0.5536810102899906 0.9123229974195806 0.03863891487371385 0.03944949215931817
0 0.5366043030869972 0.7444334075909977 0.03684284377923297 0.04095430053826479
0 0.554579045837231 0.7704854026515083 0.04522918615528537 0.04125526221405398
0 0.5774929840972872 0.8012023036867529 0.039536950420954176 0.040051415510896776
0 0.6173292797006548 0.7918630866849166 0.04253507951356417 0.038245645456161194
0 0.6010056127221702 0.8254438261663435 0.04463049579045841 0.042764773119184786
0 0.6317072029934518 0.8492339061322504 0.04373246024321786 0.039750453835107585
0 0.601155285313377 0.8990712786324834 0.0377408793264733 0.035837952049846786
0 0.5831852198316183 0.9302396221814119 0.038938260056127216 0.03674083707721457
0 0.6048971000935454 0.7225995785177215 0.0404349859681945 0.04185718556563258
0 0.6254162768942938 0.7528650370392822 0.040734331150608094 0.03734276042879318
0 0.5758465855940131 0.5964213959430609 0.03744153414405993 0.03643987540142538
0 0.5909728718428437 0.628191662843568 0.03654349859681938 0.033726517793137595
0 0.6306594948550046 0.6349680030750112 0.039237605238540585 0.03523602869826818
0 0.6489289055191768 0.6650829807586773 0.03624415341440601 0.03523602869826818
0 0.6737885874649204 0.6351184839129059 0.03923760523854081 0.03914853048352898
0 0.6240692235734331 0.6914312349687929 0.03444808231992513 0.03854660713195038
0 0.6670533208606174 0.6986590177139202 0.038938260056127216 0.039750453835107585
0 0.6736389148737137 0.7343464889258723 0.03534611786716568 0.03764372210458259
0 0.6847240411599627 0.6701993292470954 0.040734331150608094 0.037041798753003986
0 0.721866230121609 0.6757718227753813 0.03714218896164634 0.04216284976760619
0 0.7621515434985968 0.726366301991272 0.03744153414405993 0.03613891372563597
0 0.7967492984097287 0.7314826504796897 0.039536950420954176 0.042764773119184786
0 0.808578110383536 0.7658157941505902 0.03923760523854081 0.04035237718668619
0 0.7128811973807297 0.7381085098732384 0.040734331150608094 0.035536990374057595
0 0.6779840972871842 0.8012023036867529 0.03684284377923297 0.03523602869826818
0 0.7076379794200187 0.8195703709622681 0.03863891487371385 0.037041798753003986
0 0.7326473339569691 0.8448652593071213 0.03714218896164634 0.03222170941419098
0 0.6970018709073901 0.851942561214354 0.03654349859681938 0.03312459444155899
0 0.7221655753040225 0.8837128281148611 0.0377408793264733 0.03884756880773979
0 0.6648035547240412 0.834778340641996 0.03684284377923297 0.032522671089980394
0 0.7473246024321796 0.7914116441712326 0.038938260056127216 0.03131882438682319
0 0.784466791393826 0.7948774059689937 0.040135640785781135 0.04185718556563258
0 0.8208606173994387 0.8034595162551726 0.03624415341440601 0.03734276042879318
0 0.7983956969130028 0.831768723884103 0.039237605238540585 0.03854660713195038