0 0.858642578125 0.8060873834069711 0.04345703125 0.042709867452135494
0 0.366455078125 0.561119293078056 0.0390625 0.039273441335297005
0 0.5966796875 0.43568973981345116 0.04052734375 0.039764359351988215
0 0.52392578125 0.6254295532646048 0.0400390625 0.04025527736867943
0 0.703369140625 0.8458517427589592 0.04296875 0.04221894943544428
0 0.782958984375 0.42979872361315663 0.04052734375 0.04025527736867943
0 0.769287109375 0.698821796759941 0.04150390625 0.041237113402061855
0 0.642578125 0.6998036327933235 0.04052734375 0.040746195385370644
0 0.68505859375 0.3956799214531173 0.041015625 0.039764359351988215
0 0.615966796875 0.9572901325478645 0.0419921875 0.042709867452135494
0 0.739013671875 0.5260186548846343 0.03955078125 0.039273441335297005
0 0.66162109375 0.4518900343642612 0.0400390625 0.039764359351988215
0 0.80517578125 0.5429553264604811 0.04150390625 0.039764359351988215
0 0.45703125 0.5552282768777614 0.03857421875 0.039273441335297005
0 0.532958984375 0.7623956799214531 0.03955078125 0.039764359351988215
0 0.592041015625 0.6303387334315169 0.0400390625 0.04025527736867943
0 0.798583984375 0.8215513009327442 0.0419921875 0.041237113402061855
0 0.535888671875 0.8969072164948454 0.0400390625 0.040746195385370644
0 0.77099609375 0.5449189985272459 0.04150390625 0.039764359351988215
0 0.59130859375 0.5262641138929799 0.0390625 0.038782523318605794
0 0.930908203125 0.5176730486008837 0.0419921875 0.041237113402061855
0 0.6728515625 0.7874324987727049 0.0419921875 0.041728031418753066
0 0.820556640625 0.6050564555719194 0.04150390625 0.040746195385370644
0 0.427734375 0.533627884143348 0.0390625 0.039273441335297005
0 0.823974609375 0.3132056946489936 0.04150390625 0.041237113402061855
0 0.73779296875 0.7857142857142857 0.0419921875 0.04221894943544428
0 0.64013671875 0.7685321551300933 0.0400390625 0.04025527736867943
0 0.609375 0.819833087874325 0.0419921875 0.041237113402061855
0 0.194091796875 0.7729504172803142 0.0419921875 0.04221894943544428
0 0.845703125 0.7670594010800197 0.04248046875 0.04221894943544428
0 0.734619140625 0.3787432498772705 0.04150390625 0.040746195385370644
0 0.779541015625 0.6099656357388317 0.041015625 0.040746195385370644
0 0.30322265625 0.7974963181148749 0.04150390625 0.041237113402061855
0 0.5361328125 0.4010800196367207 0.04150390625 0.039273441335297005
0 0.4638671875 0.9013254786450663 0.04150390625 0.041237113402061855
0 0.716064453125 0.4101620029455081 0.04150390625 0.040746195385370644
0 0.873291015625 0.5387825233186058 0.0419921875 0.041237113402061855
0 0.544677734375 0.9334806087383407 0.04150390625 0.041728031418753066
0 0.813232421875 0.4479626902307315 0.041015625 0.04025527736867943
0 0.74951171875 0.729995090819833 0.0439453125 0.041728031418753066
0 0.744873046875 0.6701030927835051 0.04150390625 0.04025527736867943
0 0.364501953125 0.7668139420716741 0.04052734375 0.040746195385370644
0 0.323486328125 0.7501227295041728 0.0400390625 0.04025527736867943
0 0.289306640625 0.7633775159548355 0.041015625 0.04221894943544428
0 0.905517578125 0.5508100147275405 0.04248046875 0.039764359351988215
0 0.878662109375 0.4786450662739323 0.04150390625 0.039764359351988215
0 0.714111328125 0.5004909180166912 0.041015625 0.041237113402061855
0 0.769775390625 0.32032400589101623 0.04052734375 0.039273441335297005
0 0.52880859375 0.6622484045164457 0.03955078125 0.039273441335297005
0 0.25341796875 0.738831615120275 0.04150390625 0.043200785468826705
0 0.89990234375 0.31983308787432496 0.0400390625 0.039764359351988215
0 0.736328125 0.30927835051546393 0.04052734375 0.039273441335297005
0 0.60791015625 0.7849779086892489 0.04296875 0.043691703485517916
0 0.799072265625 0.48208149239077075 0.0419921875 0.041728031418753066
0 0.76708984375 0.46195385370643105 0.041015625 0.04025527736867943
0 0.62255859375 0.46072655866470297 0.04052734375 0.039764359351988215
0 0.8828125 0.7052037309769269 0.0419921875 0.041237113402061855
0 0.57861328125 0.5603829160530192 0.041015625 0.040746195385370644
0 0.4130859375 0.7002945508100147 0.03955078125 0.04025527736867943
0 0.72900390625 0.46735395189003437 0.0400390625 0.038782523318605794
0 0.394775390625 0.7871870397643593 0.04052734375 0.041237113402061855
0 0.49951171875 0.905252822778596 0.04150390625 0.043200785468826705
0 0.85986328125 0.41531664212076586 0.04296875 0.04221894943544428
0 0.676513671875 0.5051546391752577 0.041015625 0.04025527736867943
0 0.775634765625 0.36548846342660773 0.04150390625 0.041237113402061855
0 0.88916015625 0.38365243004418265 0.04150390625 0.039764359351988215
0 0.740234375 0.8640157093765342 0.04248046875 0.041728031418753066
0 0.69677734375 0.43888070692194403 0.04052734375 0.04025527736867943
0 0.15234375 0.8247422680412371 0.0419921875 0.04221894943544428
0 0.84619140625 0.7017673048600883 0.04052734375 0.040746195385370644
0 0.705078125 0.8026509572901326 0.04296875 0.041728031418753066
0 0.76416015625 0.39887088856161024 0.041015625 0.040746195385370644
0 0.856201171875 0.32793323514973 0.0400390625 0.039273441335297005
0 0.8271484375 0.6718213058419243 0.0419921875 0.041728031418753066
0 0.55712890625 0.43078055964653905 0.0390625 0.037309769268532154
0 0.833984375 0.47839960726558667 0.0419921875 0.040746195385370644
0 0.71435546875 0.9182621502209131 0.04296875 0.043691703485517916
0 0.74462890625 0.3446244477172312 0.0400390625 0.038782523318605794
0 0.5927734375 0.749386352479136 0.041015625 0.039764359351988215
0 0.84033203125 0.2810505645557192 0.04052734375 0.039764359351988215
0 0.68115234375 0.9332351497299951 0.0439453125 0.044182621502209134
0 0.133544921875 0.757486499754541 0.0419921875 0.042709867452135494
0 0.51025390625 0.9383897889052528 0.0400390625 0.04025527736867943
0 0.743896484375 0.43544428080510555 0.041015625 0.039764359351988215
0 0.807861328125 0.7029945999018163 0.04150390625 0.041728031418753066
0 0.458740234375 0.7695139911634757 0.0380859375 0.038782523318605794
0 0.514404296875 0.42979872361315663 0.0400390625 0.03829160530191458
0 0.8505859375 0.3802160039273441 0.0419921875 0.041237113402061855
0 0.5546875 0.6836033382425135 0.0390625 0.03829160530191458
0 0.89892578125 0.7471772214040255 0.0419921875 0.043200785468826705
0 0.91845703125 0.4833087874324988 0.04150390625 0.040746195385370644
0 0.8095703125 0.38267059401080017 0.0419921875 0.041237113402061855
0 0.395263671875 0.7523318605792833 0.0400390625 0.040746195385370644
0 0.822998046875 0.41433480608738343 0.04150390625 0.041237113402061855
0 0.179443359375 0.7106038291605302 0.04150390625 0.041237113402061855
0 0.896240234375 0.4180166912125675 0.0419921875 0.041237113402061855
0 0.87109375 0.2974963181148748 0.041015625 0.04025527736867943
0 0.970947265625 0.46097201767304863 0.04296875 0.04221894943544428
0 0.759521484375 0.2812960235640648 0.04150390625 0.04025527736867943
0 0.7861328125 0.5127638684339715 0.04150390625 0.040746195385370644
0 0.212158203125 0.8367697594501718 0.04150390625 0.041237113402061855
0 0.157958984375 0.7871870397643593 0.04150390625 0.041728031418753066
0 0.2568359375 0.5913107511045655 0.04150390625 0.041237113402061855
0 0.96142578125 0.3912616593028964 0.04248046875 0.041728031418753066
0 0.926025390625 0.5937653411880216 0.04248046875 0.041237113402061855
0 0.932373046875 0.6855670103092784 0.04296875 0.042709867452135494
0 0.441162109375 0.8387334315169367 0.03955078125 0.039764359351988215
0 0.80029296875 0.3397152675503191 0.04052734375 0.040746195385370644
0 0.63916015625 0.8777614138438881 0.04052734375 0.039764359351988215
0 0.911865234375 0.6354933726067746 0.04248046875 0.041728031418753066
0 0.93603515625 0.4521354933726068 0.04248046875 0.040746195385370644
0 0.931884765625 0.4170348551791851 0.04345703125 0.041728031418753066
0 0.371826171875 0.6811487481590575 0.0390625 0.038782523318605794
0 0.952880859375 0.617820324005891 0.04443359375 0.043691703485517916
0 0.676025390625 0.8969072164948454 0.0419921875 0.041728031418753066
0 0.962646484375 0.5824742268041238 0.04248046875 0.040746195385370644
0 0.967529296875 0.4263622974963181 0.04296875 0.04221894943544428
0 0.317138671875 0.8686794305351007 0.0400390625 0.04025527736867943
0 0.71875 0.2758959253804615 0.041015625 0.04025527736867943
0 0.326416015625 0.5343642611683849 0.03955078125 0.039764359351988215
0 0.969482421875 0.5265095729013255 0.04150390625 0.04025527736867943
0 0.944580078125 0.6516936671575847 0.0419921875 0.041728031418753066
0 0.2177734375 0.8006872852233677 0.04248046875 0.04221894943544428
0 0.363525390625 0.8026509572901326 0.0400390625 0.040746195385370644
0 0.80517578125 0.8573883161512027 0.04248046875 0.040746195385370644
0 0.51123046875 0.9366715758468336 0.03759765625 0.037800687285223365
0 0.92578125 0.38267059401080017 0.03759765625 0.039764359351988215
0 0.95947265625 0.49140893470790376 0.0419921875 0.039273441335297005
0 0.896240234375 0.5095729013254786 0.04052734375 0.03485517918507609
0 0.856689453125 0.506872852233677 0.041015625 0.041728031418753066
0 0.822265625 0.508100147275405 0.04248046875 0.04221894943544428
0 0.751708984375 0.4943544428080511 0.0498046875 0.041728031418753066
0 0.6884765625 0.47471772214040253 0.03759765625 0.040746195385370644
0 0.647705078125 0.48576337751595483 0.0419921875 0.03829160530191458
0 0.619140625 0.5056455571919489 0.04150390625 0.03829160530191458
0 0.595703125 0.48134511536573393 0.041015625 0.038782523318605794
0 0.561767578125 0.46612665684830634 0.03857421875 0.04025527736867943
0 0.56689453125 0.5014727540500736 0.04541015625 0.041728031418753066
0 0.5556640625 0.5363279332351497 0.0419921875 0.03829160530191458
0 0.5224609375 0.5216003927344134 0.04248046875 0.043691703485517916
0 0.515380859375 0.551791850760923 0.03515625 0.035346097201767304
0 0.69873046875 0.5316642120765832 0.037109375 0.045655375552282766
0 0.873779296875 0.5733922434953362 0.03955078125 0.038782523318605794
0 0.838134765625 0.5733922434953362 0.04345703125 0.037309769268532154
0 0.796875 0.5768286696121747 0.03955078125 0.036818851251840944
0 0.891845703125 0.6050564555719194 0.04052734375 0.041237113402061855
0 0.85546875 0.6045655375552282 0.04052734375 0.038782523318605794
0 0.8779296875 0.635247913598429 0.04052734375 0.037800687285223365
0 0.838134765625 0.636475208640157 0.04248046875 0.043200785468826705
0 0.801513671875 0.636475208640157 0.04296875 0.045164457535591555
0 0.742431640625 0.6138929798723614 0.0400390625 0.03632793323514973
0 0.713623046875 0.5898379970544919 0.03857421875 0.04025527736867943
0 0.71923828125 0.6426116838487973 0.0322265625 0.037309769268532154
0 0.76611328125 0.6423662248404517 0.041015625 0.038782523318605794
0 0.78857421875 0.6715758468335787 0.046875 0.041728031418753066
0 0.864501953125 0.6671575846833578 0.03759765625 0.039764359351988215
0 0.897216796875 0.6710849288168875 0.04296875 0.043200785468826705
0 0.91650390625 0.7164948453608248 0.04150390625 0.043200785468826705
0 0.865966796875 0.7351497299950909 0.04736328125 0.046146293568973984
0 0.825439453125 0.7336769759450171 0.04638671875 0.048109965635738834
0 0.78369140625 0.728767795778105 0.0400390625 0.049091801669121256
0 0.879638671875 0.7744231713303878 0.0400390625 0.041237113402061855
0 0.822509765625 0.7913598429062346 0.04052734375 0.039273441335297005
0 0.786865234375 0.7889052528227786 0.03955078125 0.038782523318605794
0 0.67333984375 0.8242513500245459 0.0439453125 0.043200785468826705
0 0.641357421875 0.8038782523318606 0.048828125 0.044182621502209134
0 0.7666015625 0.8438880706921944 0.03564453125 0.041237113402061855
0 0.71044921875 0.8831615120274914 0.0478515625 0.041728031418753066
0 0.672119140625 0.8615611192930781 0.0458984375 0.048109965635738834
0 0.721923828125 0.749386352479136 0.03466796875 0.037800687285223365
0 0.675048828125 0.6914580265095729 0.03076171875 0.035837015218458515
0 0.667724609375 0.7255768286696122 0.037109375 0.039273441335297005
0 0.6494140625 0.6701030927835051 0.03515625 0.04025527736867943
0 0.61376953125 0.5775650466372115 0.04248046875 0.043691703485517916
0 0.629638671875 0.6109474717722141 0.04150390625 0.04025527736867943
0 0.5830078125 0.663966617574865 0.041015625 0.04025527736867943
0 0.555908203125 0.6394207167403043 0.04248046875 0.041728031418753066
0 0.548828125 0.6038291605301914 0.04248046875 0.039273441335297005
0 0.544189453125 0.569219440353461 0.03955078125 0.039273441335297005
0 0.585693359375 0.5940108001963672 0.041015625 0.039273441335297005
0 0.657958984375 0.4162984781541483 0.0419921875 0.04025527736867943
0 0.501708984375 0.46219931271477666 0.041015625 0.036818851251840944
0 0.485595703125 0.5758468335787923 0.04345703125 0.04221894943544428
0 0.487548828125 0.6124202258222877 0.0400390625 0.041237113402061855
0 0.496337890625 0.6480117820324006 0.04541015625 0.045164457535591555
0 0.46875 0.6703485517918507 0.04248046875 0.042709867452135494
0 0.48291015625 0.7039764359351989 0.044921875 0.04025527736867943
0 0.572265625 0.7788414334806087 0.04248046875 0.03829160530191458
0 0.57275390625 0.8171330387825233 0.0390625 0.039764359351988215
0 0.42578125 0.6121747668139421 0.04345703125 0.042709867452135494
0 0.395751953125 0.5827196858124694 0.04541015625 0.040746195385370644
0 0.345947265625 0.6553755522827688 0.03857421875 0.036818851251840944
0 0.354736328125 0.7334315169366715 0.04296875 0.04025527736867943
0 0.199462890625 0.738831615120275 0.0458984375 0.042709867452135494
0 0.229248046875 0.7655866470299459 0.04296875 0.04221894943544428