0 0.883544921875 0.41786447638603696 0.04248046875 0.04209445585215606
0 0.740478515625 0.3424024640657084 0.04150390625 0.04260780287474333
0 0.6533203125 0.8408624229979466 0.0419921875 0.04568788501026694
0 0.669677734375 0.34188911704312114 0.041015625 0.04260780287474333
0 0.508544921875 0.8454825462012321 0.04150390625 0.044661190965092405
0 0.619384765625 0.5223305954825462 0.04052734375 0.04158110882956879
0 0.73291015625 0.46329568788501024 0.0400390625 0.04260780287474333
0 0.7294921875 0.7715605749486653 0.0419921875 0.044147843942505136
0 0.64453125 0.36832648870636553 0.03955078125 0.04209445585215606
0 0.76513671875 0.36960985626283366 0.0400390625 0.04158110882956879
0 0.623046875 0.8880903490759754 0.04052734375 0.043121149897330596
0 0.7109375 0.5220739219712526 0.0400390625 0.04055441478439425
0 0.290283203125 0.8870636550308009 0.0419921875 0.044147843942505136
0 0.652587890625 0.5290041067761807 0.04052734375 0.043121149897330596
0 0.919921875 0.5641683778234087 0.0400390625 0.04158110882956879
0 0.75634765625 0.5636550308008214 0.04150390625 0.04209445585215606
0 0.836669921875 0.75847022587269 0.04150390625 0.04209445585215606
0 0.713623046875 0.6452772073921971 0.04150390625 0.043634496919917866
0 0.715576171875 0.8064681724845996 0.04248046875 0.044147843942505136
0 0.293212890625 0.794917864476386 0.04052734375 0.043634496919917866
0 0.540771484375 0.4137577002053388 0.03955078125 0.04106776180698152
0 0.56396484375 0.4817761806981519 0.0390625 0.04106776180698152
0 0.589111328125 0.8952772073921971 0.04052734375 0.044147843942505136
0 0.6455078125 0.412217659137577 0.0400390625 0.04260780287474333
0 0.60546875 0.4052874743326489 0.03955078125 0.04158110882956879
0 0.7001953125 0.8608829568788501 0.04150390625 0.043634496919917866
0 0.63720703125 0.3316221765913758 0.0400390625 0.04158110882956879
0 0.725830078125 0.3757700205338809 0.0400390625 0.04158110882956879
0 0.654541015625 0.805441478439425 0.04150390625 0.043634496919917866
0 0.76171875 0.5995893223819302 0.0419921875 0.043121149897330596
0 0.833251953125 0.3765400410677618 0.04052734375 0.04209445585215606
0 0.8662109375 0.45585215605749485 0.04248046875 0.04260780287474333
0 0.823486328125 0.5102669404517454 0.04052734375 0.04106776180698152
0 0.595703125 0.49358316221765913 0.041015625 0.04209445585215606
0 0.469482421875 0.5297741273100616 0.0400390625 0.04158110882956879
0 0.794189453125 0.7559034907597536 0.041015625 0.044147843942505136
0 0.81494140625 0.412217659137577 0.041015625 0.04106776180698152
0 0.9541015625 0.4322381930184805 0.0419921875 0.04209445585215606
0 0.828125 0.2779774127310062 0.04150390625 0.04158110882956879
0 0.545654296875 0.34188911704312114 0.0390625 0.04158110882956879
0 0.199951171875 0.8429158110882957 0.04052734375 0.043634496919917866
0 0.761962890625 0.44378850102669404 0.04052734375 0.04209445585215606
0 0.43505859375 0.7343429158110883 0.0400390625 0.044147843942505136
0 0.76806640625 0.4794661190965092 0.0400390625 0.04209445585215606
0 0.798095703125 0.4443018480492813 0.041015625 0.04260780287474333
0 0.755126953125 0.7412731006160165 0.041015625 0.043634496919917866
0 0.689697265625 0.6709445585215605 0.0400390625 0.04209445585215606
0 0.4912109375 0.46996919917864477 0.0390625 0.04106776180698152
0 0.857666015625 0.5264373716632443 0.041015625 0.04260780287474333
0 0.84423828125 0.699435318275154 0.04052734375 0.04158110882956879
0 0.292724609375 0.7361396303901437 0.0400390625 0.043121149897330596
0 0.787841796875 0.5467145790554415 0.0419921875 0.043634496919917866
0 0.3955078125 0.63347022587269 0.0390625 0.04055441478439425
0 0.674560546875 0.4768993839835729 0.04052734375 0.04260780287474333
0 0.625 0.7846509240246407 0.0419921875 0.044661190965092405
0 0.799072265625 0.38064681724845995 0.04150390625 0.043121149897330596
0 0.509521484375 0.3773100616016427 0.03955078125 0.04209445585215606
0 0.89697265625 0.7281827515400411 0.0400390625 0.04209445585215606
0 0.5166015625 0.44455852156057496 0.0390625 0.04106776180698152
0 0.785888671875 0.5118069815195072 0.0419921875 0.04260780287474333
0 0.92578125 0.49229979466119095 0.0400390625 0.04106776180698152
0 0.5205078125 0.9009240246406571 0.04150390625 0.044661190965092405
0 0.657470703125 0.7684804928131417 0.04150390625 0.043634496919917866
0 0.837890625 0.4771560574948665 0.04150390625 0.04209445585215606
0 0.328125 0.8049281314168378 0.041015625 0.043634496919917866
0 0.50634765625 0.5041067761806981 0.0390625 0.04106776180698152
0 0.72802734375 0.43018480492813144 0.0400390625 0.04106776180698152
0 0.69677734375 0.8978439425051334 0.04248046875 0.044147843942505136
0 0.45361328125 0.9109342915811088 0.0419921875 0.045174537987679675
0 0.57275390625 0.3193018480492813 0.03857421875 0.04004106776180698
0 0.916259765625 0.3832135523613963 0.041015625 0.04209445585215606
0 0.4677734375 0.41350102669404515 0.04052734375 0.04209445585215606
0 0.6611328125 0.2245893223819302 0.04052734375 0.04158110882956879
0 0.7900390625 0.2679671457905544 0.0400390625 0.04055441478439425
0 0.66015625 0.7325462012320328 0.041015625 0.044147843942505136
0 0.394287109375 0.9209445585215605 0.041015625 0.043634496919917866
0 0.235595703125 0.8408624229979466 0.04150390625 0.043634496919917866
0 0.5859375 0.9317248459958932 0.04052734375 0.04260780287474333
0 0.207275390625 0.7728439425051334 0.04150390625 0.043634496919917866
0 0.861328125 0.7846509240246407 0.04052734375 0.04260780287474333
0 0.786376953125 0.30261806981519507 0.04150390625 0.04260780287474333
0 0.888427734375 0.5459445585215605 0.04052734375 0.04106776180698152
0 0.42578125 0.4353182751540041 0.03857421875 0.04106776180698152
0 0.454345703125 0.49563655030800824 0.03857421875 0.04158110882956879
0 0.365234375 0.6057494866529775 0.03955078125 0.04260780287474333
0 0.75244140625 0.30903490759753593 0.04150390625 0.04209445585215606
0 0.8818359375 0.32700205338809035 0.041015625 0.04004106776180698
0 0.8544921875 0.30313141683778233 0.03955078125 0.04055441478439425
0 0.516845703125 0.9378850102669405 0.04150390625 0.043634496919917866
0 0.691162109375 0.27258726899383984 0.03955078125 0.04055441478439425
0 0.810791015625 0.34856262833675566 0.041015625 0.04158110882956879
0 0.446044921875 0.9668891170431212 0.041015625 0.043634496919917866
0 0.552001953125 0.9366016427104723 0.0400390625 0.04260780287474333
0 0.402587890625 0.5857289527720739 0.0390625 0.04158110882956879
0 0.681396484375 0.930441478439425 0.041015625 0.04260780287474333
0 0.146240234375 0.8013347022587269 0.04248046875 0.043634496919917866
0 0.16015625 0.7651437371663244 0.04248046875 0.043634496919917866
0 0.220947265625 0.8074948665297741 0.04150390625 0.043634496919917866
0 0.76611328125 0.1935318275154004 0.041015625 0.04158110882956879
0 0.84716796875 0.40836755646817247 0.04052734375 0.04055441478439425
0 0.779052734375 0.41196098562628336 0.03857421875 0.04209445585215606
0 0.619384765625 0.43762833675564683 0.041015625 0.04004106776180698
0 0.5927734375 0.45713552361396304 0.03857421875 0.04004106776180698
0 0.576416015625 0.42659137577002054 0.03955078125 0.04209445585215606
0 0.669677734375 0.3875770020533881 0.03662109375 0.039014373716632446
0 0.5439453125 0.3788501026694045 0.03662109375 0.037987679671457907
0 0.803466796875 0.4784394250513347 0.0390625 0.043634496919917866
0 0.7529296875 0.5264373716632443 0.03857421875 0.037987679671457907
0 0.8212890625 0.5467145790554415 0.03955078125 0.04260780287474333
0 0.85791015625 0.5628850102669405 0.04296875 0.03747433264887064
0 0.828369140625 0.5795687885010267 0.041015625 0.04158110882956879
0 0.790283203125 0.5826488706365504 0.04638671875 0.04260780287474333
0 0.832763671875 0.6180698151950719 0.0400390625 0.04106776180698152
0 0.86474609375 0.6350102669404517 0.04052734375 0.04055441478439425
0 0.802001953125 0.6922484599589322 0.04345703125 0.04260780287474333
0 0.767333984375 0.6873716632443532 0.041015625 0.039527720739219716
0 0.8173828125 0.7238193018480493 0.041015625 0.03747433264887064
0 0.782958984375 0.7207392197125256 0.03759765625 0.04260780287474333
0 0.7197265625 0.7376796714579056 0.04052734375 0.043121149897330596
0 0.76318359375 0.7746406570841889 0.03955078125 0.04568788501026694
0 0.812744140625 0.7892710472279261 0.0380859375 0.039527720739219716
0 0.75048828125 0.8113449691991786 0.0400390625 0.043634496919917866
0 0.72998046875 0.8400924024640657 0.04052734375 0.047741273100616016
0 0.746337890625 0.6583675564681725 0.0439453125 0.043634496919917866
0 0.722412109375 0.678388090349076 0.0361328125 0.039527720739219716
0 0.696044921875 0.702258726899384 0.04345703125 0.04568788501026694
0 0.66162109375 0.696611909650924 0.04052734375 0.04620123203285421
0 0.63134765625 0.7109856262833676 0.0361328125 0.04106776180698152
0 0.59912109375 0.7153490759753593 0.04248046875 0.04209445585215606
0 0.629638671875 0.7456365503080082 0.04248046875 0.04209445585215606
0 0.594482421875 0.7564168377823408 0.03857421875 0.03747433264887064
0 0.589599609375 0.7905544147843943 0.037109375 0.044661190965092405
0 0.68798828125 0.7507700205338809 0.03955078125 0.039014373716632446
0 0.6845703125 0.8275154004106776 0.0419921875 0.044661190965092405
0 0.669189453125 0.8739733059548255 0.03564453125 0.043121149897330596
0 0.65380859375 0.9063141683778234 0.0380859375 0.044147843942505136
0 0.728515625 0.5870123203285421 0.0390625 0.044147843942505136
0 0.702880859375 0.6093429158110883 0.03564453125 0.039527720739219716
0 0.6806640625 0.6352669404517454 0.0390625 0.04106776180698152
0 0.654541015625 0.6606776180698152 0.03662109375 0.039527720739219716
0 0.664794921875 0.6006160164271047 0.037109375 0.04055441478439425
0 0.656982421875 0.5659650924024641 0.0380859375 0.04055441478439425
0 0.591796875 0.5495379876796714 0.03515625 0.04055441478439425
0 0.594970703125 0.5867556468172485 0.03857421875 0.039014373716632446
0 0.563232421875 0.5754620123203286 0.03759765625 0.043121149897330596
0 0.5439453125 0.6016427104722792 0.037109375 0.04055441478439425
0 0.554931640625 0.6388603696098563 0.03759765625 0.04106776180698152
0 0.51904296875 0.6293634496919918 0.03955078125 0.04209445585215606
0 0.6064453125 0.6201232032854209 0.03955078125 0.04004106776180698
0 0.57666015625 0.6650410677618069 0.0380859375 0.04055441478439425
0 0.541259765625 0.6714579055441479 0.04443359375 0.04055441478439425
0 0.510498046875 0.6650410677618069 0.04541015625 0.045174537987679675
0 0.564697265625 0.7014887063655031 0.04248046875 0.04620123203285421
0 0.529052734375 0.7369096509240246 0.0400390625 0.04260780287474333
0 0.4990234375 0.7194558521560575 0.04052734375 0.04209445585215606
0 0.464599609375 0.7130390143737166 0.0390625 0.04106776180698152
0 0.4248046875 0.7017453798767967 0.0361328125 0.03696098562628337
0 0.490234375 0.5567248459958932 0.03515625 0.04106776180698152
0 0.461669921875 0.5741786447638604 0.03125 0.03696098562628337
0 0.449951171875 0.6095995893223819 0.03955078125 0.04004106776180698
0 0.435791015625 0.6365503080082136 0.0458984375 0.04722792607802875
0 0.528076171875 0.47638603696098564 0.03466796875 0.039527720739219716
0 0.543212890625 0.5082135523613963 0.04248046875 0.04004106776180698
0 0.697998046875 0.4471252566735113 0.037109375 0.038501026694045176
0 0.6474609375 0.49229979466119095 0.0439453125 0.04260780287474333
0 0.621826171875 0.8185318275154004 0.0390625 0.039527720739219716
0 0.5859375 0.8226386036960985 0.04541015625 0.044147843942505136
0 0.5576171875 0.800564681724846 0.04345703125 0.044147843942505136
0 0.52734375 0.7748973305954825 0.0419921875 0.044661190965092405
0 0.47509765625 0.7831108829568788 0.037109375 0.037987679671457907
0 0.44580078125 0.8072381930184805 0.041015625 0.044661190965092405
0 0.4658203125 0.7502566735112937 0.04296875 0.04722792607802875
0 0.399169921875 0.7276694045174538 0.04150390625 0.044661190965092405
0 0.389404296875 0.6940451745379876 0.0419921875 0.04260780287474333
0 0.33203125 0.7389630390143738 0.04052734375 0.04004106776180698
0 0.377197265625 0.7507700205338809 0.04296875 0.03747433264887064
0 0.41357421875 0.7643737166324436 0.0419921875 0.039014373716632446
0 0.369873046875 0.8128850102669405 0.03955078125 0.04106776180698152
0 0.342529296875 0.8359856262833676 0.0458984375 0.044147843942505136
0 0.40283203125 0.8259753593429158 0.041015625 0.039527720739219716
0 0.375732421875 0.8477926078028748 0.04150390625 0.04106776180698152
0 0.41357421875 0.8603696098562629 0.0419921875 0.037987679671457907
0 0.386962890625 0.8811601642710473 0.0419921875 0.043121149897330596
0 0.448486328125 0.87217659137577 0.03515625 0.04055441478439425
0 0.42138671875 0.8968172484599589 0.04296875 0.044147843942505136
0 0.427490234375 0.9322381930184805 0.0419921875 0.04671457905544148
0 0.491943359375 0.8732032854209446 0.033203125 0.03696098562628337
0 0.48974609375 0.9096509240246407 0.0390625 0.044147843942505136
0 0.535888671875 0.8660164271047228 0.04296875 0.04568788501026694
0 0.570556640625 0.8629363449691991 0.04150390625 0.04004106776180698
0 0.503173828125 0.9702258726899384 0.041015625 0.04158110882956879
0 0.280029296875 0.8518993839835729 0.0380859375 0.04158110882956879
0 0.3232421875 0.9024640657084189 0.0390625 0.043121149897330596
0 0.36083984375 0.9137577002053389 0.04638671875 0.045174537987679675