0 0.744873046875 0.3132056946489936 0.04052734375 0.039273441335297005
0 0.904541015625 0.5085910652920962 0.04150390625 0.04025527736867943
0 0.766845703125 0.23735886107020127 0.0419921875 0.040746195385370644
0 0.34521484375 0.12150220913107511 0.0400390625 0.041237113402061855
0 0.91796875 0.3593519882179676 0.04052734375 0.039764359351988215
0 0.459716796875 0.08247422680412371 0.04052734375 0.041237113402061855
0 0.6689453125 0.5598919980363279 0.041015625 0.039764359351988215
0 0.619384765625 0.5186548846342661 0.0400390625 0.039764359351988215
0 0.7880859375 0.36892488954344627 0.041015625 0.040746195385370644
0 0.802490234375 0.23122238586156113 0.041015625 0.041237113402061855
0 0.712158203125 0.5009818360333824 0.03955078125 0.039764359351988215
0 0.7568359375 0.3917525773195876 0.04052734375 0.04025527736867943
0 0.6748046875 0.3475699558173785 0.04052734375 0.039273441335297005
0 0.8759765625 0.34536082474226804 0.041015625 0.039764359351988215
0 0.777587890625 0.29872361315660284 0.04150390625 0.041237113402061855
0 0.72216796875 0.2854688267059401 0.04052734375 0.04025527736867943
0 0.613037109375 0.4317623956799215 0.0400390625 0.039273441335297005
0 0.68408203125 0.5925380461462936 0.0419921875 0.039273441335297005
0 0.182373046875 0.14678448699067256 0.041015625 0.041728031418753066
0 0.602294921875 0.48699067255768286 0.03955078125 0.039273441335297005
0 0.687744140625 0.6622484045164457 0.0400390625 0.038782523318605794
0 0.90966796875 0.4639175257731959 0.04052734375 0.039764359351988215
0 0.735107421875 0.5282277859597447 0.03955078125 0.03829160530191458
0 0.6015625 0.11438389788905252 0.041015625 0.041728031418753066
0 0.731201171875 0.23735886107020127 0.041015625 0.041728031418753066
0 0.651123046875 0.6462935689739814 0.03955078125 0.038782523318605794
0 0.634765625 0.0861561119293078 0.04248046875 0.04221894943544428
0 0.627685546875 0.5520373097692686 0.03955078125 0.03829160530191458
0 0.877685546875 0.5645557191948944 0.041015625 0.038782523318605794
0 0.7744140625 0.5157093765341189 0.041015625 0.039273441335297005
0 0.83251953125 0.5166912125675013 0.041015625 0.040746195385370644
0 0.535400390625 0.13843888070692195 0.04052734375 0.041237113402061855
0 0.76220703125 0.6710849288168875 0.04052734375 0.039764359351988215
0 0.728759765625 0.6573392243495336 0.0400390625 0.04025527736867943
0 0.290283203125 0.10873834069710359 0.0400390625 0.041237113402061855
0 0.755859375 0.6332842415316642 0.0400390625 0.039273441335297005
0 0.139892578125 0.24349533627884143 0.04052734375 0.041728031418753066
0 0.78662109375 0.5851742758959254 0.04052734375 0.039273441335297005
0 0.646484375 0.4945999018163967 0.03857421875 0.039273441335297005
0 0.7734375 0.7074128620520374 0.0400390625 0.039764359351988215
0 0.707763671875 0.6909671084928817 0.041015625 0.039764359351988215
0 0.788330078125 0.6190476190476191 0.041015625 0.039764359351988215
0 0.794677734375 0.6543937162493864 0.0400390625 0.038782523318605794
0 0.60546875 0.6030927835051546 0.0390625 0.03829160530191458
0 0.847900390625 0.5463917525773195 0.03955078125 0.03829160530191458
0 0.8505859375 0.6180657830142366 0.0400390625 0.038782523318605794
0 0.51171875 0.5176730486008837 0.0380859375 0.03829160530191458
0 0.49560546875 0.08468335787923417 0.0400390625 0.04025527736867943
0 0.8046875 0.49312714776632305 0.041015625 0.039273441335297005
0 0.22021484375 0.187039764359352 0.0419921875 0.04221894943544428
0 0.869140625 0.5179185076092293 0.04248046875 0.04025527736867943
0 0.3212890625 0.09327442317133039 0.03955078125 0.040746195385370644
0 0.435791015625 0.05375552282768778 0.04248046875 0.043691703485517916
0 0.5986328125 0.0783014236622484 0.041015625 0.040746195385370644
0 0.2119140625 0.2538046146293569 0.04150390625 0.04221894943544428
0 0.390380859375 0.47201767304860087 0.03955078125 0.038782523318605794
0 0.70361328125 0.07511045655375552 0.041015625 0.041237113402061855
0 0.213623046875 0.3640157093765341 0.0419921875 0.040746195385370644
0 0.200927734375 0.3237604320078547 0.04248046875 0.041237113402061855
0 0.3154296875 0.41212567501227293 0.0390625 0.038782523318605794
0 0.728515625 0.17010309278350516 0.0400390625 0.039764359351988215
0 0.922607421875 0.4268532155130093 0.0400390625 0.038782523318605794
0 0.119384765625 0.27196858124693174 0.03955078125 0.04025527736867943
0 0.404541015625 0.03632793323514973 0.03955078125 0.040746195385370644
0 0.547607421875 0.5618556701030928 0.0380859375 0.03829160530191458
0 0.639404296875 0.050073637702503684 0.04150390625 0.041237113402061855
0 0.746826171875 0.4950908198330879 0.0400390625 0.039273441335297005
0 0.22802734375 0.11094747177221403 0.04150390625 0.043200785468826705
0 0.88037109375 0.7201767304860088 0.041015625 0.038782523318605794
0 0.5439453125 0.6458026509572902 0.0390625 0.039764359351988215
0 0.429931640625 0.4425625920471281 0.0380859375 0.037800687285223365
0 0.653564453125 0.5282277859597447 0.04150390625 0.04025527736867943
0 0.92236328125 0.2920962199312715 0.04052734375 0.04025527736867943
0 0.09619140625 0.3021600392734413 0.0400390625 0.039764359351988215
0 0.274169921875 0.40893470790378006 0.03955078125 0.038782523318605794
0 0.47802734375 0.555473735886107 0.03955078125 0.038782523318605794
0 0.343994140625 0.4631811487481591 0.03857421875 0.038782523318605794
0 0.5126953125 0.5832106038291606 0.03857421875 0.038782523318605794
0 0.759521484375 0.7663230240549829 0.0390625 0.037309769268532154
0 0.167236328125 0.31467844869906725 0.03955078125 0.040746195385370644
0 0.94921875 0.6526755031909671 0.0400390625 0.039273441335297005
0 0.7763671875 0.5510554737358861 0.04443359375 0.043691703485517916
0 0.8193359375 0.46072655866470297 0.04638671875 0.041237113402061855
0 0.85400390625 0.44477172312223856 0.037109375 0.035346097201767304
0 0.821533203125 0.42513500245459007 0.0439453125 0.041237113402061855
0 0.856689453125 0.4111438389788905 0.041015625 0.039764359351988215
0 0.81884765625 0.3870888561610211 0.0390625 0.037309769268532154
0 0.78662109375 0.41310751104565535 0.0419921875 0.039273441335297005
0 0.8525390625 0.37187039764359353 0.044921875 0.039273441335297005
0 0.84375 0.3244968090328915 0.0458984375 0.045655375552282766
0 0.807373046875 0.31958762886597936 0.03857421875 0.03829160530191458
0 0.77392578125 0.33775159548355427 0.0439453125 0.037309769268532154
0 0.741943359375 0.3593519882179676 0.0478515625 0.043691703485517916
0 0.755126953125 0.4266077565046637 0.0390625 0.041237113402061855
0 0.720703125 0.437653411880216 0.0361328125 0.036818851251840944
0 0.701416015625 0.468826705940108 0.03564453125 0.039273441335297005
0 0.662109375 0.4648993618065783 0.0478515625 0.044673539518900345
0 0.62841796875 0.4631811487481591 0.04296875 0.039273441335297005
0 0.6875 0.5289641629847815 0.0419921875 0.037800687285223365
0 0.721435546875 0.4013254786450663 0.04150390625 0.037800687285223365
0 0.67041015625 0.40476190476190477 0.04296875 0.04221894943544428
0 0.6318359375 0.40427098674521356 0.03955078125 0.039764359351988215
0 0.6201171875 0.3789887088856161 0.044921875 0.037800687285223365
0 0.59130859375 0.4027982326951399 0.04150390625 0.039764359351988215
0 0.704345703125 0.3163966617574865 0.0400390625 0.037800687285223365
0 0.68115234375 0.28718703976435933 0.03662109375 0.037800687285223365
0 0.754150390625 0.27172312223858613 0.0439453125 0.037309769268532154
0 0.797119140625 0.2665684830633284 0.04052734375 0.037309769268532154
0 0.8671875 0.2552773686794305 0.04052734375 0.036818851251840944
0 0.8154296875 0.19391261659302897 0.04296875 0.039764359351988215
0 0.71337890625 0.2029945999018164 0.04443359375 0.041728031418753066
0 0.700927734375 0.25969563082965147 0.03857421875 0.037800687285223365
0 0.664306640625 0.25650466372115854 0.03955078125 0.03632793323514973
0 0.64208984375 0.28816887579774175 0.0439453125 0.039273441335297005
0 0.60888671875 0.2869415807560137 0.0400390625 0.036818851251840944
0 0.59716796875 0.3448699067255768 0.04150390625 0.039273441335297005
0 0.582275390625 0.3132056946489936 0.0439453125 0.04025527736867943
0 0.56591796875 0.2778595974472263 0.03857421875 0.037800687285223365
0 0.59326171875 0.25159548355424644 0.03759765625 0.036818851251840944
0 0.554931640625 0.24472263132056946 0.0361328125 0.03632793323514973
0 0.533447265625 0.27295041728031416 0.0400390625 0.036818851251840944
0 0.516845703125 0.33038782523318605 0.03759765625 0.037800687285223365
0 0.57373046875 0.5073637702503682 0.0419921875 0.039764359351988215
0 0.52490234375 0.4855179185076092 0.04345703125 0.037309769268532154
0 0.58740234375 0.45581737849779086 0.04150390625 0.037800687285223365
0 0.540283203125 0.4523809523809524 0.037109375 0.037800687285223365
0 0.5478515625 0.4008345606283751 0.0380859375 0.035837015218458515
0 0.53173828125 0.36720667648502703 0.03564453125 0.039764359351988215
0 0.502685546875 0.39936180657830145 0.0419921875 0.03829160530191458
0 0.472412109375 0.3900343642611684 0.04052734375 0.038782523318605794
0 0.44140625 0.3706431026018655 0.0439453125 0.04025527736867943
0 0.464599609375 0.35002454590083454 0.03857421875 0.037800687285223365
0 0.4345703125 0.33652430044182624 0.03857421875 0.037800687285223365
0 0.465576171875 0.3124693176239568 0.04443359375 0.037309769268532154
0 0.43603515625 0.29381443298969073 0.037109375 0.038782523318605794
0 0.48486328125 0.24644084437898872 0.0400390625 0.036818851251840944
0 0.520751953125 0.23981345115365735 0.04296875 0.039273441335297005
0 0.61865234375 0.22164948453608246 0.0390625 0.041728031418753066
0 0.581298828125 0.218213058419244 0.041015625 0.039764359351988215
0 0.545166015625 0.2108492881688758 0.04443359375 0.041237113402061855
0 0.614501953125 0.18654884634266078 0.037109375 0.035346097201767304
0 0.612060546875 0.15365733922434954 0.041015625 0.03632793323514973
0 0.649169921875 0.15783014236622483 0.04296875 0.038782523318605794
0 0.673828125 0.12960235640648013 0.03759765625 0.039273441335297005
0 0.63671875 0.12297496318114874 0.04150390625 0.040746195385370644
0 0.566162109375 0.11389297987236131 0.03759765625 0.037800687285223365
0 0.535400390625 0.0937653411880216 0.04296875 0.038782523318605794
0 0.575927734375 0.14727540500736377 0.04052734375 0.03829160530191458
0 0.543701171875 0.17059401080019637 0.03955078125 0.041237113402061855
0 0.510498046875 0.17795778105056456 0.0390625 0.037800687285223365
0 0.4970703125 0.21011291114383898 0.04052734375 0.040746195385370644
0 0.465087890625 0.2187039764359352 0.04345703125 0.045164457535591555
0 0.4423828125 0.19023073146784486 0.041015625 0.04025527736867943
0 0.42041015625 0.16102110947471773 0.0380859375 0.042709867452135494
0 0.4775390625 0.18335787923416788 0.04345703125 0.039764359351988215
0 0.507080078125 0.11831124202258222 0.0458984375 0.041237113402061855
0 0.467529296875 0.11855670103092783 0.03857421875 0.041728031418753066
0 0.4580078125 0.14997545409916543 0.03955078125 0.039764359351988215
0 0.43212890625 0.12592047128129602 0.0419921875 0.043200785468826705
0 0.425048828125 0.09106529209621993 0.04052734375 0.041237113402061855
0 0.45068359375 0.25773195876288657 0.0390625 0.042709867452135494
0 0.431396484375 0.23269513991163476 0.04736328125 0.043691703485517916
0 0.406982421875 0.203240058910162 0.04150390625 0.04221894943544428
0 0.36767578125 0.21477663230240548 0.04443359375 0.04025527736867943
0 0.382080078125 0.18041237113402062 0.046875 0.045164457535591555
0 0.350341796875 0.15807560137457044 0.0458984375 0.04221894943544428
0 0.378173828125 0.10677466863033873 0.03955078125 0.037800687285223365
0 0.39453125 0.07461953853706431 0.041015625 0.038782523318605794
0 0.383544921875 0.28325969563082964 0.04248046875 0.043691703485517916
0 0.361572265625 0.2540500736377025 0.04248046875 0.039273441335297005
0 0.419189453125 0.40770741286205203 0.0390625 0.03829160530191458
0 0.402587890625 0.37677957781050564 0.0380859375 0.035837015218458515
0 0.362548828125 0.37211585665193914 0.041015625 0.037309769268532154
0 0.3427734375 0.342906234658812 0.0380859375 0.037309769268532154
0 0.3193359375 0.3743249877270496 0.041015625 0.041237113402061855
0 0.3662109375 0.31541482572410406 0.03662109375 0.04025527736867943
0 0.32275390625 0.31050564555719196 0.041015625 0.041728031418753066
0 0.314453125 0.27515954835542467 0.037109375 0.039273441335297005
0 0.306640625 0.3397152675503191 0.04248046875 0.039273441335297005
0 0.269287109375 0.33603338242513503 0.0390625 0.044182621502209134
0 0.226318359375 0.28767795778105054 0.0390625 0.03829160530191458
0 0.191650390625 0.28448699067255767 0.04150390625 0.044673539518900345
0 0.177978515625 0.2508591065292096 0.04150390625 0.04221894943544428
0 0.27490234375 0.27344133529700543 0.04248046875 0.037800687285223365
0 0.306640625 0.20864015709376535 0.03857421875 0.037309769268532154
0 0.276123046875 0.19170348551791852 0.04052734375 0.038782523318605794
0 0.249755859375 0.16789396170839468 0.03857421875 0.03436426116838488
0 0.284912109375 0.15881197839960726 0.0380859375 0.03485517918507609
0 0.258056640625 0.12862052037309768 0.03955078125 0.040746195385370644
0 0.318115234375 0.17427589592538045 0.03857421875 0.03436426116838488
0 0.23779296875 0.22189494354442807 0.04052734375 0.033382425135002454
0 0.20068359375 0.22042218949435444 0.04248046875 0.043691703485517916
0 0.163818359375 0.21379479626902306 0.0380859375 0.039273441335297005
0 0.184814453125 0.18433971526755033 0.041015625 0.040746195385370644