0 0.658447265625 0.09057437407952872 0.04541015625 0.045655375552282766
0 0.900390625 0.677712322042219 0.04541015625 0.044673539518900345
0 0.331298828125 0.16224840451644576 0.04443359375 0.045164457535591555
0 0.66943359375 0.3438880706921944 0.04443359375 0.043691703485517916
0 0.60595703125 0.4101620029455081 0.0419921875 0.041728031418753066
0 0.599365234375 0.3495336278841433 0.04296875 0.043691703485517916
0 0.59619140625 0.24717722140402554 0.0439453125 0.043691703485517916
0 0.525146484375 0.5319096710849288 0.04296875 0.042709867452135494
0 0.606201171875 0.20937653411880217 0.04345703125 0.04221894943544428
0 0.6904296875 0.40427098674521356 0.0439453125 0.044182621502209134
0 0.798095703125 0.18384879725085912 0.04541015625 0.045655375552282766
0 0.4375 0.11855670103092783 0.0458984375 0.046637211585665195
0 0.8671875 0.3321060382916053 0.04541015625 0.044673539518900345
0 0.747314453125 0.49189985272459497 0.04345703125 0.042709867452135494
0 0.833740234375 0.3959253804614629 0.044921875 0.045164457535591555
0 0.5302734375 0.5886107020127639 0.04248046875 0.041728031418753066
0 0.731689453125 0.17280314187530682 0.04541015625 0.044182621502209134
0 0.834716796875 0.1723122238586156 0.04638671875 0.046146293568973984
0 0.718017578125 0.24030436917034856 0.04345703125 0.044182621502209134
0 0.55126953125 0.5567010309278351 0.0419921875 0.041728031418753066
0 0.77197265625 0.46759941089838 0.0439453125 0.043200785468826705
0 0.23046875 0.18433971526755033 0.04443359375 0.045164457535591555
0 0.88427734375 0.29995090819833087 0.0439453125 0.043200785468826705
0 0.405029296875 0.05228276877761414 0.044921875 0.044673539518900345
0 0.824462890625 0.6953853706431026 0.044921875 0.042709867452135494
0 0.68408203125 0.6575846833578792 0.0439453125 0.042709867452135494
0 0.576904296875 0.53240058910162 0.04248046875 0.041728031418753066
0 0.68310546875 0.11782032400589101 0.04443359375 0.045164457535591555
0 0.746337890625 0.5822287677957781 0.04296875 0.043200785468826705
0 0.773193359375 0.3703976435935199 0.04345703125 0.044182621502209134
0 0.64453125 0.7002945508100147 0.0439453125 0.042709867452135494
0 0.588134765625 0.1092292587137948 0.044921875 0.044673539518900345
0 0.654541015625 0.6350024545900834 0.04296875 0.041237113402061855
0 0.8486328125 0.3632793323514973 0.04541015625 0.044182621502209134
0 0.701904296875 0.1556210112911144 0.04443359375 0.043691703485517916
0 0.771484375 0.15733922434953362 0.04541015625 0.044182621502209134
0 0.769775390625 0.7297496318114874 0.04443359375 0.043200785468826705
0 0.619873046875 0.3070692194403535 0.04443359375 0.045164457535591555
0 0.86083984375 0.20225822287677958 0.046875 0.046146293568973984
0 0.73095703125 0.7356406480117821 0.04296875 0.041728031418753066
0 0.925048828125 0.7096219931271478 0.0458984375 0.043691703485517916
0 0.351806640625 0.11389297987236131 0.0439453125 0.044182621502209134
0 0.76318359375 0.19121256750122728 0.04736328125 0.047128129602356406
0 0.6923828125 0.30314187530682374 0.04443359375 0.044182621502209134
0 0.72314453125 0.46661757486499755 0.04443359375 0.044182621502209134
0 0.607421875 0.5984290623465881 0.0439453125 0.042709867452135494
0 0.548828125 0.6296023564064801 0.04248046875 0.041728031418753066
0 0.869140625 0.5341188021600393 0.0439453125 0.043200785468826705
0 0.160888671875 0.16102110947471773 0.04443359375 0.045164457535591555
0 0.618408203125 0.07167403043691703 0.04345703125 0.042709867452135494
0 0.92138671875 0.2960235640648012 0.04541015625 0.045655375552282766
0 0.798583984375 0.5328915071183112 0.0458984375 0.044182621502209134
0 0.900634765625 0.6197839960726559 0.044921875 0.042709867452135494
0 0.826904296875 0.4324987727049583 0.0439453125 0.043691703485517916
0 0.615966796875 0.632793323514973 0.0439453125 0.042709867452135494
0 0.897216796875 0.4113892979872361 0.0439453125 0.044182621502209134
0 0.67724609375 0.5913107511045655 0.04345703125 0.043691703485517916
0 0.196044921875 0.17255768286696122 0.04638671875 0.045655375552282766
0 0.359130859375 0.44010800196367206 0.0419921875 0.042709867452135494
0 0.848876953125 0.30289641629847813 0.04443359375 0.044182621502209134
0 0.66796875 0.5567010309278351 0.04345703125 0.043200785468826705
0 0.8115234375 0.36794305351006384 0.04541015625 0.045164457535591555
0 0.8310546875 0.8127147766323024 0.04443359375 0.043691703485517916
0 0.7724609375 0.7717231222385862 0.04443359375 0.042709867452135494
0 0.96630859375 0.5500736377025037 0.04443359375 0.043200785468826705
0 0.934814453125 0.5 0.04541015625 0.044673539518900345
0 0.169921875 0.29455081001472755 0.0458984375 0.045655375552282766
0 0.694580078125 0.49140893470790376 0.044921875 0.045164457535591555
0 0.8212890625 0.5996563573883161 0.04443359375 0.042709867452135494
0 0.813232421875 0.7827687776141384 0.0439453125 0.042709867452135494
0 0.4833984375 0.0586647029945999 0.044921875 0.045164457535591555
0 0.805419921875 0.5662739322533137 0.04443359375 0.04221894943544428
0 0.9208984375 0.6482572410407462 0.0458984375 0.044673539518900345
0 0.3701171875 0.14506627393225333 0.04638671875 0.045655375552282766
0 0.182373046875 0.2533136966126657 0.04541015625 0.045164457535591555
0 0.848876953125 0.6300932744231713 0.0458984375 0.043200785468826705
0 0.22802734375 0.10800196367206677 0.04638671875 0.044673539518900345
0 0.218505859375 0.14334806087383406 0.04541015625 0.045164457535591555
0 0.871826171875 0.7410407461953854 0.04345703125 0.042709867452135494
0 0.475341796875 0.5812469317623957 0.04248046875 0.041728031418753066
0 0.205078125 0.2852233676975945 0.04541015625 0.045164457535591555
0 0.650634765625 0.054491899852724596 0.04541015625 0.045164457535591555
0 0.79052734375 0.3382425135002455 0.0439453125 0.043691703485517916
0 0.968505859375 0.5117820324005891 0.044921875 0.043691703485517916
0 0.75634765625 0.8041237113402062 0.0439453125 0.043200785468826705
0 0.888671875 0.711340206185567 0.04443359375 0.043691703485517916
0 0.6171875 0.7233676975945017 0.04443359375 0.043200785468826705
0 0.953369140625 0.6320569464899362 0.044921875 0.043200785468826705
0 0.93408203125 0.5652920962199313 0.044921875 0.043200785468826705
0 0.259033203125 0.3794796269023073 0.04345703125 0.042709867452135494
0 0.795654296875 0.8136966126656848 0.0439453125 0.043200785468826705
0 0.79443359375 0.6622484045164457 0.04345703125 0.041728031418753066
0 0.260986328125 0.08689248895434462 0.04443359375 0.043691703485517916
0 0.74462890625 0.7049582719685813 0.044921875 0.043200785468826705
0 0.23681640625 0.26239567992145313 0.0439453125 0.043200785468826705
0 0.113525390625 0.26337751595483555 0.04638671875 0.045655375552282766
0 0.890380859375 0.7719685812469318 0.04443359375 0.042709867452135494
0 0.500732421875 0.028227785959744723 0.04296875 0.043691703485517916
0 0.87939453125 0.6485027000490918 0.04443359375 0.04221894943544428
0 0.3857421875 0.4695630829651448 0.04150390625 0.041728031418753066
0 0.250732421875 0.3124693176239568 0.0458984375 0.045164457535591555
0 0.569091796875 0.47692685321551304 0.04296875 0.04221894943544428
0 0.861083984375 0.7925871379479626 0.04443359375 0.043691703485517916
0 0.907470703125 0.7410407461953854 0.04541015625 0.042709867452135494
0 0.69091796875 0.6239567992145312 0.0439453125 0.039273441335297005
0 0.6416015625 0.6006381934216986 0.04541015625 0.045164457535591555
0 0.61083984375 0.5427098674521355 0.04296875 0.041237113402061855
0 0.702392578125 0.5564555719194895 0.04443359375 0.041237113402061855
0 0.771484375 0.5584192439862543 0.04345703125 0.039273441335297005
0 0.8330078125 0.531173294059892 0.05029296875 0.048109965635738834
0 0.935546875 0.4648993618065783 0.04541015625 0.04221894943544428
0 0.90380859375 0.44403534609720174 0.04248046875 0.038782523318605794
0 0.838623046875 0.4646539027982327 0.041015625 0.039273441335297005
0 0.783447265625 0.502454590083456 0.046875 0.040746195385370644
0 0.719482421875 0.5166912125675013 0.0390625 0.04221894943544428
0 0.6728515625 0.4641629847815415 0.04931640625 0.043200785468826705
0 0.63720703125 0.47177221404025527 0.0439453125 0.039273441335297005
0 0.62646484375 0.43937162493863524 0.0498046875 0.046637211585665195
0 0.78955078125 0.43495336278841434 0.0439453125 0.041728031418753066
0 0.747802734375 0.44059891998036327 0.0390625 0.039273441335297005
0 0.724853515625 0.41507118311242025 0.04443359375 0.045655375552282766
0 0.700439453125 0.43937162493863524 0.0478515625 0.043691703485517916
0 0.64501953125 0.4062346588119784 0.041015625 0.038782523318605794
0 0.625244140625 0.3750613647520864 0.04296875 0.039764359351988215
0 0.63232421875 0.3404516445753559 0.04052734375 0.039764359351988215
0 0.7060546875 0.37334315169366716 0.04443359375 0.045164457535591555
0 0.7978515625 0.39887088856161024 0.0439453125 0.043691703485517916
0 0.738037109375 0.35002454590083454 0.0498046875 0.044673539518900345
0 0.896240234375 0.37236131566028474 0.044921875 0.04025527736867943
0 0.845703125 0.23637702503681884 0.03955078125 0.04025527736867943
0 0.826904296875 0.20888561610211095 0.0439453125 0.040746195385370644
0 0.788330078125 0.21674030436917036 0.0458984375 0.04221894943544428
0 0.75244140625 0.2268041237113402 0.048828125 0.044673539518900345
0 0.656494140625 0.27859597447226314 0.0439453125 0.04025527736867943
0 0.662841796875 0.24153166421207659 0.0478515625 0.043691703485517916
0 0.59326171875 0.4997545409916544 0.04248046875 0.04025527736867943
0 0.552978515625 0.506872852233677 0.0439453125 0.045164457535591555
0 0.50390625 0.5616102110947472 0.0419921875 0.045655375552282766
0 0.5 0.509327442317133 0.04150390625 0.040746195385370644
0 0.484375 0.46269023073146787 0.041015625 0.04025527736867943
0 0.519287109375 0.4523809523809524 0.04248046875 0.03829160530191458
0 0.532470703125 0.41875306823760433 0.03955078125 0.040746195385370644
0 0.568115234375 0.4162984781541483 0.04296875 0.041237113402061855
0 0.54736328125 0.38463426607756507 0.04296875 0.040746195385370644
0 0.583251953125 0.38095238095238093 0.0439453125 0.04025527736867943
0 0.563720703125 0.35272459499263625 0.04443359375 0.039764359351988215
0 0.538818359375 0.33038782523318605 0.04345703125 0.04221894943544428
0 0.552734375 0.29504172803141876 0.04150390625 0.043691703485517916
0 0.56298828125 0.2604320078546883 0.05029296875 0.045164457535591555
0 0.54296875 0.23146784486990674 0.04345703125 0.043200785468826705
0 0.620849609375 0.2702503681885125 0.0439453125 0.04221894943544428
0 0.630615234375 0.23662248404516445 0.03759765625 0.041728031418753066
0 0.578125 0.1791850760922926 0.044921875 0.045655375552282766
0 0.592041015625 0.14383897889052527 0.046875 0.043200785468826705
0 0.559326171875 0.13917525773195877 0.0439453125 0.039764359351988215
0 0.54248046875 0.17353951890034364 0.04248046875 0.043200785468826705
0 0.626953125 0.14261168384879724 0.0439453125 0.042709867452135494
0 0.624267578125 0.10849288168875798 0.046875 0.040746195385370644
0 0.5537109375 0.10063819342169858 0.044921875 0.043200785468826705
0 0.490966796875 0.2761413843888071 0.0458984375 0.042709867452135494
0 0.4736328125 0.24619538537064312 0.041015625 0.041728031418753066
0 0.5068359375 0.24324987727049582 0.04296875 0.044673539518900345
0 0.489990234375 0.21207658321060383 0.0439453125 0.043691703485517916
0 0.464599609375 0.187039764359352 0.044921875 0.045655375552282766
0 0.43701171875 0.16543937162493863 0.0419921875 0.044182621502209134
0 0.407958984375 0.14752086401570938 0.041015625 0.037309769268532154
0 0.482666015625 0.12199312714776632 0.041015625 0.041237113402061855
0 0.46044921875 0.09180166912125676 0.04443359375 0.044673539518900345
0 0.464599609375 0.4027982326951399 0.041015625 0.039273441335297005
0 0.4189453125 0.4482081492390771 0.044921875 0.039273441335297005
0 0.4306640625 0.41335297005400096 0.04541015625 0.041728031418753066
0 0.439697265625 0.3784977908689249 0.04150390625 0.04025527736867943
0 0.41845703125 0.35149729995090817 0.04052734375 0.03485517918507609
0 0.481201171875 0.36917034855179187 0.0458984375 0.039273441335297005
0 0.40234375 0.39273441335297005 0.04736328125 0.04958271968581247
0 0.364990234375 0.39960726558664705 0.0439453125 0.045164457535591555
0 0.33056640625 0.38807069219440354 0.04541015625 0.044182621502209134
0 0.349853515625 0.3559155621011291 0.0478515625 0.046146293568973984
0 0.316650390625 0.34118802160039274 0.041015625 0.046637211585665195
0 0.38623046875 0.2918507609229259 0.04541015625 0.042709867452135494
0 0.350341796875 0.28743249877270494 0.04296875 0.046146293568973984
0 0.44677734375 0.27221404025527735 0.04052734375 0.039764359351988215
0 0.423095703125 0.24570446735395188 0.03955078125 0.041237113402061855
0 0.3974609375 0.22238586156111928 0.044921875 0.043691703485517916
0 0.38818359375 0.25822287677957784 0.044921875 0.043691703485517916
0 0.359619140625 0.218213058419244 0.044921875 0.045164457535591555
0 0.397216796875 0.18065783014236622 0.04150390625 0.04221894943544428
0 0.359130859375 0.1791850760922926 0.0439453125 0.044673539518900345
0 0.3291015625 0.19906725576828668 0.04052734375 0.041728031418753066
0 0.328125 0.23539518900343642 0.04296875 0.044673539518900345
0 0.29541015625 0.21747668139420717 0.044921875 0.040746195385370644
0 0.26708984375 0.19464899361806579 0.048828125 0.043691703485517916
0 0.21142578125 0.32007854688267057 0.04638671875 0.041728031418753066
0 0.4208984375 0.08762886597938144 0.04541015625 0.045164457535591555