0 0.3158512828125 0.6162586531249999 0.3033217953125 0.6348336531250001 0.3254666671875 0.6236884609375 0.340908975 0.6348336531250001 0.3397435890625 0.6173509609375001 0.3627628203125 0.60533173125 0.3414923078125 0.60708076875 0.3353730765625 0.5895980765625 0.3237179484375 0.60576923125 0.3024474359375 0.6016173078125 0.3158512828125 0.6162586531249999
0 0.5664333328125 0.5013115390625 0.553903846875 0.4925701921875 0.565558975 0.477709615625 0.5448717953125 0.4864509609375 0.5297205125 0.47180961562499996 0.5355474359375 0.490384615625 0.51456923125 0.49759615312500005 0.534965384375 0.4982519234375 0.5378782046875 0.5148605765625 0.5480769234375 0.5 0.5664333328125 0.5013115390625
0 0.3059435890625 0.4252625 0.29866025625 0.4379375 0.27768076875 0.440777884375 0.293415384375 0.44908173125 0.2884615390625 0.46372403906250004 0.307108975 0.45410865312500004 0.3234269234375 0.46197596093750004 0.3170166671875 0.447552884375 0.3342076921875 0.43728173124999997 0.3149769234375 0.4396855765625 0.3059435890625 0.4252625
0 0.47552435937500004 0.3575173078125 0.4749423078125 0.3708480765625 0.4848487171875 0.359702884375 0.5069935890624999 0.36298076875 0.4932987171875 0.353147115625 0.5017487171874999 0.339816346875 0.4848487171875 0.346153846875 0.4699884609375 0.33544615312500004 0.474358975 0.34899519218749997 0.45425384687500003 0.35423942343750003 0.47552435937500004 0.3575173078125
0 0.19318205156249998 0.3315125 0.1824012828125 0.34593557656249996 0.164335896875 0.34484230781249997 0.17540769218750002 0.35620673125 0.164335896875 0.36844423125 0.18822820468749998 0.3612326921875 0.20133974375000002 0.3708480765625 0.19930128281249998 0.35533173125 0.2153269234375 0.34877596093749996 0.19842692343749999 0.3483394234375 0.19318205156249998 0.3315125
0 0.1739512828125 0.5214163468749999 0.17162051250000002 0.5391173078125 0.1500576921875 0.5447990390624999 0.1692884609375 0.5476394234375 0.16958076875 0.5616259609375 0.1850230765625 0.5480769234375 0.20512820468749998 0.553102884375 0.1923076921875 0.540209615625 0.2060025640625 0.527753846875 0.18648076875 0.534091346875 0.1739512828125 0.5214163468749999
0 0.6095576921875 0.22290192343749998 0.6118884609374999 0.23623269218749998 0.5882871796875 0.23972884687499998 0.609265384375 0.24431826874999998 0.608974359375 0.25764903906250003 0.6177153843750001 0.247158653125 0.6375294874999999 0.2515298078125 0.625291025 0.2395105765625 0.636364103125 0.23011346093750001 0.6206294875 0.2336105765625 0.6095576921875 0.22290192343749998
0 0.7322256406250001 0.565122115625 0.7435897437500001 0.5795451921875 0.7453384609375 0.5640298078125 0.7654423078125 0.5566 0.7467948718749999 0.5524471156249999 0.7435897437500001 0.5369317312499999 0.7322256406250001 0.5502625 0.712994871875 0.5443615390625001 0.724358975 0.55638076875 0.7115384609375 0.5703673078125 0.7322256406250001 0.565122115625
0 0.6934730765625 0.3518355765625 0.708624359375 0.359047115625 0.7033794875 0.373033653125 0.7199884609375 0.365166346875 0.7313525640625 0.37390769218750003 0.7278551281250001 0.3614509609375 0.741258975 0.352709615625 0.7249423078125 0.353147115625 0.721153846875 0.34112788437499997 0.715034615625 0.353147115625 0.6934730765625 0.3518355765625
0 0.808275640625 0.402316346875 0.8129371796875 0.41870673125 0.8213871796875001 0.40515769218750003 0.840034615625 0.4040644234375 0.8222615390625 0.3944490390625 0.832458975 0.3817740390625 0.8146858968749999 0.391608653125 0.7972025640625 0.38111923124999997 0.8021564109374999 0.3948865390625 0.7875871796875 0.40384615312500005 0.808275640625 0.402316346875
0 0.8846153843750001 0.265734615625 0.8846153843750001 0.2816875 0.8924820515624999 0.268575 0.9128782046874999 0.27076057656249997 0.9009320515624999 0.2622375 0.9067602562499999 0.2517480765625 0.8933564109375001 0.25611923124999997 0.8805358968749999 0.246066346875 0.8828666671875001 0.258959615625 0.866841025 0.26245673125 0.8846153843750001 0.265734615625
0 0.627914103125 0.7449740390625 0.613053846875 0.7613634609375 0.634615384375 0.7567740390625 0.6480192312499999 0.7711971156249999 0.64831025625 0.753715384375 0.6748256406250001 0.747596153125 0.65268076875 0.741696153125 0.6523897437499999 0.722465384375 0.6404423078125 0.733391346875 0.6203384609375 0.7290211531249999 0.627914103125 0.7449740390625
0 0.19930128281249998 0.7956730765625 0.1949294875 0.8173076921875 0.2121217953125 0.8022288468750001 0.2348487171875 0.810096153125 0.22639871718750001 0.7913028843750001 0.24679487187500002 0.777316346875 0.221444871875 0.784965384375 0.2121217953125 0.765515384375 0.202214103125 0.78824326875 0.1797782046875 0.7899913468750001 0.19930128281249998 0.7956730765625