0 0.646567328125 0.6168240453125 0.6375052234374999 0.63297854375 0.6168615749999999 0.6275624921875 0.6374439749999999 0.6433963703125001 0.63326045625 0.66041109375 0.650403503125 0.65211675 0.670276603125 0.6669380390625 0.6611629812500001 0.6464695125000001 0.6769056359375 0.6343781546875 0.655237296875 0.634773415625 0.646567328125 0.6168240453125
0 0.46586936874999996 0.4922068046875 0.48606953124999996 0.495102753125 0.466662303125 0.484357946875 0.4756262171875 0.467076978125 0.4581626734375 0.4788648953125 0.4393076984375 0.46666405937500005 0.448205246875 0.4833227625 0.4343481921875 0.4897555859375 0.45265347343749995 0.4916515296875 0.4601167390625 0.5080573296875001 0.46586936874999996 0.4922068046875
0 0.6893107515625 0.48012439687499997 0.680493340625 0.493215225 0.6979295249999999 0.4883010203125 0.7146239703124999 0.5010084203125 0.7122879953125001 0.4857283359375 0.729225515625 0.48028293125 0.70905798125 0.4738426484375 0.7040862890625 0.46009547343749996 0.69268565 0.4727308078125 0.6741644625000001 0.4670240953125 0.6893107515625 0.48012439687499997
0 0.558130071875 0.3431575453125 0.5416362046875001 0.35112210781250003 0.5260934484375 0.341946234375 0.5321002109374999 0.35654180625 0.5169057984375 0.363847975 0.5392834390625 0.3644653046875 0.54710400625 0.37716140781249996 0.5488456609375 0.363932090625 0.570362225 0.364397590625 0.551473190625 0.3557418125 0.558130071875 0.3431575453125
0 0.8212518093750001 0.4097453515625 0.81654993125 0.42467199375 0.8311319718749999 0.4174794828125 0.85340903125 0.42873031875 0.8446304609374999 0.41475613750000007 0.8575074609375 0.40548696093750003 0.8395266859375001 0.40342659999999997 0.8314142421874999 0.38735058125 0.8233270859375 0.403011103125 0.80660803125 0.4005063546875 0.8212518093750001 0.4097453515625
0 0.79603544375 0.59302895 0.7811708109375 0.6035000828125 0.8018432453125 0.6020416953125001 0.814698184375 0.6180664218749999 0.8174147890624999 0.6043431296875 0.8368466265625001 0.604885284375 0.8165980156250001 0.595545528125 0.8173763953125001 0.57770875 0.8028362687499999 0.5880154656250001 0.78471155 0.578384321875 0.79603544375 0.59302895
0 0.421845940625 0.2217114375 0.407706290625 0.2314228828125 0.427978415625 0.23055881875 0.43476500937500007 0.2424076953125 0.43679326874999996 0.22922891406249998 0.45824971249999996 0.2283520421875 0.43561408906250004 0.2208106828125 0.44022431093750003 0.208087171875 0.4274611828125 0.2167105390625 0.4125728796875 0.210534265625 0.421845940625 0.2217114375
0 0.2825376984375 0.506701415625 0.262574396875 0.5091733406250001 0.2536978046875 0.49407174062500003 0.24784715 0.508794846875 0.2287618703125 0.5096465453125 0.24727012187500003 0.520454475 0.2462980546875 0.53603780625 0.2599940515625 0.5238072046875 0.279456128125 0.5325650015625001 0.2692591234375 0.516564690625 0.2825376984375 0.506701415625
0 0.3039758078125 0.31631731875 0.2879829984375 0.31305310625 0.2996652921875 0.32398920468750003 0.2940579 0.3356493671875 0.30676727656249997 0.329014178125 0.321757778125 0.3396460796875 0.31902132499999997 0.3249612671875 0.33519469687500003 0.3204902796875 0.3137329796875 0.318037771875 0.3097938296875 0.30513854687499997 0.3039758078125 0.31631731875
0 0.2279560390625 0.3313166140625 0.2089168484375 0.33861072812500004 0.193121546875 0.3258392625 0.2009630703125 0.340092465625 0.1817903125 0.346475509375 0.1999646078125 0.3507902625 0.2059334671875 0.36560078749999997 0.21337034687499998 0.35026887812499996 0.23347885625 0.35536795625 0.220686784375 0.3440145390625 0.2279560390625 0.3313166140625
0 0.1693404140625 0.1838448046875 0.1549690078125 0.1915187046875 0.14252784062499999 0.184886403125 0.1464460328125 0.1962285265625 0.1332013515625 0.20254769062500003 0.1536671625 0.20393707343749998 0.1591373546875 0.218216396875 0.1619075453125 0.202505871875 0.1799810703125 0.202364271875 0.1648061609375 0.1961374609375 0.1693404140625 0.1838448046875
0 0.311294690625 0.692623434375 0.3076686984375 0.7115115078125 0.2848357328125 0.7134764578125 0.3098856953125 0.724107071875 0.307136628125 0.7413737515625 0.32284138125 0.7294973484375 0.34327840625 0.73776116875 0.3314899046875 0.7190402828125 0.3417206453125 0.704645253125 0.32116334375 0.7054580578125 0.311294690625 0.692623434375
0 0.7373984250000001 0.8114711343750001 0.7248395296875 0.8290067109375 0.7012028953125 0.817071896875 0.71886045 0.8343877031250001 0.7072754078125 0.8514281328125 0.7310232 0.8476268375 0.745335903125 0.8654620140624999 0.7447873375 0.843396921875 0.7650004375 0.8411916578125 0.7432089421875 0.835574184375 0.7373984250000001 0.8114711343750001