0 0.2927331171875 0.5529259734374999 0.3031556734375 0.568864934375 0.308332928125 0.5521257984375 0.3341305390625 0.5491542359375 0.31364600625 0.5431644328125 0.314198446875 0.524649996875 0.297522225 0.535570246875 0.27915240625000004 0.524071421875 0.2864189875 0.5425438046875 0.26806501875 0.5553948937500001 0.2927331171875 0.5529259734374999
0 0.5691927359375 0.50268436875 0.546746971875 0.5034314953125001 0.53784901875 0.48433288750000003 0.5366322359375 0.5037623265625 0.5144630109375 0.5029769609375 0.533269453125 0.510898503125 0.5300367968749999 0.527447878125 0.544883675 0.5172292281249999 0.5615508453125 0.5250320046875 0.55298618125 0.5123810875 0.5691927359375 0.50268436875
0 0.31367042500000003 0.3650393046875 0.325384121875 0.3784303953125 0.315511975 0.39032486875 0.336366703125 0.388030775 0.348781428125 0.4012233703125 0.34796570781249997 0.3854610375 0.3676957640625 0.382032803125 0.34888083281250004 0.37738529375 0.3456162578125 0.360682934375 0.33427436718750003 0.369905953125 0.31367042500000003 0.3650393046875
0 0.5361330484375 0.36359162500000003 0.555632378125 0.37458780625 0.54637118125 0.360499496875 0.5590372546875 0.3510823609375 0.5409885890624999 0.350942509375 0.5309526390625 0.335620575 0.530177325 0.3498359453125 0.50952820625 0.3475268234375 0.5282112515625 0.3582096625 0.5228905390625 0.37044641875 0.5361330484375 0.36359162500000003
0 0.24223410781250002 0.234856559375 0.2484978734375 0.2494339390625 0.23377593437500002 0.256890853125 0.258665709375 0.2587205390625 0.267460540625 0.272396028125 0.27111803437500004 0.257179753125 0.2884286359375 0.256802490625 0.27280756875 0.2503385296875 0.27394128906250004 0.2327496484375 0.25870780625 0.24235126875000002 0.24223410781250002 0.234856559375
0 0.157246171875 0.4164153984375 0.1741817375 0.42595881718750006 0.1694423046875 0.43912112812500004 0.18871448125 0.432006040625 0.2056830921875 0.4439032125 0.198334646875 0.4272718484375 0.21558365937500001 0.420551190625 0.1950873359375 0.4194717703125 0.1879323671875 0.40314847187499997 0.1794129484375 0.41883846875 0.157246171875 0.4164153984375
0 0.675696021875 0.2886552421875 0.6936361625 0.3004577515625 0.6885871453125 0.3127988046875 0.7005070140625 0.3061376890625 0.717438590625 0.317319253125 0.710320309375 0.30171246093750004 0.7240255437500001 0.296907734375 0.708082759375 0.29453379062499996 0.7015839859375 0.280568625 0.6989826265625 0.29384924218749997 0.675696021875 0.2886552421875
0 0.7060969546875 0.6476984171875 0.7275281171875 0.6479666671875 0.7116074968749999 0.6374069734375001 0.7141754687499999 0.6217734984375001 0.6987888437499999 0.6301463125 0.6829500890625 0.6177456 0.6892520875 0.6330390484375 0.6722707781249999 0.6415021453125 0.6934636328125 0.6440189593750001 0.69890416875 0.6615565921875 0.7060969546875 0.6476984171875
0 0.735371778125 0.45435139375 0.75369698125 0.45295875468749996 0.7611736671875 0.4651920328125 0.7623726234375 0.4523093046875 0.778018809375 0.4489520640625 0.762629103125 0.4435131359375 0.7633995765625 0.430934553125 0.753379475 0.4399625359375 0.7337200578124999 0.43101114375 0.7452806140625 0.44317342968749995 0.735371778125 0.45435139375
0 0.8340292234375 0.5266319421875 0.8518298968750001 0.53229393125 0.838683146875 0.5169478953125 0.8527455875 0.5087691984375 0.832628578125 0.5115813 0.820065553125 0.4955231140625 0.81975660625 0.510151303125 0.8029442187500001 0.5132946781250001 0.8228067937500001 0.5192805625 0.821284928125 0.5362528515625 0.8340292234375 0.5266319421875
0 0.9493488640625 0.4245991375 0.967607071875 0.43394887656250003 0.959508775 0.42171078125 0.9687089468750001 0.414006703125 0.954628896875 0.41328401875000004 0.946262546875 0.39930438125 0.943817975 0.4121765578125 0.9276034953125001 0.40969832031250003 0.9430225999999999 0.41912824843749996 0.937305596875 0.43402155000000003 0.9493488640625 0.4245991375
0 0.5336547015625001 0.78796105625 0.540999503125 0.8062296671875 0.547536090625 0.790013359375 0.5744832703125 0.793802828125 0.555923621875 0.7803586921875 0.56254361875 0.7623009281249999 0.5474742109374999 0.768219615625 0.530271790625 0.7569351140625 0.531627259375 0.7745432828125 0.5118805703125 0.7845186859375 0.5336547015625001 0.78796105625
0 0.12293341093750002 0.6789886140625 0.1413314296875 0.694477978125 0.1401775796875 0.673904740625 0.1642313578125 0.6681565109375 0.1378239234375 0.666212875 0.1360903390625 0.6447136437500001 0.11869576562499999 0.662381353125 0.0971235953125 0.6559730171875 0.11331380937499999 0.6682738140625 0.10147923437499999 0.6869047562499999 0.12293341093750002 0.6789886140625