1 0.796875 0.325 0.0375 0.0453125
1 0.81640625 0.37578125 0.0375 0.040625
1 0.7453125 0.34453125 0.034375 0.0390625
1 0.6859375 0.33671875 0.0328125 0.0421875
1 0.68828125 0.3734375 0.034375 0.0421875
1 0.7125 0.3890625 0.03125 0.034375
1 0.76015625 0.41796875 0.0359375 0.046875
1 0.71953125 0.459375 0.0296875 0.0390625
1 0.690625 0.44453125 0.0328125 0.0359375
1 0.67734375 0.465625 0.0265625 0.0359375
1 0.64296875 0.4140625 0.03125 0.040625
1 0.62265625 0.4265625 0.0375 0.0453125
1 0.51640625 0.44453125 0.0375 0.0484375
1 0.578125 0.475 0.025 0.0390625
1 0.565625 0.48984375 0.034375 0.0484375
1 0.5359375 0.51953125 0.034375 0.0453125
1 0.54765625 0.5453125 0.0359375 0.0453125
1 0.5109375 0.5609375 0.0328125 0.040625
1 0.51953125 0.61171875 0.03125 0.0375
1 0.71953125 0.53046875 0.0328125 0.0375
1 0.7515625 0.4875 0.03125 0.0421875
1 0.77109375 0.475 0.034375 0.0421875
1 0.79375 0.465625 0.03125 0.034375
1 0.7984375 0.4390625 0.03125 0.0359375
1 0.7671875 0.44375 0.0390625 0.0390625
1 0.74296875 0.453125 0.0296875 0.0390625
1 0.73203125 0.4734375 0.028125 0.0390625
1 0.7359375 0.50703125 0.028125 0.0375
1 0.715625 0.4984375 0.028125 0.0421875
1 0.6984375 0.471875 0.028125 0.0359375
1 0.69375 0.49375 0.0265625 0.0390625
1 0.675 0.48984375 0.0265625 0.040625
1 0.653125 0.48515625 0.03125 0.0421875
1 0.62578125 0.47421875 0.03125 0.0375
1 0.5984375 0.4921875 0.0296875 0.034375
1 0.59296875 0.51640625 0.0296875 0.0421875
1 0.61484375 0.515625 0.0296875 0.0375
1 0.628125 0.4984375 0.028125 0.03125
1 0.6390625 0.51640625 0.028125 0.0390625
1 0.66171875 0.51640625 0.03125 0.034375
1 0.6515625 0.54140625 0.0328125 0.0296875
1 0.62421875 0.5765625 0.028125 0.040625
1 0.6421875 0.56015625 0.0375 0.0375
1 0.60234375 0.590625 0.03125 0.040625
1 0.64453125 0.5890625 0.0328125 0.0390625
1 0.66875 0.60625 0.0296875 0.0375
1 0.6484375 0.6140625 0.03125 0.0328125
1 0.61875 0.6515625 0.0296875 0.0328125
1 0.59921875 0.65234375 0.028125 0.0359375
1 0.57578125 0.6546875 0.034375 0.040625
1 0.6828125 0.62734375 0.03125 0.0359375
1 0.7390625 0.55 0.0328125 0.0375
1 0.7625 0.56171875 0.03125 0.0375
1 0.675 0.65234375 0.0359375 0.0390625
1 0.63125 0.67578125 0.034375 0.0359375
1 0.60625 0.675 0.0296875 0.0359375
1 0.63203125 0.70625 0.028125 0.0359375
1 0.8125 0.5328125 0.034375 0.0390625
1 0.828125 0.51484375 0.0328125 0.0390625
1 0.846875 0.49296875 0.0328125 0.0421875
1 0.87578125 0.49609375 0.0328125 0.0421875
1 0.91328125 0.5671875 0.034375 0.040625
1 0.9203125 0.53984375 0.0328125 0.0390625
1 0.89375 0.57109375 0.0265625 0.0390625
1 0.87421875 0.56015625 0.0328125 0.046875
1 0.8484375 0.55859375 0.028125 0.034375
1 0.82890625 0.54609375 0.03125 0.0375
1 0.8015625 0.665625 0.034375 0.0390625
1 0.81640625 0.68359375 0.03125 0.0359375
1 0.78984375 0.68515625 0.028125 0.040625
1 0.7375 0.68125 0.03125 0.04375
1 0.6828125 0.70234375 0.03125 0.04375
1 0.696875 0.725 0.0328125 0.034375
1 0.7203125 0.74296875 0.0328125 0.034375
1 0.74296875 0.75703125 0.0265625 0.0390625
1 0.78125 0.7375 0.028125 0.0390625
1 0.7625 0.7484375 0.028125 0.0421875
1 0.77109375 0.7703125 0.034375 0.0375
1 0.784375 0.7953125 0.0359375 0.0390625
1 0.721875 0.76953125 0.0296875 0.0359375
1 0.7046875 0.78203125 0.0328125 0.0390625
1 0.71484375 0.80078125 0.0296875 0.034375
1 0.69375 0.81875 0.028125 0.034375
1 0.640625 0.86328125 0.0296875 0.0328125
1 0.6546875 0.88359375 0.0296875 0.0375
1 0.6734375 0.87265625 0.028125 0.04375
1 0.5859375 0.72265625 0.0296875 0.0359375
1 0.55703125 0.703125 0.03125 0.0421875
1 0.5265625 0.6953125 0.03125 0.0390625
1 0.5109375 0.67734375 0.0296875 0.0375
1 0.5203125 0.72109375 0.0296875 0.0421875
1 0.5421875 0.7125 0.0296875 0.0390625
1 0.5484375 0.7359375 0.0328125 0.0375
1 0.56953125 0.7328125 0.028125 0.0375
1 0.58671875 0.74765625 0.034375 0.0390625
1 0.5375 0.7609375 0.028125 0.0375
1 0.525 0.7796875 0.0328125 0.0375
1 0.55703125 0.80625 0.0296875 0.0359375
1 0.521875 0.8078125 0.0328125 0.0375
1 0.57578125 0.83984375 0.0328125 0.040625
1 0.52578125 0.87890625 0.0359375 0.0375
1 0.60078125 0.9046875 0.0296875 0.0390625
1 0.57890625 0.90859375 0.03125 0.040625
1 0.4578125 0.87578125 0.0328125 0.0375
1 0.46484375 0.84921875 0.03125 0.0359375
1 0.45234375 0.79140625 0.034375 0.0421875
1 0.47890625 0.74140625 0.03125 0.040625
1 0.85703125 0.63125 0.034375 0.0359375
1 0.878125 0.64296875 0.03125 0.034375
1 0.875 0.6671875 0.0375 0.0375
1 0.91328125 0.43359375 0.03125 0.0375
1 0.8609375 0.42109375 0.0375 0.0453125
1 0.846875 0.4015625 0.0296875 0.0375
1 0.8234375 0.40078125 0.0328125 0.0390625
1 0.84296875 0.3734375 0.0328125 0.040625
1 0.86328125 0.33203125 0.03125 0.0375
1 0.86640625 0.30546875 0.0359375 0.0390625
1 0.85234375 0.28515625 0.03125 0.0375
1 0.9140625 0.315625 0.0359375 0.040625
1 0.92109375 0.34609375 0.0375 0.0390625
1 0.7984375 0.27734375 0.03125 0.04375
1 0.78125 0.2921875 0.034375 0.04375
1 0.73046875 0.19296875 0.0375 0.0421875
1 0.7 0.253125 0.0359375 0.04375
1 0.7109375 0.2765625 0.0359375 0.0375
1 0.80625 0.14375 0.0359375 0.040625
1 0.828125 0.1546875 0.034375 0.040625
1 0.82265625 0.18125 0.034375 0.0359375
1 0.89609375 0.134375 0.03125 0.0421875
1 0.878125 0.2125 0.034375 0.0453125
1 0.9140625 0.2625 0.0375 0.0421875
1 0.88125 0.0109375 0.034375 0.021875
1 0.88203125 0.028125 0.0390625 0.0328125
1 0.90390625 0.03828125 0.0359375 0.0484375
1 0.42421875 0.58671875 0.0390625 0.0484375
1 0.41640625 0.646875 0.0359375 0.0484375
1 0.4203125 0.6796875 0.0421875 0.040625
1 0.41875 0.70859375 0.0359375 0.0328125
1 0.4359375 0.771875 0.03125 0.0421875
1 0.4296875 0.81015625 0.028125 0.0375
1 0.4484375 0.81875 0.028125 0.034375
1 0.44140625 0.83828125 0.028125 0.0359375
1 0.5390625 0.82421875 0.028125 0.0328125
1 0.37421875 0.89453125 0.034375 0.040625
0 0.87734375 0.0640625 0.046875 0.0546875
0 0.83203125 0.109375 0.05 0.0625
0 0.86171875 0.16015625 0.0421875 0.05625
0 0.87109375 0.11171875 0.046875 0.0546875
0 0.91171875 0.08125 0.0453125 0.0578125
0 0.92421875 0.12421875 0.046875 0.0546875
0 0.934375 0.17421875 0.0421875 0.0515625
0 0.89609375 0.17578125 0.0453125 0.0546875
0 0.9046875 0.2234375 0.0421875 0.053125
0 0.940625 0.221875 0.0453125 0.053125
0 0.94453125 0.26875 0.04375 0.0515625
0 0.8453125 0.2015625 0.0390625 0.05
0 0.78984375 0.17578125 0.0390625 0.0484375
0 0.7640625 0.203125 0.0421875 0.0546875
0 0.803125 0.2203125 0.0484375 0.0546875
0 0.834375 0.24765625 0.04375 0.0515625
0 0.8703125 0.2546875 0.04375 0.0484375
0 0.89609375 0.290625 0.0421875 0.053125
0 0.82578125 0.29140625 0.04375 0.05
0 0.8375 0.3375 0.04375 0.0578125
0 0.778125 0.25078125 0.0421875 0.0515625
0 0.746875 0.27109375 0.04375 0.0515625
0 0.725 0.30703125 0.0453125 0.053125
0 0.6875 0.2171875 0.0453125 0.053125
0 0.73203125 0.22734375 0.0484375 0.0546875
0 0.653125 0.26328125 0.0515625 0.05625
0 0.67265625 0.30546875 0.04375 0.0515625
0 0.64765625 0.334375 0.0453125 0.053125
0 0.60703125 0.325 0.046875 0.0546875
0 0.60078125 0.37421875 0.046875 0.05625
0 0.778125 0.35703125 0.0453125 0.0515625
0 0.79296875 0.40234375 0.0421875 0.0515625
0 0.8734375 0.37890625 0.04375 0.053125
0 0.8890625 0.340625 0.0421875 0.053125
0 0.9453125 0.3171875 0.04375 0.0515625
0 0.94453125 0.365625 0.0453125 0.05625
0 0.93984375 0.41171875 0.0453125 0.0515625
0 0.90859375 0.3859375 0.040625 0.0578125
0 0.8875 0.425 0.040625 0.053125
0 0.934375 0.4578125 0.04375 0.05625
0 0.896875 0.47421875 0.0421875 0.05
0 0.8625 0.46015625 0.040625 0.0515625
0 0.83203125 0.434375 0.04375 0.0515625
0 0.8203125 0.47734375 0.046875 0.0515625
0 0.68359375 0.409375 0.0453125 0.053125
0 0.7265625 0.4203125 0.04375 0.05
0 0.74609375 0.38125 0.04375 0.05
0 0.71171875 0.35390625 0.0421875 0.05625
0 0.65390625 0.38203125 0.04375 0.053125
0 0.5796875 0.4125 0.040625 0.053125
0 0.55546875 0.4453125 0.04375 0.053125
0 0.6 0.453125 0.0453125 0.0484375
0 0.525 0.484375 0.0421875 0.0515625
0 0.50078125 0.5234375 0.040625 0.05625
0 0.46484375 0.51640625 0.0515625 0.0578125
0 0.4625 0.5640625 0.0484375 0.0546875
0 0.4890625 0.59296875 0.040625 0.0546875
0 0.46484375 0.6203125 0.0453125 0.05625
0 0.4734375 0.66875 0.0421875 0.0515625
0 0.51640625 0.646875 0.0390625 0.0453125
0 0.5453125 0.62265625 0.0375 0.0484375
0 0.5703125 0.5765625 0.040625 0.0484375
0 0.56796875 0.5296875 0.040625 0.0484375
0 0.59921875 0.5515625 0.0390625 0.0484375
0 0.67578125 0.5734375 0.040625 0.05
0 0.6859375 0.52734375 0.040625 0.05
0 0.709375 0.56328125 0.0421875 0.0484375
0 0.740625 0.58828125 0.040625 0.05
0 0.759375 0.62890625 0.0390625 0.0515625
0 0.7265625 0.64453125 0.040625 0.0515625
0 0.696875 0.67109375 0.0375 0.0515625
0 0.778125 0.58984375 0.0421875 0.05
0 0.79140625 0.54609375 0.0453125 0.053125
0 0.790625 0.50078125 0.0390625 0.0515625
0 0.76015625 0.521875 0.04375 0.053125
0 0.81640625 0.58046875 0.04375 0.0546875
0 0.83046875 0.62421875 0.0421875 0.0515625
0 0.79453125 0.63125 0.04375 0.05625
0 0.85625 0.5953125 0.0421875 0.0484375
0 0.890625 0.61171875 0.0484375 0.053125
0 0.92578125 0.503125 0.040625 0.0515625
0 0.89375 0.52421875 0.04375 0.05625
0 0.85703125 0.52578125 0.04375 0.05
0 0.8453125 0.665625 0.0453125 0.0515625
0 0.840625 0.71015625 0.04375 0.059375
0 0.803125 0.715625 0.0453125 0.05625
0 0.80078125 0.7609375 0.0453125 0.0578125
0 0.75390625 0.715625 0.0453125 0.0484375
0 0.76328125 0.6734375 0.046875 0.0546875
0 0.71875 0.7078125 0.0453125 0.053125
0 0.68515625 0.75546875 0.04375 0.0484375
0 0.653125 0.73671875 0.034375 0.0484375
0 0.65546875 0.6921875 0.0421875 0.0546875
0 0.64765625 0.6484375 0.040625 0.0453125
0 0.615625 0.7328125 0.040625 0.0515625
0 0.58359375 0.6890625 0.040625 0.046875
0 0.55078125 0.6671875 0.0375 0.046875
0 0.5828125 0.61640625 0.0421875 0.0546875
0 0.61875 0.61640625 0.0421875 0.0515625
0 0.63828125 0.77421875 0.04375 0.05625
0 0.66953125 0.79296875 0.0453125 0.05
0 0.665625 0.83203125 0.04375 0.0578125
0 0.63359375 0.81875 0.0484375 0.0546875
0 0.61015625 0.84921875 0.046875 0.053125
0 0.58046875 0.8734375 0.0421875 0.0515625
0 0.62421875 0.8875 0.0421875 0.0515625
0 0.6984375 0.8515625 0.0390625 0.0484375
0 0.73046875 0.82890625 0.04375 0.053125
0 0.75 0.79453125 0.0421875 0.053125
0 0.6046875 0.7734375 0.0484375 0.053125
0 0.58671875 0.80703125 0.04375 0.053125
0 0.5625 0.7734375 0.04375 0.053125
0 0.50859375 0.7515625 0.04375 0.053125
0 0.4921875 0.7078125 0.0453125 0.05
0 0.48125 0.7765625 0.046875 0.053125
0 0.478125 0.8203125 0.046875 0.05
0 0.5171875 0.84453125 0.0421875 0.05
0 0.4890625 0.865625 0.046875 0.053125
0 0.54765625 0.8609375 0.0453125 0.0515625
0 0.55 0.90546875 0.04375 0.0546875
0 0.5140625 0.91015625 0.04375 0.0546875
0 0.4484375 0.6953125 0.04375 0.053125