1 0.11953125 0.11875 0.0390625 0.046875
1 0.2796875 0.19921875 0.040625 0.0515625
1 0.31640625 0.24453125 0.0375 0.0578125
1 0.48203125 0.48203125 0.034375 0.05
1 0.4390625 0.46875 0.034375 0.040625
1 0.51015625 0.53828125 0.03125 0.0421875
1 0.4890625 0.51875 0.0375 0.04375
1 0.48984375 0.54765625 0.034375 0.0421875
1 0.4625 0.5609375 0.0328125 0.0375
1 0.41796875 0.5171875 0.034375 0.0359375
1 0.4265625 0.49375 0.0328125 0.040625
1 0.35078125 0.45 0.0328125 0.0421875
1 0.33515625 0.4078125 0.0375 0.0453125
1 0.30625 0.43359375 0.0328125 0.0375
1 0.29921875 0.403125 0.034375 0.040625
1 0.2578125 0.36796875 0.034375 0.0359375
1 0.2484375 0.3421875 0.0328125 0.0359375
1 0.253125 0.31875 0.03125 0.040625
1 0.37578125 0.5296875 0.03125 0.0390625
1 0.39375 0.571875 0.028125 0.0390625
1 0.42890625 0.625 0.0296875 0.0359375
1 0.5265625 0.6265625 0.03125 0.0375
1 0.53515625 0.6046875 0.0328125 0.0375
1 0.52578125 0.64921875 0.03125 0.03125
1 0.54609375 0.66953125 0.0296875 0.0390625
1 0.51953125 0.6765625 0.034375 0.0359375
1 0.540625 0.69609375 0.0296875 0.0359375
1 0.5828125 0.709375 0.025 0.0328125
1 0.59921875 0.7203125 0.03125 0.0421875
1 0.5703125 0.73046875 0.0328125 0.0359375
1 0.60546875 0.76953125 0.0296875 0.0359375
1 0.640625 0.7140625 0.0359375 0.04375
1 0.7203125 0.8140625 0.034375 0.040625
1 0.72578125 0.8359375 0.0328125 0.0375
1 0.5671875 0.79765625 0.0296875 0.0328125
1 0.59296875 0.79140625 0.0296875 0.0359375
1 0.2234375 0.225 0.0328125 0.0390625
1 0.2328125 0.24609375 0.03125 0.04375
1 0.25703125 0.25625 0.0296875 0.040625
1 0.18828125 0.21328125 0.0328125 0.0390625
1 0.140625 0.221875 0.0375 0.0421875
1 0.09453125 0.1859375 0.03125 0.0390625
1 0.1140625 0.1734375 0.03125 0.040625
1 0.1078125 0.14375 0.0375 0.04375
1 0.1828125 0.36015625 0.028125 0.0375
1 0.20078125 0.3890625 0.0296875 0.0390625
1 0.2515625 0.3921875 0.03125 0.0375
0 0.22421875 0.1375 0.04375 0.0546875
0 0.2609375 0.15234375 0.046875 0.0625
0 0.14921875 0.11171875 0.046875 0.0546875
0 0.10625 0.08125 0.0453125 0.059375
0 0.18359375 0.15546875 0.0421875 0.0546875
0 0.21328125 0.1859375 0.0375 0.053125
0 0.24609375 0.20078125 0.0421875 0.059375
0 0.28359375 0.2421875 0.046875 0.05625
0 0.328125 0.2875 0.05 0.053125
0 0.2796875 0.28984375 0.046875 0.053125
0 0.23125 0.28828125 0.0421875 0.05
0 0.3390625 0.3328125 0.0453125 0.0515625
0 0.296875 0.328125 0.046875 0.059375
0 0.353125 0.37578125 0.040625 0.05
0 0.3140625 0.3703125 0.0453125 0.0578125
0 0.36953125 0.41875 0.04375 0.0546875
0 0.4046875 0.403125 0.046875 0.0625
0 0.45703125 0.4421875 0.0453125 0.0546875
0 0.409375 0.4609375 0.04375 0.053125
0 0.371875 0.46875 0.0421875 0.05
0 0.34609375 0.5 0.04375 0.05
0 0.39375 0.503125 0.0453125 0.05
0 0.45859375 0.5234375 0.0421875 0.0515625
0 0.4296875 0.5515625 0.04375 0.0515625
0 0.55390625 0.55 0.0453125 0.0515625
0 0.4859375 0.58515625 0.0453125 0.0515625
0 0.45625 0.6109375 0.040625 0.0515625
0 0.384375 0.6078125 0.040625 0.05
0 0.328125 0.5546875 0.04375 0.053125
0 0.3625 0.646875 0.0421875 0.0515625
0 0.4015625 0.64765625 0.04375 0.053125
0 0.48671875 0.69296875 0.040625 0.053125
0 0.46875 0.653125 0.0390625 0.053125
0 0.49609375 0.62421875 0.040625 0.05625
0 0.56640625 0.5921875 0.040625 0.053125
0 0.56015625 0.6375 0.0453125 0.05625
0 0.5703125 0.678125 0.04375 0.0609375