0 0.28046875 0.04921875 0.046875 0.0609375
0 0.3296875 0.16953125 0.0453125 0.0578125
0 0.48046875 0.421875 0.0515625 0.0609375
0 0.41171875 0.18671875 0.05625 0.0671875
0 0.153125 0.07109375 0.046875 0.0609375
0 0.19453125 0.1421875 0.0453125 0.0546875
0 0.28828125 0.5234375 0.0453125 0.05625
0 0.2875 0.47421875 0.0453125 0.0546875
0 0.52109375 0.61015625 0.05625 0.059375
0 0.39609375 0.3203125 0.04375 0.0484375
0 0.52421875 0.709375 0.04375 0.05625
0 0.5953125 0.75859375 0.0515625 0.059375
0 0.60859375 0.8859375 0.046875 0.0578125
0 0.5640625 0.89921875 0.04375 0.0546875
0 0.43828125 0.78203125 0.040625 0.046875
0 0.321875 0.72109375 0.046875 0.053125
0 0.21171875 0.6171875 0.0421875 0.0515625
0 0.31484375 0.584375 0.04375 0.0546875
0 0.41015625 0.63359375 0.040625 0.0484375
0 0.17734375 0.54609375 0.04375 0.053125
0 0.2359375 0.5390625 0.04375 0.0484375
0 0.40625 0.54765625 0.0421875 0.0515625
0 0.43125 0.43359375 0.0453125 0.0546875
0 0.13046875 0.3578125 0.0484375 0.05625
0 0.375 0.8359375 0.0453125 0.05625
0 0.41328125 0.89921875 0.04375 0.0515625
0 0.20546875 0.265625 0.0484375 0.0546875
0 0.0703125 0.39140625 0.04375 0.0578125
0 0.07578125 0.45546875 0.0453125 0.0578125
0 0.07421875 0.26328125 0.05 0.0609375
0 0.1203125 0.22578125 0.05 0.059375
0 0.30078125 0.390625 0.0515625 0.0578125
0 0.33203125 0.80390625 0.0421875 0.053125
0 0.2 0.7640625 0.046875 0.059375
0 0.153125 0.696875 0.0453125 0.05625
0 0.1109375 0.60859375 0.046875 0.0578125
0 0.51796875 0.7875 0.0453125 0.0578125
0 0.225 0.37734375 0.0515625 0.0578125
0 0.31640625 0.246875 0.0484375 0.05625
0 0.2765625 0.659375 0.046875 0.05625
0 0.44375 0.66875 0.046875 0.053125
0 0.2671875 0.72265625 0.046875 0.053125
0 0.3546875 0.43359375 0.046875 0.0546875
0 0.33828125 0.3890625 0.04375 0.0515625
0 0.3203125 0.35078125 0.046875 0.053125
0 0.234375 0.30625 0.0484375 0.0546875
0 0.196875 0.3125 0.053125 0.0546875
0 0.171875 0.28359375 0.0484375 0.0515625
0 0.13984375 0.31171875 0.046875 0.0515625
0 0.10703125 0.2953125 0.05 0.053125
0 0.07109375 0.309375 0.0453125 0.053125
0 0.10390625 0.12109375 0.05625 0.0640625
0 0.08984375 0.1671875 0.0515625 0.0578125
0 0.11640625 0.07578125 0.0515625 0.0578125
0 0.20625 0.0359375 0.05 0.0578125
0 0.190625 0.01328125 0.053125 0.0265625
0 0.16875 0.209375 0.05 0.059375
0 0.2359375 0.4703125 0.04375 0.0546875
0 0.22890625 0.4265625 0.0359375 0.0578125
0 0.16640625 0.38671875 0.0484375 0.059375
0 0.31875 0.4921875 0.046875 0.053125
0 0.1890625 0.67890625 0.0453125 0.053125
0 0.17890625 0.6359375 0.05 0.0546875
0 0.44296875 0.47578125 0.05 0.0625
0 0.2421875 0.2578125 0.0546875 0.065625
0 0.26640625 0.0953125 0.0484375 0.05625
0 0.23984375 0.065625 0.046875 0.0546875
0 0.35546875 0.259375 0.046875 0.065625
0 0.4390625 0.52265625 0.0453125 0.053125
0 0.44140625 0.5671875 0.04375 0.0546875
0 0.4484375 0.6234375 0.046875 0.05625
0 0.49765625 0.6578125 0.04375 0.053125
0 0.490625 0.703125 0.0484375 0.0546875
0 0.4390625 0.86328125 0.0421875 0.05
0 0.2375 0.64609375 0.05 0.0546875
0 0.115625 0.47421875 0.05 0.0546875
0 0.23203125 0.1140625 0.0515625 0.059375
0 0.1546875 0.121875 0.046875 0.05625
0 0.34375 0.2125 0.0484375 0.0515625
1 0.24765625 0.18671875 0.0390625 0.0453125
1 0.29140625 0.21171875 0.0390625 0.0421875
1 0.39140625 0.26015625 0.0421875 0.053125
1 0.44921875 0.384375 0.0375 0.0515625
1 0.17421875 0.48671875 0.0375 0.0421875
1 0.1234375 0.4359375 0.0359375 0.04375
1 0.3015625 0.76640625 0.03125 0.034375
1 0.259375 0.7625 0.0359375 0.040625
1 0.29765625 0.85859375 0.0328125 0.040625
1 0.54921875 0.78984375 0.0328125 0.040625
1 0.5890625 0.80234375 0.0328125 0.0421875
1 0.565625 0.803125 0.0328125 0.040625
1 0.44453125 0.7328125 0.0359375 0.040625
1 0.2890625 0.58828125 0.0359375 0.0390625
1 0.27890625 0.55859375 0.0328125 0.0375
1 0.34140625 0.6 0.0359375 0.0375
1 0.3765625 0.5640625 0.0328125 0.0421875
1 0.4234375 0.59765625 0.034375 0.040625
1 0.20390625 0.44453125 0.0390625 0.04375
1 0.16953125 0.42421875 0.0328125 0.0375
1 0.25 0.33671875 0.0328125 0.040625
1 0.18203125 0.10546875 0.0328125 0.0421875
1 0.12578125 0.040625 0.0375 0.0453125
1 0.2796875 0.36640625 0.0359375 0.04375
1 0.34921875 0.49375 0.040625 0.04375
1 0.328125 0.45546875 0.03125 0.0390625
1 0.32421875 0.6453125 0.034375 0.0390625
1 0.40234375 0.66875 0.0328125 0.0375
1 0.36796875 0.6625 0.0359375 0.0390625
1 0.3453125 0.65234375 0.0328125 0.0375
1 0.2328125 0.6828125 0.03125 0.0390625
1 0.25859375 0.6875 0.0328125 0.040625
1 0.22421875 0.7125 0.03125 0.0390625
1 0.16953125 0.734375 0.0390625 0.04375
1 0.121875 0.6484375 0.0359375 0.04375
1 0.0859375 0.5421875 0.040625 0.046875
1 0.065625 0.346875 0.0375 0.04375
1 0.103125 0.25859375 0.0328125 0.0453125
1 0.15625 0.24375 0.034375 0.040625
1 0.19453125 0.22578125 0.0375 0.0453125
1 0.15625 0.15859375 0.0421875 0.05
1 0.2890625 0.1203125 0.0328125 0.0375
1 0.26328125 0.1390625 0.0359375 0.0421875
1 0.27109375 0.19296875 0.0359375 0.04375
1 0.42265625 0.35703125 0.04375 0.0484375
1 0.39765625 0.35703125 0.0375 0.0359375
1 0.3640625 0.375 0.040625 0.0453125
1 0.275 0.40859375 0.0296875 0.0359375
1 0.30703125 0.4421875 0.0265625 0.034375
1 0.31640625 0.4171875 0.028125 0.0328125
1 0.38984375 0.49296875 0.0328125 0.0390625
1 0.36640625 0.47578125 0.0328125 0.040625
1 0.38203125 0.43046875 0.03125 0.0390625
1 0.4046875 0.47109375 0.0375 0.04375
1 0.40078125 0.45234375 0.0265625 0.040625
1 0.4921875 0.525 0.0453125 0.0625
1 0.4671875 0.50390625 0.04375 0.053125
1 0.42265625 0.7296875 0.03125 0.0390625
1 0.47578125 0.74140625 0.0328125 0.0375
1 0.4484375 0.7015625 0.0328125 0.040625
1 0.2765625 0.79921875 0.034375 0.04375
1 0.45859375 0.83671875 0.034375 0.0390625
1 0.4046875 0.80390625 0.0359375 0.0390625
1 0.5640625 0.76640625 0.0328125 0.040625
1 0.55546875 0.8265625 0.0328125 0.0375
1 0.35859375 0.88515625 0.0375 0.0453125
1 0.3390625 0.83984375 0.0296875 0.0328125
1 0.27109375 0.83984375 0.034375 0.04375
1 0.2375 0.60703125 0.0375 0.040625
1 0.3140625 0.30546875 0.040625 0.0484375
1 0.27890625 0.28359375 0.0375 0.040625
1 0.2765625 0.3265625 0.034375 0.0421875
1 0.3 0.32734375 0.0390625 0.040625
1 0.228125 0.16015625 0.0421875 0.0453125
1 0.209375 0.07109375 0.0375 0.04375
1 0.203125 0.1 0.0390625 0.0390625
1 0.12890625 0.13203125 0.0359375 0.046875
1 0.10078125 0.3765625 0.03125 0.0390625
1 0.12421875 0.39375 0.028125 0.0359375
1 0.1375 0.40078125 0.0296875 0.0390625
1 0.38828125 0.58359375 0.0296875 0.0390625
1 0.3984375 0.603125 0.0296875 0.0359375
1 0.3640625 0.59765625 0.03125 0.034375
1 0.34921875 0.521875 0.0375 0.040625
1 0.184375 0.509375 0.0296875 0.034375
1 0.22578125 0.5046875 0.034375 0.0375
1 0.20625 0.484375 0.034375 0.0390625
1 0.20390625 0.53671875 0.0375 0.040625
1 0.14296875 0.53828125 0.034375 0.0390625
1 0.15234375 0.56640625 0.0375 0.040625
1 0.13984375 0.58984375 0.034375 0.0359375
1 0.08984375 0.5734375 0.0375 0.0421875
1 0.315625 0.671875 0.0375 0.0421875
1 0.4125 0.859375 0.034375 0.0421875
1 0.3609375 0.8046875 0.0359375 0.04375
1 0.29609375 0.74140625 0.0359375 0.0390625
0 0.2140625 0.19609375 0.0484375 0.0578125
0 0.35234375 0.3234375 0.04375 0.0546875
0 0.38046875 0.69296875 0.0390625 0.0484375
0 0.3546875 0.72734375 0.0421875 0.0515625
0 0.38828125 0.73515625 0.0421875 0.0546875
0 0.38125 0.78046875 0.0453125 0.0515625
0 0.33125 0.76328125 0.04375 0.05
0 0.44765625 0.903125 0.040625 0.0515625
0 0.48359375 0.90703125 0.0421875 0.05
0 0.5171875 0.90703125 0.04375 0.0515625
0 0.503125 0.86875 0.04375 0.046875
0 0.49296875 0.828125 0.0421875 0.053125
0 0.46953125 0.8015625 0.046875 0.053125
0 0.50078125 0.74765625 0.0453125 0.05625
0 0.5375 0.74765625 0.0453125 0.0546875
0 0.32265625 0.53515625 0.05 0.0578125
0 0.34921875 0.56328125 0.0484375 0.0578125
0 0.24296875 0.0234375 0.0484375 0.046875
0 0.08359375 0.5 0.04375 0.0578125
0 0.22421875 0.79375 0.0453125 0.0546875
0 0.24921875 0.82109375 0.0453125 0.0515625
0 0.38828125 0.87734375 0.0453125 0.0546875
0 0.54140625 0.86875 0.0453125 0.053125
0 0.5265625 0.83046875 0.04375 0.0546875
0 0.5828125 0.8578125 0.046875 0.05625