1 0.08203125 0.1609375 0.034375 0.04375
1 0.24921875 0.22421875 0.0359375 0.0484375
1 0.290625 0.26484375 0.03125 0.0546875
1 0.48046875 0.48359375 0.0296875 0.04765625
1 0.4359375 0.475 0.03125 0.03828125
1 0.5140625 0.53671875 0.02734375 0.03984375
1 0.49140625 0.51953125 0.0328125 0.040625
1 0.49453125 0.5484375 0.0296875 0.03984375
1 0.46875 0.56484375 0.02890625 0.03515625
1 0.4203125 0.52578125 0.03125 0.03359375
1 0.4265625 0.5015625 0.02890625 0.0375
1 0.34609375 0.465625 0.02890625 0.03984375
1 0.3265625 0.42578125 0.0328125 0.04140625
1 0.3 0.45390625 0.0296875 0.03515625
1 0.28984375 0.425 0.03046875 0.03828125
1 0.2453125 0.39375 0.03046875 0.0328125
1 0.23359375 0.36953125 0.0296875 0.0328125
1 0.23515625 0.3453125 0.028125 0.03828125
1 0.3796875 0.5421875 0.02734375 0.0359375
1 0.4015625 0.5828125 0.025 0.03671875
1 0.4421875 0.63203125 0.02578125 0.03359375
1 0.53984375 0.6234375 0.028125 0.03515625
1 0.54609375 0.60078125 0.02890625 0.034375
1 0.54140625 0.6453125 0.02890625 0.028125
1 0.56328125 0.6640625 0.0265625 0.03671875
1 0.5375 0.6734375 0.03046875 0.03359375
1 0.5609375 0.690625 0.02578125 0.0328125
1 0.60390625 0.7 0.021875 0.03046875
1 0.621875 0.70859375 0.0265625 0.0390625
1 0.59375 0.721875 0.0296875 0.0328125
1 0.6328125 0.75703125 0.0265625 0.03359375
1 0.6625 0.6984375 0.03203125 0.03984375
1 0.7515625 0.7890625 0.03125 0.03828125
1 0.759375 0.81015625 0.02890625 0.034375
1 0.59765625 0.7890625 0.02734375 0.0296875
1 0.62265625 0.78046875 0.0265625 0.0328125
1 0.19609375 0.25546875 0.02890625 0.0359375
1 0.2078125 0.27578125 0.0265625 0.04140625
1 0.2328125 0.2828125 0.0265625 0.03828125
1 0.16015625 0.24765625 0.0296875 0.03671875
1 0.11328125 0.2609375 0.03359375 0.0390625
1 0.0640625 0.2296875 0.028125 0.03671875
1 0.08203125 0.215625 0.02734375 0.0375
1 0.07265625 0.18671875 0.0328125 0.040625
1 0.16953125 0.39375 0.02421875 0.03515625
1 0.190625 0.42109375 0.0265625 0.0359375
1 0.24140625 0.41875 0.028125 0.034375
0 0.1875 0.16796875 0.0390625 0.0515625
0 0.22578125 0.17890625 0.040625 0.0578125
0 0.1109375 0.15078125 0.04140625 0.05
0 0.06484375 0.125 0.0390625 0.05546875
0 0.14921875 0.190625 0.03671875 0.05078125
0 0.18203125 0.21796875 0.0328125 0.05
0 0.21640625 0.22890625 0.0359375 0.05546875
0 0.2578125 0.26640625 0.04140625 0.05234375
0 0.30703125 0.30625 0.04453125 0.0484375
0 0.25859375 0.3140625 0.0421875 0.0484375
0 0.2109375 0.3171875 0.03828125 0.04609375
0 0.32265625 0.35078125 0.04140625 0.046875
0 0.2796875 0.35 0.04140625 0.0546875
0 0.340625 0.3921875 0.03671875 0.04609375
0 0.3015625 0.390625 0.040625 0.053125
0 0.36171875 0.4328125 0.0390625 0.05078125
0 0.3953125 0.41328125 0.040625 0.0578125
0 0.4515625 0.446875 0.040625 0.05
0 0.40546875 0.4703125 0.0390625 0.05
0 0.36953125 0.48203125 0.03671875 0.046875
0 0.346875 0.51640625 0.03984375 0.0453125
0 0.39453125 0.5140625 0.040625 0.04609375
0 0.4609375 0.52734375 0.0375 0.04765625
0 0.43515625 0.55859375 0.0390625 0.04765625
0 0.55859375 0.54375 0.040625 0.04765625
0 0.49453125 0.5859375 0.03984375 0.04765625
0 0.46796875 0.61484375 0.0359375 0.04765625
0 0.39609375 0.61953125 0.03671875 0.04609375
0 0.33515625 0.57265625 0.0390625 0.05
0 0.37890625 0.66015625 0.0375 0.04765625
0 0.4171875 0.65703125 0.03828125 0.04921875
0 0.50703125 0.69296875 0.0359375 0.05
0 0.48515625 0.65546875 0.03359375 0.05
0 0.509375 0.62421875 0.03515625 0.053125
0 0.57578125 0.584375 0.0359375 0.04921875
0 0.57421875 0.63046875 0.03984375 0.053125
0 0.58828125 0.66953125 0.03828125 0.0578125