0 0.31953125 0.284375 0.0421875 0.059375
0 0.27734375 0.2109375 0.0515625 0.0640625
0 0.52421875 0.496875 0.05 0.0703125
0 0.446875 0.47109375 0.04375 0.0578125
0 0.3765625 0.3609375 0.040625 0.0546875
0 0.40390625 0.4 0.040625 0.0546875
0 0.40078125 0.44921875 0.040625 0.05
0 0.359375 0.40625 0.04375 0.053125
0 0.2953125 0.346875 0.046875 0.0546875
0 0.54453125 0.60703125 0.0421875 0.0609375
0 0.68125 0.7203125 0.0515625 0.071875
0 0.61640625 0.7046875 0.0375 0.05
0 0.56328125 0.64609375 0.040625 0.0578125
0 0.48671875 0.55703125 0.040625 0.05
0 0.4296875 0.5140625 0.04375 0.0546875
0 0.35390625 0.45625 0.0421875 0.0484375
0 0.2984375 0.4484375 0.0421875 0.053125
0 0.2609375 0.43125 0.0390625 0.0484375
0 0.22890625 0.41953125 0.040625 0.05
0 0.21171875 0.12421875 0.0421875 0.05625
0 0.19140625 0.1640625 0.040625 0.0546875
0 0.13515625 0.1359375 0.04375 0.0546875
0 0.13046875 0.08359375 0.046875 0.053125
0 0.23515625 0.46328125 0.0390625 0.053125
0 0.43515625 0.61796875 0.0359375 0.0484375
0 0.44453125 0.6625 0.0328125 0.0484375
0 0.5171875 0.67578125 0.0328125 0.05
0 0.66484375 0.76875 0.0375 0.0515625
0 0.70390625 0.78828125 0.0390625 0.05
0 0.65859375 0.8125 0.0328125 0.046875
0 0.70234375 0.83359375 0.046875 0.05
0 0.228125 0.659375 0.0421875 0.05
0 0.171875 0.66640625 0.040625 0.0484375
0 0.13671875 0.67109375 0.0375 0.053125
0 0.17421875 0.578125 0.0359375 0.0484375
0 0.13515625 0.203125 0.0421875 0.0515625
0 0.1421875 0.24765625 0.0453125 0.0515625
0 0.171875 0.21171875 0.0453125 0.059375
0 0.24140625 0.24609375 0.0375 0.053125
0 0.384375 0.58125 0.0421875 0.0546875
0 0.34453125 0.590625 0.04375 0.046875
0 0.35234375 0.63359375 0.034375 0.05
0 0.315625 0.6421875 0.040625 0.046875
0 0.35546875 0.67734375 0.0421875 0.0515625
0 0.20859375 0.50234375 0.0375 0.046875
0 0.553125 0.69375 0.0375 0.046875
0 0.62578125 0.83984375 0.0390625 0.0484375
0 0.63515625 0.88203125 0.034375 0.0453125
0 0.58984375 0.8546875 0.040625 0.0453125
0 0.528125 0.79453125 0.0375 0.0484375
0 0.459375 0.8265625 0.034375 0.0453125
0 0.41328125 0.740625 0.0421875 0.046875
1 0.16953125 0.1171875 0.034375 0.0453125
1 0.22421875 0.16015625 0.03125 0.04375
1 0.2421875 0.1796875 0.0296875 0.0375
1 0.2109375 0.1890625 0.0296875 0.0390625
1 0.27578125 0.25546875 0.0375 0.040625
1 0.29375 0.30546875 0.028125 0.0390625
1 0.325 0.33515625 0.0375 0.040625
1 0.3421875 0.36875 0.03125 0.0375
1 0.32265625 0.3859375 0.034375 0.0375
1 0.30546875 0.4 0.0328125 0.0359375
1 0.31640625 0.42109375 0.0296875 0.0421875
1 0.24296875 0.33984375 0.03125 0.0421875
1 0.2203125 0.29140625 0.0328125 0.0390625
1 0.1921875 0.24921875 0.0296875 0.0421875
1 0.10625 0.1078125 0.034375 0.040625
1 0.434375 0.42265625 0.028125 0.0421875
1 0.27421875 0.28203125 0.0328125 0.0421875
1 0.4859375 0.51875 0.0359375 0.04375
1 0.45859375 0.528125 0.0375 0.046875
1 0.45703125 0.5578125 0.040625 0.046875
1 0.43359375 0.5765625 0.028125 0.0390625
1 0.396875 0.5421875 0.03125 0.0359375
1 0.74921875 0.78046875 0.0421875 0.0546875
1 0.6265625 0.75078125 0.0296875 0.0375
1 0.58515625 0.70703125 0.028125 0.0421875
1 0.5140625 0.63046875 0.0296875 0.0375
1 0.4640625 0.6328125 0.0296875 0.040625
1 0.56640625 0.74921875 0.0296875 0.034375
1 0.59609375 0.73046875 0.03125 0.0390625
1 0.6296875 0.8046875 0.03125 0.0328125
1 0.6359375 0.7765625 0.03125 0.0375
1 0.44921875 0.73359375 0.03125 0.0421875
1 0.49140625 0.72734375 0.0296875 0.0359375
1 0.5265625 0.74609375 0.0328125 0.0359375
1 0.5828125 0.796875 0.03125 0.0375
1 0.521875 0.8265625 0.03125 0.0375
1 0.6609375 0.8484375 0.034375 0.04375
1 0.40703125 0.6546875 0.0328125 0.034375
1 0.3859375 0.6203125 0.025 0.0390625
1 0.40625 0.63203125 0.028125 0.0359375
1 0.3796875 0.646875 0.0328125 0.0375
1 0.2734375 0.55703125 0.03125 0.040625
1 0.2734375 0.5125 0.03125 0.0421875
1 0.1734375 0.45 0.0359375 0.0421875
1 0.1203125 0.31796875 0.03125 0.040625
1 0.13984375 0.28046875 0.0375 0.0421875
1 0.18203125 0.34296875 0.0359375 0.0421875
1 0.11953125 0.16953125 0.0328125 0.0375