0 0.684375 0.2875 0.0421875 0.0578125
0 0.72734375 0.21484375 0.05 0.0640625
0 0.47578125 0.49609375 0.0484375 0.0703125
0 0.55390625 0.47265625 0.04375 0.05625
0 0.62578125 0.36328125 0.040625 0.053125
0 0.5984375 0.40234375 0.0390625 0.053125
0 0.6 0.45078125 0.040625 0.05
0 0.6421875 0.409375 0.0421875 0.053125
0 0.70703125 0.35078125 0.046875 0.0546875
0 0.45390625 0.60625 0.040625 0.059375
0 0.315625 0.71640625 0.05 0.071875
0 0.3796875 0.703125 0.0375 0.05
0 0.43359375 0.64453125 0.040625 0.0578125
0 0.5125 0.5578125 0.040625 0.0484375
0 0.5703125 0.515625 0.0421875 0.0546875
0 0.646875 0.45859375 0.0421875 0.046875
0 0.70234375 0.45234375 0.040625 0.053125
0 0.73984375 0.43515625 0.0390625 0.046875
0 0.77265625 0.42421875 0.040625 0.0484375
0 0.7953125 0.1296875 0.0421875 0.0546875
0 0.8140625 0.16953125 0.040625 0.053125
0 0.87109375 0.1421875 0.0421875 0.053125
0 0.8765625 0.08984375 0.0453125 0.053125
0 0.765625 0.46796875 0.0390625 0.0515625
0 0.5625 0.61875 0.0359375 0.0484375
0 0.55234375 0.66328125 0.03125 0.0484375
0 0.4796875 0.67578125 0.03125 0.05
0 0.33046875 0.765625 0.0375 0.05
0 0.29140625 0.78515625 0.0375 0.0484375
0 0.3359375 0.81015625 0.0328125 0.046875
0 0.2921875 0.83046875 0.0453125 0.0484375
0 0.76953125 0.6640625 0.040625 0.0484375
0 0.825 0.67265625 0.0390625 0.0484375
0 0.86015625 0.67734375 0.0359375 0.0515625
0 0.82421875 0.584375 0.0359375 0.046875
0 0.86953125 0.209375 0.0421875 0.0515625
0 0.86171875 0.25390625 0.04375 0.05
0 0.83359375 0.2171875 0.04375 0.059375
0 0.76328125 0.25078125 0.0375 0.053125
0 0.6140625 0.58359375 0.0421875 0.053125
0 0.65390625 0.59296875 0.04375 0.0453125
0 0.6453125 0.63671875 0.034375 0.05
0 0.68203125 0.6453125 0.0390625 0.046875
0 0.64140625 0.6796875 0.0421875 0.05
0 0.79140625 0.50703125 0.0375 0.046875
0 0.44375 0.69296875 0.0359375 0.0453125
0 0.36796875 0.8375 0.0390625 0.046875
0 0.35859375 0.8796875 0.034375 0.0453125
0 0.40390625 0.853125 0.040625 0.04375
0 0.46640625 0.79453125 0.0375 0.046875
0 0.53515625 0.82734375 0.034375 0.04375
0 0.5828125 0.74140625 0.040625 0.046875
1 0.83671875 0.1234375 0.034375 0.0453125
1 0.78125 0.16484375 0.03125 0.04375
1 0.76328125 0.184375 0.028125 0.0375
1 0.79453125 0.19453125 0.0296875 0.0390625
1 0.728125 0.259375 0.0375 0.0390625
1 0.71015625 0.30859375 0.028125 0.0390625
1 0.678125 0.33828125 0.0375 0.0390625
1 0.66015625 0.371875 0.03125 0.0375
1 0.67890625 0.3890625 0.034375 0.0375
1 0.69609375 0.403125 0.03125 0.0359375
1 0.68515625 0.42421875 0.0296875 0.0421875
1 0.759375 0.34375 0.03125 0.0421875
1 0.7828125 0.29609375 0.0328125 0.0375
1 0.81171875 0.2546875 0.0296875 0.0421875
1 0.90078125 0.11484375 0.0328125 0.0390625
1 0.5671875 0.42421875 0.028125 0.0421875
1 0.7296875 0.2859375 0.0328125 0.0421875
1 0.5140625 0.51875 0.034375 0.04375
1 0.540625 0.52890625 0.0359375 0.0453125
1 0.5421875 0.55859375 0.0390625 0.046875
1 0.565625 0.57734375 0.028125 0.0390625
1 0.60234375 0.54375 0.03125 0.0359375
1 0.24609375 0.7765625 0.040625 0.0546875
1 0.36875 0.7484375 0.028125 0.0375
1 0.4109375 0.70546875 0.0265625 0.0421875
1 0.48359375 0.63046875 0.028125 0.0375
1 0.53359375 0.63359375 0.0296875 0.040625
1 0.42890625 0.74765625 0.028125 0.034375
1 0.4 0.72890625 0.0296875 0.0390625
1 0.36484375 0.80234375 0.03125 0.0328125
1 0.359375 0.7734375 0.0296875 0.0375
1 0.546875 0.734375 0.03125 0.0421875
1 0.5046875 0.72734375 0.0296875 0.0359375
1 0.46953125 0.74609375 0.03125 0.0359375
1 0.41171875 0.7953125 0.0296875 0.0375
1 0.47265625 0.82578125 0.0296875 0.0375
1 0.3328125 0.84609375 0.0328125 0.04375
1 0.58984375 0.65625 0.0328125 0.034375
1 0.6125 0.621875 0.0234375 0.0390625
1 0.59140625 0.63359375 0.0265625 0.0359375
1 0.61796875 0.64921875 0.0328125 0.0359375
1 0.72578125 0.5609375 0.03125 0.040625
1 0.7265625 0.51640625 0.03125 0.0421875
1 0.82734375 0.45546875 0.034375 0.040625
1 0.8828125 0.325 0.03125 0.040625
1 0.8640625 0.2875 0.0359375 0.0421875
1 0.8203125 0.34921875 0.034375 0.0421875
1 0.8859375 0.1765625 0.03125 0.0375