0 0.63984375 0.3640625 0.0421875 0.05
0 0.61484375 0.40234375 0.0453125 0.05
0 0.6703125 0.38828125 0.04375 0.0515625
0 0.7390625 0.38515625 0.04375 0.05
0 0.7421875 0.33671875 0.0421875 0.046875
0 0.78046875 0.3328125 0.040625 0.05
0 0.78984375 0.28671875 0.040625 0.0484375
0 0.7984375 0.2390625 0.040625 0.05
0 0.80078125 0.13984375 0.040625 0.05625
0 0.83828125 0.1359375 0.040625 0.053125
0 0.85 0.08828125 0.0421875 0.0484375
0 0.88515625 0.10546875 0.040625 0.05
0 0.9296875 0.0890625 0.0390625 0.05
0 0.91171875 0.13359375 0.040625 0.059375
0 0.896875 0.17734375 0.0375 0.053125
0 0.86015625 0.203125 0.0421875 0.053125
0 0.89296875 0.22421875 0.040625 0.0515625
0 0.8765625 0.2703125 0.040625 0.0484375
0 0.87578125 0.02421875 0.0390625 0.046875
0 0.9359375 0.040625 0.0375 0.05
0 0.89921875 0.06171875 0.0375 0.05
0 0.94921875 0.14140625 0.040625 0.05
0 0.93203125 0.19296875 0.040625 0.053125
0 0.96484375 0.209375 0.040625 0.05
0 0.82578125 0.1828125 0.0390625 0.0453125
0 0.84296875 0.24765625 0.0375 0.0484375
0 0.93203125 0.26484375 0.040625 0.053125
0 0.96875 0.25625 0.0375 0.046875
0 0.96953125 0.30390625 0.034375 0.05
0 0.9328125 0.3125 0.0375 0.0484375
0 0.859375 0.33828125 0.040625 0.046875
0 0.81953125 0.34140625 0.0359375 0.04375
0 0.8109375 0.390625 0.0375 0.046875
0 0.90078125 0.38203125 0.0375 0.0484375
0 0.96171875 0.39375 0.04375 0.0515625
0 0.9234375 0.41796875 0.0421875 0.046875
0 0.9546875 0.44140625 0.040625 0.0484375
0 0.9125 0.4640625 0.0421875 0.046875
0 0.94453125 0.4875 0.040625 0.046875
0 0.86796875 0.40703125 0.0375 0.046875
0 0.8375 0.4390625 0.0359375 0.04375
0 0.80234375 0.434375 0.0421875 0.05
0 0.77421875 0.40234375 0.0359375 0.05
0 0.7625 0.446875 0.0390625 0.046875
0 0.7890625 0.4796875 0.0375 0.046875
0 0.8375 0.4828125 0.0390625 0.046875
0 0.89921875 0.5078125 0.040625 0.046875
0 0.9296875 0.53125 0.040625 0.05
0 0.71640625 0.4484375 0.040625 0.04375
0 0.65 0.453125 0.040625 0.053125
0 0.6859375 0.49765625 0.0375 0.046875
0 0.76328125 0.5125 0.040625 0.0484375
0 0.8109375 0.51484375 0.0375 0.05
0 0.78359375 0.5484375 0.040625 0.05
0 0.72890625 0.5609375 0.0375 0.05
0 0.7 0.58984375 0.0375 0.05
0 0.66796875 0.6078125 0.040625 0.046875
0 0.63125 0.58671875 0.0375 0.046875
0 0.63515625 0.540625 0.0375 0.05
0 0.66953125 0.540625 0.0375 0.0484375
0 0.6125 0.5 0.0375 0.0484375
0 0.5515625 0.52421875 0.040625 0.05
0 0.59921875 0.56796875 0.034375 0.046875
0 0.86484375 0.51328125 0.0390625 0.05
0 0.884375 0.5515625 0.04375 0.046875
0 0.91484375 0.5734375 0.040625 0.046875
0 0.89765625 0.6140625 0.0390625 0.053125
0 0.775 0.5921875 0.0375 0.046875
0 0.78828125 0.6328125 0.040625 0.05
0 0.74921875 0.621875 0.040625 0.053125
0 0.7140625 0.63515625 0.0375 0.05
0 0.75 0.66796875 0.04375 0.046875
0 0.78515625 0.678125 0.040625 0.05
0 0.81875 0.6859375 0.0359375 0.0515625
0 0.83984375 0.64765625 0.040625 0.0484375
0 0.878125 0.65390625 0.0375 0.05
0 0.85703125 0.690625 0.04375 0.05
0 0.8265625 0.73046875 0.0375 0.0484375
0 0.7921875 0.7203125 0.0375 0.05625
0 0.75625 0.7140625 0.040625 0.05
0 0.70859375 0.7359375 0.0375 0.05
0 0.67890625 0.7140625 0.034375 0.05
0 0.625 0.63359375 0.0375 0.04375
0 0.5921875 0.6140625 0.0375 0.0453125
0 0.57890625 0.65390625 0.0375 0.046875
0 0.6125 0.67578125 0.0390625 0.0453125
0 0.5828125 0.7 0.0375 0.0421875
0 0.5484375 0.6859375 0.034375 0.0484375
0 0.5453125 0.6421875 0.0328125 0.05
0 0.49609375 0.5484375 0.0375 0.0515625
0 0.44921875 0.60859375 0.0375 0.05625
0 0.484375 0.62734375 0.040625 0.04375
0 0.5109375 0.653125 0.0359375 0.046875
0 0.46640625 0.66328125 0.0328125 0.0515625
0 0.43359375 0.6625 0.0359375 0.0421875
0 0.3953125 0.6578125 0.040625 0.05
0 0.409375 0.69765625 0.034375 0.05
0 0.44765625 0.703125 0.0375 0.04375
0 0.51953125 0.7109375 0.034375 0.05
0 0.47265625 0.73359375 0.0390625 0.0484375
0 0.371875 0.71640625 0.0375 0.046875
0 0.63828125 0.72265625 0.034375 0.0484375
0 0.59296875 0.7453125 0.034375 0.046875
0 0.52265625 0.76953125 0.0375 0.046875
0 0.465625 0.7765625 0.034375 0.0453125
0 0.42890625 0.76875 0.0359375 0.05
0 0.40078125 0.740625 0.0375 0.0453125
0 0.378125 0.79765625 0.034375 0.046875
0 0.3484375 0.7734375 0.0375 0.05
0 0.4515625 0.81875 0.0375 0.0453125
0 0.51015625 0.8125 0.0328125 0.04375
0 0.57109375 0.81328125 0.034375 0.0453125
0 0.6046875 0.8046875 0.0375 0.046875
0 0.63984375 0.81328125 0.0359375 0.0453125
0 0.66328125 0.78046875 0.034375 0.046875
0 0.7 0.77890625 0.0359375 0.046875
0 0.7484375 0.77734375 0.040625 0.05
0 0.7953125 0.7703125 0.034375 0.0484375
0 0.740625 0.8234375 0.034375 0.0453125
0 0.7109375 0.84296875 0.034375 0.05
0 0.678125 0.86328125 0.034375 0.05
0 0.646875 0.8828125 0.034375 0.053125
0 0.61171875 0.89609375 0.034375 0.0484375
0 0.578125 0.9046875 0.034375 0.05
0 0.61796875 0.85078125 0.034375 0.05
0 0.68046875 0.81875 0.0390625 0.05
0 0.565625 0.859375 0.0390625 0.05
0 0.53984375 0.834375 0.034375 0.053125
0 0.5046875 0.88125 0.0375 0.0453125
0 0.4703125 0.8796875 0.034375 0.0484375
0 0.48203125 0.83671875 0.0390625 0.05
0 0.44140625 0.8578125 0.0390625 0.053125
0 0.409375 0.8796875 0.040625 0.0484375
0 0.4125 0.80546875 0.0359375 0.046875
0 0.371875 0.84375 0.0421875 0.046875
0 0.34296875 0.8171875 0.0375 0.046875
0 0.3546875 0.88046875 0.0390625 0.05
0 0.4453125 0.90859375 0.0390625 0.046875
1 0.871875 0.0640625 0.0296875 0.0375
1 0.90859375 0.021875 0.03125 0.034375
1 0.95703125 0.10078125 0.034375 0.0375
1 0.8734375 0.13984375 0.0328125 0.0375
1 0.86875 0.165625 0.03125 0.0375
1 0.790625 0.1765625 0.0328125 0.0359375
1 0.79453125 0.2015625 0.0390625 0.034375
1 0.76484375 0.25234375 0.025 0.046875
1 0.8265625 0.21953125 0.028125 0.03125
1 0.92421875 0.23203125 0.0265625 0.0375
1 0.90625 0.25546875 0.028125 0.0375
1 0.90078125 0.28515625 0.025 0.03125
1 0.9078125 0.3109375 0.028125 0.03125
1 0.8875 0.3109375 0.0296875 0.0359375
1 0.8875 0.3390625 0.03125 0.0375
1 0.90703125 0.3390625 0.025 0.0375
1 0.92421875 0.3546875 0.0328125 0.034375
1 0.9515625 0.34375 0.0359375 0.034375
1 0.97421875 0.34609375 0.0296875 0.040625
1 0.94375 0.3625 0.028125 0.0359375
1 0.92734375 0.3828125 0.025 0.0328125
1 0.8734375 0.3703125 0.0296875 0.0359375
1 0.8421875 0.3703125 0.028125 0.0359375
1 0.83515625 0.39453125 0.03125 0.040625
1 0.7625 0.28046875 0.0296875 0.0375
1 0.73671875 0.2859375 0.0265625 0.0375
1 0.75625 0.3046875 0.0296875 0.034375
1 0.72421875 0.31171875 0.028125 0.0359375
1 0.71015625 0.33359375 0.025 0.034375
1 0.68984375 0.33359375 0.0296875 0.0390625
1 0.71640625 0.3609375 0.028125 0.0375
1 0.690625 0.36484375 0.03125 0.0375
1 0.70703125 0.390625 0.03125 0.0359375
1 0.72109375 0.41328125 0.0234375 0.0296875
1 0.74375 0.4234375 0.03125 0.03125
1 0.78515625 0.3703125 0.025 0.034375
1 0.815625 0.2734375 0.025 0.0375
1 0.8390625 0.2828125 0.0296875 0.034375
1 0.8609375 0.303125 0.028125 0.03125
1 0.8359375 0.31171875 0.03125 0.03125
1 0.8140625 0.30390625 0.0265625 0.0421875
1 0.69765625 0.4140625 0.028125 0.0375
1 0.69453125 0.43984375 0.025 0.0375
1 0.67265625 0.42734375 0.0328125 0.0375
1 0.6796875 0.46171875 0.028125 0.0359375
1 0.628125 0.4359375 0.03125 0.0328125
1 0.61953125 0.46640625 0.03125 0.0296875
1 0.6421875 0.48984375 0.03125 0.03125
1 0.65546875 0.51015625 0.0375 0.034375
1 0.7140625 0.48515625 0.03125 0.0359375
1 0.74609375 0.475 0.03125 0.0375
1 0.73359375 0.4953125 0.0296875 0.0375
1 0.715625 0.51953125 0.0296875 0.03125
1 0.740625 0.528125 0.028125 0.03125
1 0.70078125 0.55625 0.0296875 0.040625
1 0.66015625 0.57421875 0.03125 0.0375
1 0.89375 0.4234375 0.0265625 0.0359375
1 0.8875 0.45 0.025 0.0328125
1 0.86328125 0.44609375 0.0328125 0.040625
1 0.884375 0.4765625 0.0296875 0.0375
1 0.8359375 0.52890625 0.0296875 0.0375
1 0.8546875 0.55625 0.0296875 0.040625
1 0.83828125 0.55546875 0.025 0.04375
1 0.81484375 0.55859375 0.028125 0.040625
1 0.86015625 0.57890625 0.028125 0.03125
1 0.83359375 0.58828125 0.034375 0.040625
1 0.8484375 0.60625 0.028125 0.0359375
1 0.8734375 0.60078125 0.021875 0.034375
1 0.8625 0.621875 0.021875 0.03125
1 0.8203125 0.621875 0.0265625 0.034375
1 0.81328125 0.596875 0.025 0.0421875
1 0.8015625 0.575 0.025 0.0453125
1 0.7484375 0.5875 0.025 0.0328125
1 0.7265625 0.6 0.028125 0.0375
1 0.68515625 0.634375 0.028125 0.034375
1 0.66015625 0.64375 0.025 0.028125
1 0.6421875 0.6625 0.028125 0.0375
1 0.6859375 0.66015625 0.03125 0.03125
1 0.71484375 0.66953125 0.028125 0.034375
1 0.72890625 0.68671875 0.0265625 0.034375
1 0.71328125 0.69453125 0.0265625 0.034375
1 0.69453125 0.68203125 0.0296875 0.03125
1 0.66171875 0.68515625 0.0296875 0.0390625
1 0.73046875 0.71015625 0.028125 0.040625
1 0.73515625 0.7453125 0.03125 0.0375
1 0.7703125 0.74453125 0.03125 0.034375
1 0.77265625 0.7984375 0.03125 0.040625
1 0.584375 0.51171875 0.03125 0.0421875
1 0.596875 0.53359375 0.03125 0.0328125
1 0.575 0.54140625 0.025 0.0375
1 0.5703125 0.56796875 0.028125 0.0328125
1 0.57109375 0.59453125 0.028125 0.028125
1 0.5484375 0.5828125 0.0265625 0.034375
1 0.5453125 0.55703125 0.028125 0.034375
1 0.5140625 0.5765625 0.028125 0.03125
1 0.48203125 0.5875 0.028125 0.0390625
1 0.5265625 0.5953125 0.0265625 0.034375
1 0.52109375 0.61875 0.03125 0.034375
1 0.7171875 0.51875 0.034375 0.040625
1 0.65859375 0.7453125 0.0328125 0.040625
1 0.68203125 0.74921875 0.03125 0.0359375
1 0.625 0.75546875 0.028125 0.040625
1 0.63203125 0.7796875 0.03125 0.034375
1 0.609375 0.77265625 0.0234375 0.040625
1 0.58359375 0.78203125 0.03125 0.034375
1 0.56484375 0.7515625 0.025 0.0390625
1 0.559375 0.7203125 0.025 0.0375
1 0.54140625 0.72890625 0.0234375 0.0375
1 0.4984375 0.68125 0.025 0.0375
1 0.4765625 0.69453125 0.028125 0.04375
1 0.49375 0.771875 0.03125 0.0375
1 0.5609375 0.78125 0.025 0.034375
1 0.54453125 0.796875 0.028125 0.0375
1 0.4828125 0.80078125 0.0296875 0.0328125
1 0.5125 0.84453125 0.028125 0.03125
1 0.528125 0.86484375 0.03125 0.0375
1 0.53359375 0.8890625 0.025 0.034375
1 0.553125 0.890625 0.025 0.0328125
1 0.59140625 0.86796875 0.028125 0.034375
1 0.5875 0.83984375 0.0296875 0.03125
1 0.6484375 0.8453125 0.03125 0.03125
1 0.7109375 0.80625 0.028125 0.034375
1 0.54453125 0.91171875 0.0234375 0.034375
1 0.521875 0.91171875 0.025 0.0375
1 0.49921875 0.9140625 0.028125 0.034375
1 0.475 0.91640625 0.034375 0.0421875
1 0.42421875 0.7265625 0.0296875 0.0390625
1 0.44765625 0.740625 0.03125 0.034375
1 0.49296875 0.71328125 0.025 0.034375
1 0.375 0.76328125 0.025 0.04375
1 0.39921875 0.77265625 0.028125 0.034375
1 0.35078125 0.740625 0.0328125 0.03125
1 0.3734375 0.68125 0.03125 0.040625
1 0.32890625 0.8484375 0.025 0.0375
1 0.31015625 0.8390625 0.03125 0.0375
1 0.296875 0.8578125 0.034375 0.0375
1 0.32265625 0.8734375 0.0296875 0.0421875
1 0.38828125 0.9046875 0.0359375 0.0375
1 0.41875 0.8390625 0.025 0.0375
1 0.40078125 0.83984375 0.028125 0.0375
1 0.6078125 0.71328125 0.028125 0.034375
1 0.96640625 0.17109375 0.0328125 0.0421875