0 0.30859375 0.29375 0.03984375 0.05703125
0 0.2625 0.22265625 0.04765625 0.06171875
0 0.52421875 0.4953125 0.04609375 0.06796875
0 0.4453125 0.47421875 0.04140625 0.05546875
0 0.36953125 0.36796875 0.03828125 0.05234375
0 0.3984375 0.40546875 0.0375 0.05234375
0 0.3984375 0.4546875 0.03828125 0.0484375
0 0.3546875 0.4140625 0.040625 0.0515625
0 0.2875 0.3578125 0.04453125 0.053125
0 0.55 0.6046875 0.0390625 0.05859375
0 0.6921875 0.71015625 0.04765625 0.06953125
0 0.62734375 0.6984375 0.03515625 0.0484375
0 0.57109375 0.6421875 0.03828125 0.05625
0 0.48984375 0.5578125 0.03828125 0.04765625
0 0.43046875 0.51796875 0.040625 0.053125
0 0.3515625 0.4640625 0.03984375 0.04609375
0 0.29609375 0.459375 0.0390625 0.0515625
0 0.2578125 0.44375 0.03671875 0.04609375
0 0.225 0.43359375 0.03828125 0.04765625
0 0.1921875 0.13984375 0.03984375 0.05390625
0 0.17421875 0.18046875 0.03828125 0.05234375
0 0.11640625 0.15546875 0.040625 0.05234375
0 0.109375 0.103125 0.04375 0.0515625
0 0.23359375 0.47734375 0.03671875 0.05078125
0 0.44140625 0.62109375 0.03359375 0.046875
0 0.453125 0.66484375 0.0296875 0.046875
0 0.5265625 0.675 0.0296875 0.04921875
0 0.67890625 0.759375 0.03515625 0.04921875
0 0.71875 0.77734375 0.0359375 0.04765625
0 0.675 0.80390625 0.03125 0.0453125
0 0.71953125 0.82265625 0.04375 0.04765625
0 0.23671875 0.6734375 0.0390625 0.04765625
0 0.18125 0.68359375 0.0375 0.046875
0 0.14609375 0.68984375 0.034375 0.05078125
0 0.17890625 0.5953125 0.03359375 0.04609375
0 0.1203125 0.22265625 0.03984375 0.05
0 0.1296875 0.26640625 0.0421875 0.04921875
0 0.15703125 0.22890625 0.0421875 0.0578125
0 0.228125 0.26015625 0.03515625 0.0515625
0 0.3890625 0.5875 0.03984375 0.05234375
0 0.34921875 0.5984375 0.0421875 0.04453125
0 0.359375 0.64140625 0.03203125 0.0484375
0 0.3234375 0.6515625 0.03828125 0.0453125
0 0.36484375 0.684375 0.03984375 0.04921875
0 0.209375 0.5171875 0.0359375 0.0453125
0 0.56328125 0.690625 0.03515625 0.04453125
0 0.64375 0.8328125 0.03671875 0.04609375
0 0.6546875 0.87421875 0.0328125 0.04375
0 0.60859375 0.84921875 0.0390625 0.04296875
0 0.54375 0.79296875 0.03515625 0.04609375
0 0.4765625 0.828125 0.0328125 0.04296875
0 0.42578125 0.74453125 0.03984375 0.0453125
1 0.15 0.13515625 0.0328125 0.04375
1 0.20703125 0.175 0.0296875 0.04296875
1 0.22578125 0.19375 0.02734375 0.0359375
1 0.1953125 0.2046875 0.028125 0.0375
1 0.26328125 0.2671875 0.0359375 0.03828125
1 0.28359375 0.31640625 0.0265625 0.0375
1 0.31640625 0.34453125 0.0359375 0.03828125
1 0.33515625 0.37734375 0.0296875 0.0359375
1 0.3171875 0.3953125 0.0328125 0.0359375
1 0.30078125 0.41015625 0.03046875 0.03515625
1 0.3125 0.43046875 0.028125 0.040625
1 0.23515625 0.353125 0.0296875 0.04140625
1 0.21015625 0.30625 0.03125 0.03671875
1 0.1796875 0.265625 0.028125 0.04140625
1 0.0859375 0.12890625 0.03203125 0.03828125
1 0.43046875 0.4265625 0.0265625 0.04140625
1 0.26328125 0.29375 0.03125 0.040625
1 0.48671875 0.51953125 0.03359375 0.0421875
1 0.46015625 0.53046875 0.03515625 0.04453125
1 0.46015625 0.56015625 0.03828125 0.0453125
1 0.4375 0.5796875 0.0265625 0.03828125
1 0.39921875 0.54765625 0.0296875 0.034375
1 0.76328125 0.7671875 0.0390625 0.053125
1 0.63984375 0.74375 0.02734375 0.0359375
1 0.59609375 0.70234375 0.02578125 0.04140625
1 0.52109375 0.6296875 0.02734375 0.03671875
1 0.47109375 0.634375 0.028125 0.03984375
1 0.5796875 0.7453125 0.02734375 0.03359375
1 0.6078125 0.725 0.02890625 0.0375
1 0.6453125 0.79765625 0.0296875 0.03125
1 0.65 0.76875 0.02890625 0.0359375
1 0.46171875 0.7359375 0.0296875 0.04140625
1 0.503125 0.72734375 0.028125 0.03515625
1 0.5390625 0.74453125 0.03046875 0.034375
1 0.5984375 0.7921875 0.02890625 0.0359375
1 0.5390625 0.825 0.02890625 0.03671875
1 0.67890625 0.83984375 0.03203125 0.0421875
1 0.415625 0.659375 0.03125 0.0328125
1 0.3921875 0.62578125 0.02265625 0.03828125
1 0.41328125 0.63671875 0.02578125 0.03515625
1 0.3875 0.653125 0.03125 0.03515625
1 0.2765625 0.56875 0.0296875 0.03984375
1 0.27421875 0.52421875 0.0296875 0.040625
1 0.17109375 0.4671875 0.03359375 0.03984375
1 0.1109375 0.33828125 0.0296875 0.03984375
1 0.12890625 0.3 0.03515625 0.040625
1 0.17421875 0.36015625 0.03359375 0.040625
1 0.103125 0.18984375 0.03046875 0.03671875