0 0.29140625 0.1734375 0.0546875 0.0609375
0 0.23515625 0.128125 0.0546875 0.0625
0 0.21875 0.075 0.05625 0.059375
0 0.39296875 0.284375 0.0515625 0.0640625
0 0.39140625 0.3328125 0.0453125 0.053125
0 0.41640625 0.36484375 0.0515625 0.0625
0 0.43515625 0.41015625 0.046875 0.065625
0 0.48515625 0.47421875 0.046875 0.0625
0 0.5109375 0.50390625 0.0578125 0.06875
0 0.5390625 0.58828125 0.053125 0.06875
0 0.56796875 0.67890625 0.0578125 0.0796875
0 0.53203125 0.6875 0.046875 0.059375
0 0.5171875 0.6484375 0.05 0.0578125
0 0.46875 0.5875 0.0515625 0.0625
0 0.4484375 0.4765625 0.0515625 0.059375
0 0.39453125 0.43671875 0.0484375 0.05625
0 0.59453125 0.74375 0.05 0.0640625
0 0.709375 0.8109375 0.05625 0.0609375
0 0.68828125 0.8546875 0.053125 0.0640625
0 0.61484375 0.77890625 0.0453125 0.0578125
0 0.63046875 0.81171875 0.04375 0.053125
0 0.65390625 0.8421875 0.0453125 0.0546875
0 0.3390625 0.2171875 0.0515625 0.065625
1 0.36875 0.23046875 0.040625 0.0515625
1 0.309375 0.209375 0.0359375 0.0515625
1 0.2765625 0.2078125 0.0453125 0.0515625
1 0.2578125 0.1734375 0.0359375 0.0515625
1 0.26484375 0.2265625 0.040625 0.04375
1 0.31484375 0.246875 0.0421875 0.0515625
1 0.35859375 0.33984375 0.0359375 0.04375
1 0.37265625 0.375 0.0390625 0.04375
1 0.3953125 0.396875 0.0359375 0.040625
1 0.47734375 0.428125 0.040625 0.0484375
1 0.4109375 0.471875 0.0390625 0.04375
1 0.3671875 0.40390625 0.0359375 0.0421875
1 0.3421875 0.41015625 0.0359375 0.0421875
1 0.3578125 0.428125 0.0328125 0.0390625
1 0.36015625 0.453125 0.028125 0.04375
1 0.3796875 0.46875 0.0375 0.0421875
1 0.3734375 0.49375 0.0359375 0.040625
1 0.4265625 0.5328125 0.0328125 0.0421875
1 0.48515625 0.63046875 0.0375 0.0453125
1 0.50703125 0.58828125 0.040625 0.046875
1 0.45078125 0.51796875 0.0359375 0.040625
1 0.4421875 0.56015625 0.0390625 0.046875
1 0.41640625 0.55859375 0.0390625 0.04375
1 0.390625 0.515625 0.0375 0.0453125
1 0.35 0.58671875 0.034375 0.04375
1 0.4171875 0.634375 0.0296875 0.0359375
1 0.44609375 0.65546875 0.0359375 0.046875
1 0.44921875 0.6859375 0.040625 0.04375
1 0.54296875 0.72109375 0.034375 0.0421875
1 0.50390625 0.759375 0.040625 0.04375
1 0.5671875 0.825 0.0359375 0.04375
1 0.315625 0.46015625 0.034375 0.04375
1 0.32578125 0.421875 0.040625 0.0453125
1 0.19765625 0.3140625 0.0375 0.040625
1 0.25078125 0.328125 0.040625 0.0515625
1 0.31015625 0.37265625 0.0390625 0.04375
1 0.11953125 0.20234375 0.040625 0.04375
1 0.17578125 0.196875 0.0421875 0.04375
1 0.19921875 0.13046875 0.0390625 0.046875
1 0.17734375 0.28671875 0.0390625 0.0421875
1 0.1328125 0.246875 0.040625 0.0421875