0 0.1 0.0640625 0.0421875 0.0578125
0 0.1578125 0.1328125 0.040625 0.0578125
0 0.240625 0.234375 0.040625 0.0546875
0 0.45859375 0.43046875 0.0453125 0.0578125
0 0.32421875 0.22578125 0.05 0.0625
0 0.02109375 0.10546875 0.0359375 0.053125
0 0.04296875 0.190625 0.040625 0.05625
0 0.103125 0.246875 0.0390625 0.0515625
0 0.30390625 0.584375 0.0390625 0.053125
0 0.2890625 0.5375 0.040625 0.05
0 0.55234375 0.59921875 0.05 0.0546875
0 0.3484375 0.35859375 0.0390625 0.0453125
0 0.584375 0.69375 0.0375 0.053125
0 0.66640625 0.71875 0.046875 0.0546875
0 0.7171875 0.83671875 0.0421875 0.053125
0 0.678125 0.86328125 0.0390625 0.0515625
0 0.5234375 0.7875 0.0359375 0.04375
0 0.39453125 0.76328125 0.040625 0.0484375
0 0.25859375 0.696875 0.0375 0.0484375
0 0.34765625 0.63515625 0.0390625 0.0515625
0 0.453125 0.65390625 0.0359375 0.0453125
0 0.2046875 0.6390625 0.0390625 0.05
0 0.259375 0.6140625 0.040625 0.04375
0 0.42421875 0.5734375 0.0375 0.0484375
0 0.41484375 0.45625 0.040625 0.05
0 0.1046875 0.471875 0.04375 0.053125
0 0.47890625 0.8578125 0.0390625 0.053125
0 0.534375 0.90703125 0.0390625 0.046875
0 0.15 0.36171875 0.04375 0.05
0 0.05703125 0.521875 0.0390625 0.0546875
0 0.08125 0.58125 0.040625 0.053125
0 0.0234375 0.3984375 0.04375 0.0578125
0 0.05703125 0.34921875 0.04375 0.0546875
0 0.27734375 0.45390625 0.046875 0.0546875
0 0.42890625 0.83984375 0.0375 0.05
0 0.290625 0.83984375 0.040625 0.05625
0 0.22578125 0.78984375 0.0390625 0.053125
0 0.16015625 0.7171875 0.040625 0.053125
0 0.6015625 0.76953125 0.040625 0.053125
0 0.20078125 0.46328125 0.046875 0.053125
0 0.25078125 0.31171875 0.04375 0.053125
0 0.3328125 0.71796875 0.0421875 0.0515625
0 0.4953125 0.67734375 0.0421875 0.05
0 0.34296875 0.78125 0.0421875 0.05
0 0.34140625 0.4796875 0.0421875 0.05
0 0.31328125 0.44140625 0.0390625 0.0484375
0 0.284375 0.41015625 0.0421875 0.0484375
0 0.1890625 0.3921875 0.04375 0.05
0 0.15546875 0.409375 0.0484375 0.05
0 0.1234375 0.38828125 0.04375 0.046875
0 0.10078125 0.425 0.0421875 0.0484375
0 0.0640625 0.41875 0.0453125 0.05
0 0.03359375 0.44375 0.040625 0.05
0 0.0171875 0.253125 0.034375 0.059375
0 0.01640625 0.30078125 0.0328125 0.0546875
0 0.01640625 0.20546875 0.0328125 0.0546875
0 0.08359375 0.1421875 0.04375 0.0546875
0 0.05625 0.10703125 0.046875 0.059375
0 0.0984375 0.31875 0.04375 0.05625
0 0.23828125 0.5484375 0.0390625 0.0515625
0 0.21953125 0.50859375 0.0296875 0.0546875
0 0.14765625 0.4890625 0.04375 0.05625
0 0.32421875 0.5453125 0.0421875 0.05
0 0.2546875 0.7625 0.040625 0.05
0 0.2328125 0.72421875 0.0453125 0.05
0 0.43828125 0.49375 0.04375 0.059375
0 0.1828125 0.34375 0.0484375 0.0609375
0 0.15859375 0.18125 0.04375 0.053125
0 0.12421875 0.16015625 0.0421875 0.05
0 0.29140625 0.31171875 0.040625 0.0625
0 0.4484375 0.53984375 0.040625 0.0484375
0 0.4640625 0.58125 0.0375 0.0515625
0 0.48671875 0.6328125 0.040625 0.0515625
0 0.54375 0.6515625 0.0390625 0.05
0 0.55 0.696875 0.04375 0.05
0 0.54765625 0.86484375 0.0375 0.046875
0 0.29140625 0.71640625 0.0453125 0.0515625
0 0.125 0.5875 0.0453125 0.0515625
0 0.13125 0.209375 0.046875 0.05625
0 0.059375 0.2390625 0.040625 0.0515625
0 0.26640625 0.27109375 0.04375 0.0484375
1 0.1671875 0.27421875 0.034375 0.0421875
1 0.21640625 0.2859375 0.0359375 0.0390625
1 0.32578125 0.30234375 0.0375 0.05
1 0.41796875 0.4046875 0.0328125 0.0484375
1 0.18515625 0.5828125 0.0328125 0.0390625
1 0.12109375 0.54921875 0.0328125 0.040625
1 0.3875 0.8125 0.028125 0.0328125
1 0.346875 0.821875 0.03125 0.0375
1 0.4109375 0.90234375 0.028125 0.0390625
1 0.63203125 0.76328125 0.028125 0.0390625
1 0.6734375 0.76328125 0.0296875 0.040625
1 0.6515625 0.7703125 0.028125 0.0390625
1 0.51484375 0.7390625 0.03125 0.0375
1 0.3234375 0.64609375 0.0328125 0.0375
1 0.30546875 0.6203125 0.0296875 0.034375
1 0.37734375 0.64140625 0.0328125 0.0359375
1 0.4 0.59765625 0.028125 0.0390625
1 0.45546875 0.61640625 0.0296875 0.0375
1 0.2 0.53359375 0.034375 0.040625
1 0.16171875 0.52421875 0.0296875 0.034375
1 0.21328125 0.4171875 0.028125 0.0375
1 0.08046875 0.215625 0.028125 0.0390625
1 0.01171875 0.16953125 0.0234375 0.0421875
1 0.25078125 0.43671875 0.03125 0.040625
1 0.3546875 0.5375 0.0359375 0.040625
1 0.32265625 0.5078125 0.028125 0.0359375
1 0.375 0.690625 0.0296875 0.0359375
1 0.45625 0.68984375 0.028125 0.0359375
1 0.42109375 0.69453125 0.03125 0.0375
1 0.396875 0.690625 0.0296875 0.034375
1 0.29765625 0.753125 0.0265625 0.0359375
1 0.32421875 0.75 0.028125 0.0375
1 0.2984375 0.78359375 0.028125 0.0375
1 0.253125 0.8203125 0.0359375 0.040625
1 0.18203125 0.75234375 0.0328125 0.0421875
1 0.11640625 0.66171875 0.0359375 0.04375
1 0.03984375 0.48046875 0.034375 0.040625
1 0.05 0.38515625 0.028125 0.0421875
1 0.09609375 0.35546875 0.03125 0.0375
1 0.128125 0.32734375 0.034375 0.0421875
1 0.071875 0.27421875 0.0375 0.046875
1 0.1875 0.1984375 0.0296875 0.034375
1 0.16875 0.22421875 0.03125 0.0390625
1 0.19140625 0.27265625 0.03125 0.040625
1 0.384375 0.3859375 0.0390625 0.04375
1 0.36015625 0.39296875 0.034375 0.0328125
1 0.33359375 0.4203125 0.0375 0.0421875
1 0.2578125 0.478125 0.0265625 0.0328125
1 0.2984375 0.50078125 0.0234375 0.0328125
1 0.3 0.47421875 0.025 0.03125
1 0.3921875 0.52578125 0.0296875 0.0359375
1 0.36484375 0.515625 0.028125 0.0390625
1 0.3671875 0.46796875 0.0265625 0.0375
1 0.40078125 0.5 0.0328125 0.040625
1 0.39140625 0.48359375 0.0234375 0.0390625
1 0.5 0.52578125 0.0390625 0.059375
1 0.46953125 0.51328125 0.0390625 0.0484375
1 0.49296875 0.7421875 0.0265625 0.0359375
1 0.54765625 0.73828125 0.0296875 0.034375
1 0.509375 0.7078125 0.0296875 0.0375
1 0.37421875 0.8515625 0.0296875 0.040625
1 0.559375 0.834375 0.03125 0.0359375
1 0.4984375 0.81875 0.03125 0.0375
1 0.6390625 0.73671875 0.028125 0.0375
1 0.6484375 0.79609375 0.0296875 0.034375
1 0.47734375 0.91015625 0.034375 0.0421875
1 0.4453125 0.871875 0.028125 0.03125
1 0.38046875 0.89140625 0.03125 0.040625
1 0.28046875 0.67890625 0.034375 0.0375
1 0.26484375 0.36875 0.0359375 0.0453125
1 0.22578125 0.3578125 0.0328125 0.0375
1 0.23515625 0.39921875 0.03125 0.0390625
1 0.25859375 0.39296875 0.034375 0.0375
1 0.140625 0.2546875 0.0390625 0.040625
1 0.096875 0.17421875 0.034375 0.040625
1 0.09921875 0.20390625 0.034375 0.0359375
1 0.0375 0.25625 0.03125 0.04375
1 0.08203125 0.49921875 0.0265625 0.0375
1 0.109375 0.50859375 0.025 0.034375
1 0.12421875 0.5109375 0.0265625 0.0375
1 0.4171875 0.6125 0.025 0.0359375
1 0.4328125 0.628125 0.0265625 0.034375
1 0.3984375 0.6328125 0.028125 0.03125
1 0.3625 0.565625 0.034375 0.0375
1 0.20078125 0.6015625 0.0265625 0.03125
1 0.2390625 0.58515625 0.03125 0.034375
1 0.21484375 0.57109375 0.0296875 0.0359375
1 0.22734375 0.621875 0.034375 0.0375
1 0.16953125 0.64140625 0.0296875 0.0359375
1 0.18671875 0.665625 0.0328125 0.0375
1 0.18203125 0.690625 0.03125 0.0328125
1 0.12890625 0.68984375 0.034375 0.0390625
1 0.37421875 0.71796875 0.0328125 0.0390625
1 0.52109375 0.86875 0.03125 0.0390625
1 0.45625 0.83203125 0.0328125 0.040625
1 0.37578125 0.790625 0.03125 0.0375
0 0.1375 0.29296875 0.0421875 0.0546875
0 0.30703125 0.37421875 0.0390625 0.0515625
0 0.4421875 0.71953125 0.034375 0.0453125
0 0.428125 0.759375 0.0375 0.0484375
0 0.4625 0.75703125 0.0375 0.0515625
0 0.46875 0.803125 0.040625 0.046875
0 0.415625 0.80078125 0.0390625 0.0453125
0 0.56796875 0.90078125 0.034375 0.0484375
0 0.603125 0.89375 0.0375 0.046875
0 0.6359375 0.884375 0.0390625 0.0484375
0 0.6109375 0.8515625 0.0390625 0.04375
0 0.58984375 0.81640625 0.0375 0.05
0 0.55859375 0.79765625 0.0421875 0.05
0 0.5734375 0.73671875 0.040625 0.0515625
0 0.60859375 0.72578125 0.040625 0.0515625
0 0.340625 0.58515625 0.04375 0.053125
0 0.37421875 0.6046875 0.04375 0.0546875
0 0.1140625 0.11484375 0.0421875 0.053125
0 0.10234375 0.621875 0.0390625 0.0546875
0 0.321875 0.86171875 0.0390625 0.0515625
0 0.3546875 0.88046875 0.040625 0.046875
0 0.503125 0.89375 0.0390625 0.0515625
0 0.64765625 0.840625 0.040625 0.0484375
0 0.621875 0.80859375 0.0390625 0.0515625
0 0.68359375 0.81796875 0.040625 0.053125