0 0.24765625 0.20625 0.046875 0.05625
0 0.1859375 0.16796875 0.046875 0.0578125
0 0.1625 0.11875 0.05 0.0546875
0 0.3640625 0.3015625 0.04375 0.059375
0 0.36953125 0.34921875 0.0390625 0.05
0 0.3984375 0.378125 0.0453125 0.05625
0 0.4234375 0.4203125 0.0390625 0.0609375
0 0.48203125 0.4765625 0.0390625 0.059375
0 0.51171875 0.50234375 0.05 0.0625
0 0.5515625 0.58203125 0.0453125 0.0640625
0 0.5921875 0.6671875 0.0484375 0.075
0 0.5578125 0.68125 0.040625 0.0546875
0 0.5375 0.64453125 0.04375 0.053125
0 0.48125 0.59140625 0.0453125 0.0578125
0 0.4453125 0.48359375 0.0453125 0.053125
0 0.38671875 0.4515625 0.0421875 0.0515625
0 0.62734375 0.728125 0.04375 0.059375
0 0.75078125 0.77890625 0.05 0.05625
0 0.7359375 0.825 0.046875 0.059375
0 0.65234375 0.76015625 0.0390625 0.053125
0 0.67265625 0.790625 0.0390625 0.0484375
0 0.7 0.8171875 0.040625 0.05
0 0.3015625 0.2421875 0.04375 0.0609375
1 0.33203125 0.25078125 0.0359375 0.0484375
1 0.2703125 0.23828125 0.0296875 0.0484375
1 0.23828125 0.24140625 0.040625 0.046875
1 0.21484375 0.21015625 0.03125 0.0484375
1 0.22890625 0.26171875 0.0359375 0.040625
1 0.28203125 0.275 0.0375 0.0484375
1 0.3375 0.3609375 0.03125 0.040625
1 0.35625 0.39375 0.034375 0.040625
1 0.38203125 0.4125 0.03125 0.0359375
1 0.46796875 0.43203125 0.034375 0.0453125
1 0.4078125 0.484375 0.034375 0.040625
1 0.35546875 0.4234375 0.03125 0.0375
1 0.33125 0.43359375 0.03125 0.0375
1 0.34921875 0.4484375 0.0296875 0.0359375
1 0.35546875 0.47265625 0.021875 0.040625
1 0.3765625 0.4859375 0.0328125 0.0390625
1 0.3734375 0.51171875 0.03125 0.0375
1 0.43203125 0.54296875 0.028125 0.0390625
1 0.503125 0.63125 0.0328125 0.040625
1 0.51875 0.5859375 0.0359375 0.0421875
1 0.45390625 0.525 0.03125 0.0375
1 0.45078125 0.56796875 0.034375 0.04375
1 0.425 0.56953125 0.034375 0.0390625
1 0.39375 0.53046875 0.03125 0.0421875
1 0.3640625 0.60703125 0.0296875 0.040625
1 0.43671875 0.64453125 0.025 0.034375
1 0.46796875 0.66171875 0.03125 0.0421875
1 0.47578125 0.69140625 0.0359375 0.0390625
1 0.5734375 0.7125 0.0296875 0.0375
1 0.53984375 0.75625 0.0359375 0.0390625
1 0.61171875 0.8125 0.03125 0.0390625
1 0.3125 0.4859375 0.028125 0.040625
1 0.31640625 0.446875 0.0359375 0.0421875
1 0.175 0.3578125 0.0328125 0.0375
1 0.2296875 0.36484375 0.034375 0.0484375
1 0.29375 0.4 0.034375 0.0390625
1 0.08125 0.25859375 0.0359375 0.0390625
1 0.13671875 0.24453125 0.0375 0.040625
1 0.15078125 0.17578125 0.0328125 0.04375
1 0.1515625 0.33359375 0.034375 0.0390625
1 0.1015625 0.30078125 0.0359375 0.0375