1 0.184375 0.3625 0.03203125 0.04140625
1 0.17109375 0.41484375 0.03359375 0.0375
1 0.2375 0.37578125 0.03046875 0.03515625
1 0.2953125 0.3609375 0.02890625 0.0390625
1 0.29765625 0.39765625 0.03046875 0.0390625
1 0.27578125 0.415625 0.028125 0.03046875
1 0.23203125 0.45 0.03046875 0.04296875
1 0.27734375 0.48671875 0.02578125 0.03671875
1 0.30390625 0.46796875 0.02890625 0.0328125
1 0.31953125 0.4875 0.02265625 0.03359375
1 0.34765625 0.43203125 0.02734375 0.03828125
1 0.36953125 0.4421875 0.0328125 0.0421875
1 0.4765625 0.446875 0.0328125 0.04453125
1 0.41953125 0.484375 0.0203125 0.03671875
1 0.43359375 0.49765625 0.0296875 0.04453125
1 0.46640625 0.5234375 0.0296875 0.0421875
1 0.45859375 0.55078125 0.03046875 0.04140625
1 0.496875 0.56171875 0.02890625 0.0375
1 0.49453125 0.61328125 0.02734375 0.03515625
1 0.2859375 0.55703125 0.02890625 0.03359375
1 0.2484375 0.51796875 0.02734375 0.03984375
1 0.228125 0.5078125 0.03046875 0.03828125
1 0.20390625 0.5015625 0.028125 0.03125
1 0.19609375 0.47578125 0.028125 0.03203125
1 0.228125 0.4765625 0.034375 0.03515625
1 0.253125 0.4828125 0.025 0.0359375
1 0.26640625 0.5015625 0.02421875 0.0359375
1 0.26640625 0.5359375 0.02421875 0.034375
1 0.2859375 0.525 0.02421875 0.03984375
1 0.29921875 0.49609375 0.02421875 0.0328125
1 0.30703125 0.5171875 0.021875 0.03671875
1 0.325 0.5109375 0.02265625 0.0375
1 0.34609375 0.50390625 0.0265625 0.03984375
1 0.371875 0.48984375 0.028125 0.03359375
1 0.4015625 0.50390625 0.02578125 0.03125
1 0.409375 0.52734375 0.025 0.0390625
1 0.38828125 0.5296875 0.02578125 0.034375
1 0.37265625 0.5140625 0.025 0.02890625
1 0.3640625 0.53359375 0.02421875 0.03671875
1 0.34140625 0.5359375 0.02734375 0.03203125
1 0.3546875 0.559375 0.0296875 0.0265625
1 0.3859375 0.59140625 0.02421875 0.0375
1 0.36640625 0.57734375 0.03359375 0.034375
1 0.409375 0.60234375 0.02734375 0.0375
1 0.3671875 0.60625 0.02890625 0.03515625
1 0.3453125 0.62578125 0.025 0.034375
1 0.36640625 0.63125 0.028125 0.0296875
1 0.40078125 0.66484375 0.0265625 0.03046875
1 0.4203125 0.66328125 0.02421875 0.0328125
1 0.44375 0.6625 0.0296875 0.0375
1 0.334375 0.6484375 0.02734375 0.0328125
1 0.26875 0.57890625 0.028125 0.034375
1 0.246875 0.59296875 0.028125 0.03359375
1 0.34453125 0.67265625 0.03125 0.0359375
1 0.39140625 0.690625 0.03125 0.03203125
1 0.415625 0.68671875 0.0265625 0.0328125
1 0.39375 0.72109375 0.02421875 0.0328125
1 0.19375 0.5703125 0.0296875 0.03515625
1 0.17578125 0.5546875 0.028125 0.03515625
1 0.1546875 0.53515625 0.02890625 0.03828125
1 0.1265625 0.5421875 0.028125 0.0390625
1 0.09765625 0.6171875 0.0296875 0.0375
1 0.0875 0.590625 0.02890625 0.0359375
1 0.11796875 0.61875 0.02265625 0.03671875
1 0.1359375 0.60546875 0.028125 0.04375
1 0.1609375 0.60078125 0.02421875 0.03203125
1 0.17890625 0.5859375 0.02734375 0.03515625
1 0.22109375 0.70078125 0.0296875 0.0359375
1 0.20859375 0.72109375 0.02734375 0.0328125
1 0.23515625 0.71875 0.02421875 0.03828125
1 0.28671875 0.70859375 0.0265625 0.040625
1 0.34296875 0.7234375 0.02578125 0.040625
1 0.33203125 0.74765625 0.02890625 0.03125
1 0.3109375 0.76796875 0.02890625 0.03125
1 0.28984375 0.78515625 0.02265625 0.03671875
1 0.25 0.7703125 0.02421875 0.03671875
1 0.26953125 0.77890625 0.02421875 0.0390625
1 0.2640625 0.8015625 0.0296875 0.034375
1 0.25390625 0.828125 0.03125 0.0359375
1 0.3125 0.79453125 0.025 0.03359375
1 0.33125 0.8046875 0.028125 0.03515625
1 0.3234375 0.825 0.02578125 0.03203125
1 0.346875 0.83984375 0.02421875 0.03125
1 0.4046875 0.87734375 0.0265625 0.03046875
1 0.39296875 0.9 0.02578125 0.03515625
1 0.3734375 0.890625 0.02265625 0.040625
1 0.4421875 0.73125 0.0265625 0.03359375
1 0.46796875 0.70859375 0.02734375 0.0390625
1 0.49765625 0.696875 0.02734375 0.03671875
1 0.5109375 0.67734375 0.02578125 0.03515625
1 0.50703125 0.721875 0.02578125 0.03984375
1 0.484375 0.71640625 0.02578125 0.03671875
1 0.48046875 0.73984375 0.02890625 0.034375
1 0.459375 0.73984375 0.02421875 0.03515625
1 0.44375 0.75625 0.0296875 0.0359375
1 0.49453125 0.76328125 0.0234375 0.03515625
1 0.509375 0.78046875 0.02890625 0.034375
1 0.48046875 0.8109375 0.0265625 0.03359375
1 0.515625 0.8078125 0.028125 0.034375
1 0.46640625 0.846875 0.02890625 0.0375
1 0.5203125 0.87890625 0.03125 0.034375
1 0.44921875 0.9140625 0.02578125 0.03671875
1 0.47109375 0.91484375 0.0265625 0.03828125
1 0.5875 0.86796875 0.0296875 0.03359375
1 0.57734375 0.8421875 0.028125 0.03203125
1 0.5828125 0.78359375 0.0296875 0.03828125
1 0.55 0.73671875 0.0265625 0.03828125
1 0.16171875 0.6734375 0.03125 0.0328125
1 0.1421875 0.68828125 0.02734375 0.03203125
1 0.1484375 0.71171875 0.0328125 0.034375
1 0.08203125 0.484375 0.02734375 0.034375
1 0.13203125 0.465625 0.03203125 0.04140625
1 0.14375 0.44453125 0.025 0.03515625
1 0.1671875 0.440625 0.028125 0.0359375
1 0.14453125 0.41640625 0.02890625 0.0375
1 0.11875 0.37734375 0.0265625 0.034375
1 0.1125 0.3515625 0.03125 0.03515625
1 0.12421875 0.3296875 0.028125 0.03359375
1 0.06640625 0.3671875 0.03125 0.0375
1 0.06328125 0.3984375 0.0328125 0.0359375
1 0.1765625 0.315625 0.0265625 0.040625
1 0.1953125 0.328125 0.02890625 0.040625
1 0.23359375 0.2234375 0.03359375 0.03828125
1 0.27109375 0.2796875 0.03046875 0.040625
1 0.26328125 0.30390625 0.0328125 0.03359375
1 0.15234375 0.18359375 0.03203125 0.0375
1 0.13203125 0.19765625 0.03046875 0.0375
1 0.140625 0.22265625 0.03125 0.0328125
1 0.0625 0.18515625 0.02734375 0.0390625
1 0.08984375 0.2609375 0.02890625 0.04140625
1 0.06015625 0.31484375 0.03359375 0.03828125
1 0.059375 0.04921875 0.0296875 0.0421875
1 0.06328125 0.078125 0.0359375 0.028125
1 0.04296875 0.090625 0.03125 0.04453125
1 0.5859375 0.5765625 0.034375 0.0453125
1 0.60078125 0.6359375 0.03125 0.0453125
1 0.60078125 0.66875 0.0375 0.0359375
1 0.60625 0.696875 0.03203125 0.0296875
1 0.596875 0.76171875 0.0265625 0.03984375
1 0.6078125 0.79921875 0.0234375 0.034375
1 0.58984375 0.81015625 0.02421875 0.03203125
1 0.59921875 0.82890625 0.02421875 0.0328125
1 0.50078125 0.8265625 0.02421875 0.0296875
1 0.67265625 0.8765625 0.03046875 0.03671875
0 0.07265625 0.11328125 0.04140625 0.05
0 0.12265625 0.153125 0.04296875 0.0578125
0 0.09921875 0.20703125 0.03671875 0.0515625
0 0.084375 0.16015625 0.04140625 0.05
0 0.040625 0.134375 0.03828125 0.05390625
0 0.0328125 0.17890625 0.040625 0.05
0 0.02890625 0.2296875 0.0375 0.046875
0 0.0671875 0.2265625 0.0390625 0.05
0 0.06484375 0.275 0.03671875 0.0484375
0 0.02890625 0.27734375 0.03984375 0.04921875
0 0.03046875 0.325 0.0390625 0.046875
0 0.12109375 0.24609375 0.03359375 0.046875
0 0.17265625 0.21328125 0.034375 0.0453125
0 0.2015625 0.2375 0.0359375 0.05
0 0.16484375 0.259375 0.0421875 0.04921875
0 0.1375 0.290625 0.0375 0.04765625
0 0.10234375 0.3015625 0.03828125 0.04375
0 0.08125 0.340625 0.03671875 0.04921875
0 0.1515625 0.3328125 0.03828125 0.0453125
0 0.1453125 0.3796875 0.03828125 0.053125
0 0.19375 0.28671875 0.0359375 0.04765625
0 0.22734375 0.303125 0.03828125 0.04765625
0 0.253125 0.3359375 0.03984375 0.0484375
0 0.2796875 0.2421875 0.03984375 0.0484375
0 0.23671875 0.2578125 0.04296875 0.04921875
0 0.31953125 0.28359375 0.0453125 0.0515625
0 0.3046875 0.328125 0.0375 0.04765625
0 0.33359375 0.35390625 0.0390625 0.0484375
0 0.37265625 0.3390625 0.040625 0.05078125
0 0.384375 0.3875 0.040625 0.0515625
0 0.20625 0.3921875 0.0390625 0.04765625
0 0.19765625 0.4390625 0.0359375 0.04765625
0 0.11484375 0.425 0.0375 0.0484375
0 0.09453125 0.3890625 0.03671875 0.04921875
0 0.0359375 0.37265625 0.0390625 0.046875
0 0.0421875 0.42109375 0.0390625 0.05234375
0 0.05234375 0.46640625 0.0390625 0.04765625
0 0.08046875 0.43671875 0.034375 0.0546875
0 0.10625 0.47265625 0.03515625 0.04921875
0 0.0640625 0.5109375 0.03828125 0.0515625
0 0.103125 0.52265625 0.03671875 0.04609375
0 0.13515625 0.5046875 0.0359375 0.046875
0 0.1625 0.475 0.03828125 0.046875
0 0.17890625 0.51640625 0.04140625 0.04609375
0 0.30703125 0.43203125 0.0390625 0.0484375
0 0.265625 0.4484375 0.03828125 0.0453125
0 0.24140625 0.41171875 0.03828125 0.0453125
0 0.271875 0.38046875 0.03671875 0.0515625
0 0.3328125 0.4015625 0.03828125 0.04921875
0 0.41015625 0.42265625 0.034375 0.04921875
0 0.43828125 0.45234375 0.03828125 0.04921875
0 0.3953125 0.465625 0.03984375 0.04375
0 0.4734375 0.4875 0.0375 0.046875
0 0.50234375 0.5234375 0.034375 0.053125
0 0.53671875 0.51171875 0.0453125 0.053125
0 0.5453125 0.55859375 0.04296875 0.05
0 0.521875 0.590625 0.034375 0.0515625
0 0.54921875 0.61484375 0.0390625 0.05234375
0 0.546875 0.6640625 0.03671875 0.046875
0 0.5015625 0.64765625 0.03359375 0.0421875
0 0.4703125 0.62734375 0.0328125 0.04453125
0 0.43984375 0.584375 0.0359375 0.04453125
0 0.4359375 0.5375 0.03515625 0.04453125
0 0.4078125 0.56328125 0.03359375 0.0453125
0 0.334375 0.59453125 0.03515625 0.04609375
0 0.31875 0.55 0.0359375 0.0453125
0 0.3 0.58828125 0.03671875 0.04375
0 0.271875 0.6171875 0.0359375 0.0453125
0 0.25859375 0.659375 0.0328125 0.04765625
0 0.29296875 0.67109375 0.0359375 0.046875
0 0.32578125 0.69375 0.03125 0.04765625
0 0.23515625 0.62265625 0.0375 0.0453125
0 0.21640625 0.58125 0.0390625 0.0484375
0 0.21171875 0.5359375 0.03359375 0.04765625
0 0.24453125 0.553125 0.0375 0.04921875
0 0.19609375 0.61875 0.03828125 0.05
0 0.18671875 0.66328125 0.0359375 0.04765625
0 0.2234375 0.66640625 0.03828125 0.0515625
0 0.1578125 0.63828125 0.0375 0.04453125
0 0.12578125 0.65859375 0.04296875 0.0484375
0 0.078125 0.5546875 0.0359375 0.046875
0 0.1125 0.571875 0.0375 0.0515625
0 0.1484375 0.56875 0.0390625 0.0453125
0 0.17734375 0.70625 0.0390625 0.04765625
0 0.1875 0.75 0.03671875 0.05546875
0 0.22578125 0.75078125 0.03984375 0.0515625
0 0.23359375 0.7953125 0.03984375 0.053125
0 0.27421875 0.7453125 0.03984375 0.04453125
0 0.26015625 0.70390625 0.040625 0.05
0 0.3078125 0.7328125 0.0390625 0.0484375
0 0.34765625 0.77578125 0.03828125 0.04453125
0 0.3765625 0.75390625 0.0296875 0.04453125
0 0.36875 0.709375 0.0359375 0.05
0 0.371875 0.665625 0.03515625 0.04140625
0 0.41328125 0.7453125 0.03515625 0.046875
0 0.43984375 0.69765625 0.03515625 0.0421875
0 0.4703125 0.671875 0.03203125 0.04296875
0 0.43203125 0.62578125 0.0359375 0.05
0 0.39609375 0.6296875 0.03671875 0.046875
0 0.39609375 0.7890625 0.03828125 0.05234375
0 0.3671875 0.81171875 0.03984375 0.04609375
0 0.37578125 0.85 0.03828125 0.053125
0 0.40625 0.8328125 0.0421875 0.05
0 0.43359375 0.86015625 0.040625 0.0484375
0 0.465625 0.88046875 0.03671875 0.046875
0 0.42421875 0.9 0.0375 0.046875
0 0.34609375 0.8734375 0.034375 0.0453125
0 0.31171875 0.8546875 0.03828125 0.0484375
0 0.2875 0.82265625 0.03671875 0.04921875
0 0.4296875 0.784375 0.0421875 0.0484375
0 0.4515625 0.815625 0.03828125 0.04921875
0 0.47109375 0.77890625 0.03828125 0.04921875
0 0.521875 0.75078125 0.0375 0.04921875
0 0.5328125 0.70546875 0.03984375 0.04609375
0 0.55234375 0.771875 0.04140625 0.04765625
0 0.5609375 0.81484375 0.04140625 0.0453125
0 0.525 0.84375 0.03671875 0.0453125
0 0.55546875 0.86171875 0.04140625 0.04765625
0 0.496875 0.8640625 0.03984375 0.046875
0 0.5 0.90859375 0.0375 0.05078125
0 0.5359375 0.90859375 0.0375 0.05078125
0 0.575 0.6875 0.03828125 0.0484375