0 0.39140625 0.33828125 0.0515625 0.05625
0 0.4078125 0.38046875 0.0546875 0.059375
0 0.35625 0.35546875 0.053125 0.059375
0 0.28984375 0.33828125 0.0546875 0.0578125
0 0.296875 0.28984375 0.0515625 0.0546875
0 0.26015625 0.278125 0.0515625 0.0578125
0 0.2609375 0.23125 0.05 0.05625
0 0.2625 0.1828125 0.05 0.05625
0 0.28046875 0.08515625 0.05 0.0640625
0 0.24453125 0.0734375 0.0515625 0.059375
0 0.24296875 0.02578125 0.0515625 0.0515625
0 0.20546875 0.034375 0.05 0.05625
0 0.16484375 0.01875 0.0484375 0.0375
0 0.1734375 0.05625 0.053125 0.0671875
0 0.17890625 0.1015625 0.0484375 0.0609375
0 0.209375 0.134375 0.0515625 0.059375
0 0.17265625 0.1484375 0.05 0.059375
0 0.1796875 0.196875 0.05 0.05625
0 0.2 0.00859375 0.046875 0.0171875
0 0.13515625 0.05546875 0.05 0.0578125
0 0.14140625 0.11015625 0.0515625 0.0609375
0 0.10546875 0.11875 0.05 0.0578125
0 0.24765625 0.121875 0.046875 0.053125
0 0.2171875 0.18203125 0.0453125 0.0546875
0 0.1265625 0.18046875 0.05 0.059375
0 0.0921875 0.1640625 0.0453125 0.053125
0 0.08125 0.2109375 0.0453125 0.05625
0 0.115625 0.2265625 0.046875 0.0546875
0 0.18203125 0.2671875 0.0484375 0.053125
0 0.2203125 0.278125 0.04375 0.05
0 0.21875 0.328125 0.046875 0.053125
0 0.1328125 0.3015625 0.046875 0.0546875
0 0.0703125 0.3 0.053125 0.059375
0 0.103125 0.33203125 0.0515625 0.0546875
0 0.0671875 0.3484375 0.05 0.05625
0 0.10390625 0.37890625 0.0515625 0.0546875
0 0.06796875 0.3953125 0.05 0.053125
0 0.159375 0.3328125 0.046875 0.0546875
0 0.1828125 0.3703125 0.04375 0.05
0 0.21796875 0.37265625 0.0515625 0.05625
0 0.25234375 0.34765625 0.0453125 0.05625
0 0.25390625 0.39375 0.0484375 0.0546875
0 0.22109375 0.4203125 0.046875 0.053125
0 0.1734375 0.41328125 0.0484375 0.0546875
0 0.1078125 0.425 0.05 0.053125
0 0.0734375 0.44140625 0.05 0.05625
0 0.29921875 0.4046875 0.0484375 0.0515625
0 0.36328125 0.42265625 0.05 0.0609375
0 0.31875 0.459375 0.046875 0.053125
0 0.23984375 0.4578125 0.0484375 0.05625
0 0.19296875 0.45 0.0484375 0.0578125
0 0.2125 0.48828125 0.0515625 0.0578125
0 0.26328125 0.51171875 0.0484375 0.05625
0 0.2859375 0.54609375 0.046875 0.05625
0 0.31328125 0.5703125 0.05 0.0546875
0 0.35390625 0.5578125 0.046875 0.0546875
0 0.359375 0.51171875 0.046875 0.05625
0 0.32578125 0.5046875 0.046875 0.0546875
0 0.38984375 0.4765625 0.046875 0.0546875
0 0.44453125 0.51328125 0.05 0.0578125
0 0.3890625 0.54609375 0.04375 0.053125
0 0.140625 0.4375 0.0484375 0.05625
0 0.11328125 0.4703125 0.0515625 0.0546875
0 0.07890625 0.4859375 0.05 0.053125
0 0.0875 0.52890625 0.05 0.059375
0 0.21171875 0.5328125 0.046875 0.053125
0 0.190625 0.5703125 0.05 0.0578125
0 0.23125 0.5671875 0.05 0.0609375
0 0.2625 0.5875 0.046875 0.0578125
0 0.2203125 0.6125 0.053125 0.05625
0 0.184375 0.61484375 0.05 0.05625
0 0.14921875 0.615625 0.0453125 0.0578125
0 0.13671875 0.5734375 0.0484375 0.05625
0 0.0984375 0.571875 0.046875 0.05625
0 0.1109375 0.6125 0.053125 0.0578125
0 0.1328125 0.6578125 0.046875 0.0546875
0 0.16875 0.6546875 0.05 0.0640625
0 0.2046875 0.65625 0.05 0.0578125
0 0.246875 0.6875 0.046875 0.05625
0 0.28046875 0.671875 0.0453125 0.05625
0 0.35 0.6046875 0.046875 0.05
0 0.3859375 0.5921875 0.0453125 0.0515625
0 0.390625 0.634375 0.046875 0.053125
0 0.353125 0.6484375 0.046875 0.053125
0 0.37734375 0.678125 0.0453125 0.0484375
0 0.4140625 0.671875 0.04375 0.0546875
0 0.42578125 0.6296875 0.0421875 0.05625
0 0.49375 0.5484375 0.0484375 0.0578125
0 0.52734375 0.61640625 0.0484375 0.0625
0 0.4890625 0.628125 0.0484375 0.0515625
0 0.4578125 0.64765625 0.0453125 0.0546875
0 0.49921875 0.66640625 0.0421875 0.0578125
0 0.53125 0.67265625 0.04375 0.0484375
0 0.56953125 0.67578125 0.05 0.05625
0 0.54765625 0.7125 0.04375 0.05625
0 0.50859375 0.709375 0.0453125 0.05
0 0.43671875 0.70234375 0.0453125 0.05625
0 0.478125 0.734375 0.0484375 0.05625
0 0.58046875 0.73828125 0.0453125 0.0546875
0 0.31875 0.6890625 0.04375 0.0546875
0 0.3578125 0.7203125 0.04375 0.053125
0 0.421875 0.75859375 0.046875 0.053125
0 0.47578125 0.77734375 0.04375 0.0515625
0 0.51328125 0.77734375 0.0453125 0.05625
0 0.546875 0.75625 0.046875 0.0515625
0 0.55703125 0.81640625 0.04375 0.053125
0 0.59140625 0.79921875 0.046875 0.0578125
0 0.48125 0.821875 0.046875 0.0515625
0 0.425 0.80390625 0.040625 0.05
0 0.365625 0.79140625 0.04375 0.0515625
0 0.334375 0.7765625 0.0453125 0.053125
0 0.2984375 0.77734375 0.0453125 0.0515625
0 0.28203125 0.740625 0.04375 0.053125
0 0.24609375 0.73125 0.0453125 0.053125
0 0.19921875 0.71953125 0.05 0.0578125
0 0.1546875 0.703125 0.04375 0.0546875
0 0.19765625 0.76640625 0.0421875 0.0515625
0 0.22265625 0.79140625 0.0453125 0.05625
0 0.25 0.81796875 0.0453125 0.05625
0 0.2765625 0.84375 0.04375 0.0578125
0 0.30859375 0.8640625 0.04375 0.0546875
0 0.3390625 0.8796875 0.04375 0.05625
0 0.31171875 0.81875 0.0453125 0.05625
0 0.25703125 0.77421875 0.0484375 0.0578125
0 0.3609375 0.8375 0.0484375 0.05625
0 0.39140625 0.81875 0.0453125 0.059375
0 0.41640625 0.871875 0.0453125 0.0515625
0 0.45 0.87734375 0.04375 0.0546875
0 0.44765625 0.8328125 0.0484375 0.05625
0 0.4828125 0.8625 0.0484375 0.059375
0 0.509375 0.88984375 0.05 0.05625
0 0.521875 0.8171875 0.0453125 0.0546875
0 0.55390625 0.8625 0.0515625 0.053125
0 0.5875 0.84296875 0.0453125 0.0546875
0 0.56328125 0.90234375 0.0484375 0.05625
0 0.46875 0.9109375 0.0484375 0.053125
1 0.2265625 0.00859375 0.0375 0.0171875
1 0.1359375 0.01796875 0.040625 0.0359375
1 0.209375 0.0703125 0.040625 0.04375
1 0.20859375 0.09609375 0.0375 0.0421875
1 0.2828125 0.1234375 0.0390625 0.0421875
1 0.27421875 0.146875 0.0453125 0.040625
1 0.2921875 0.20234375 0.034375 0.05
1 0.2390625 0.1578125 0.034375 0.0375
1 0.140625 0.15 0.034375 0.0421875
1 0.153125 0.1765625 0.0359375 0.04375
1 0.15234375 0.20625 0.03125 0.0359375
1 0.140625 0.23046875 0.0328125 0.0375
1 0.16015625 0.234375 0.0359375 0.040625
1 0.1546875 0.26171875 0.0375 0.04375
1 0.13515625 0.2578125 0.0328125 0.040625
1 0.115625 0.26953125 0.0390625 0.040625
1 0.090625 0.253125 0.0421875 0.040625
1 0.06796875 0.25078125 0.0375 0.046875
1 0.09453125 0.2734375 0.034375 0.040625
1 0.10625 0.296875 0.0328125 0.0375
1 0.16171875 0.2953125 0.0359375 0.040625
1 0.1921875 0.30234375 0.0359375 0.040625
1 0.19375 0.32734375 0.0390625 0.046875
1 0.2890625 0.23046875 0.0375 0.0421875
1 0.31328125 0.24140625 0.034375 0.0421875
1 0.28984375 0.25546875 0.0359375 0.0390625
1 0.31953125 0.26953125 0.034375 0.040625
1 0.32890625 0.29375 0.03125 0.0390625
1 0.34921875 0.29765625 0.0375 0.04375
1 0.3171875 0.31875 0.034375 0.0421875
1 0.34140625 0.328125 0.0375 0.0421875
1 0.3203125 0.35 0.0390625 0.0421875
1 0.3015625 0.36953125 0.0296875 0.034375
1 0.27734375 0.37421875 0.0359375 0.0375
1 0.24765625 0.3140625 0.0328125 0.0390625
1 0.23828125 0.2125 0.0328125 0.040625
1 0.21328125 0.2171875 0.0359375 0.0390625
1 0.1875 0.23203125 0.034375 0.0375
1 0.2109375 0.24609375 0.0359375 0.0375
1 0.23359375 0.24296875 0.034375 0.046875
1 0.32421875 0.375 0.0359375 0.0421875
1 0.321875 0.40078125 0.0328125 0.040625
1 0.34609375 0.39296875 0.040625 0.04375
1 0.33203125 0.425 0.034375 0.040625
1 0.38828125 0.4109375 0.0375 0.0390625
1 0.38984375 0.4421875 0.0359375 0.0359375
1 0.36328125 0.46015625 0.0375 0.0375
1 0.34609375 0.47734375 0.0421875 0.040625
1 0.29375 0.440625 0.0390625 0.0421875
1 0.26484375 0.42421875 0.0375 0.0421875
1 0.27265625 0.446875 0.0375 0.0421875
1 0.28515625 0.47421875 0.0359375 0.0375
1 0.25859375 0.47734375 0.0328125 0.0359375
1 0.2921875 0.51328125 0.0375 0.0453125
1 0.328125 0.5390625 0.0375 0.04375
1 0.13046875 0.34296875 0.0328125 0.040625
1 0.13125 0.3703125 0.03125 0.0375
1 0.15625 0.371875 0.040625 0.046875
1 0.12890625 0.396875 0.0375 0.04375
1 0.165625 0.45859375 0.0375 0.04375
1 0.14140625 0.48125 0.0375 0.0453125
1 0.1578125 0.48359375 0.0328125 0.0484375
1 0.1796875 0.4921875 0.034375 0.0453125
1 0.13125 0.50234375 0.034375 0.0375
1 0.15546875 0.5171875 0.0421875 0.046875
1 0.13671875 0.53125 0.034375 0.040625
1 0.1140625 0.52109375 0.0296875 0.0375
1 0.1203125 0.54375 0.028125 0.0359375
1 0.16171875 0.55234375 0.0328125 0.040625
1 0.1734375 0.5296875 0.034375 0.046875
1 0.1890625 0.5109375 0.034375 0.05
1 0.2390625 0.53359375 0.03125 0.0375
1 0.2578125 0.55078125 0.034375 0.0421875
1 0.290625 0.59296875 0.034375 0.040625
1 0.31328125 0.60703125 0.03125 0.0328125
1 0.32734375 0.6296875 0.034375 0.0421875
1 0.28515625 0.61796875 0.0375 0.0359375
1 0.2546875 0.62109375 0.0359375 0.0390625
1 0.2375 0.63515625 0.0328125 0.040625
1 0.25078125 0.64609375 0.0328125 0.0390625
1 0.271875 0.6375 0.0359375 0.0359375
1 0.303125 0.64765625 0.0375 0.04375
1 0.23125 0.6578125 0.0359375 0.0453125
1 0.21875 0.69140625 0.0390625 0.04375
1 0.184375 0.6828125 0.0375 0.040625
1 0.17109375 0.73515625 0.0390625 0.046875
1 0.41484375 0.49375 0.0390625 0.046875
1 0.3984375 0.5125 0.0359375 0.0390625
1 0.41796875 0.525 0.0328125 0.0421875
1 0.4171875 0.5515625 0.034375 0.0375
1 0.4109375 0.57734375 0.0328125 0.0328125
1 0.43515625 0.57109375 0.0328125 0.040625
1 0.44375 0.54609375 0.034375 0.0390625
1 0.4703125 0.571875 0.0328125 0.0359375
1 0.49921875 0.5890625 0.0359375 0.04375
1 0.45390625 0.5875 0.0328125 0.0390625
1 0.4546875 0.61171875 0.0375 0.040625
1 0.28359375 0.4734375 0.0421875 0.046875
1 0.29375 0.70703125 0.040625 0.046875
1 0.2703125 0.70625 0.0375 0.0421875
1 0.325 0.72421875 0.0359375 0.0453125
1 0.3125 0.74609375 0.0375 0.040625
1 0.3359375 0.74375 0.03125 0.0453125
1 0.359375 0.75859375 0.0375 0.040625
1 0.384375 0.7328125 0.03125 0.04375
1 0.39609375 0.703125 0.03125 0.0421875
1 0.41171875 0.715625 0.03125 0.0421875
1 0.4640625 0.67734375 0.0328125 0.0421875
1 0.4828125 0.6953125 0.0359375 0.0484375
1 0.44921875 0.7671875 0.0390625 0.04375
1 0.38203125 0.7625 0.03125 0.0375
1 0.39453125 0.78125 0.034375 0.04375
1 0.45390625 0.79765625 0.0359375 0.0375
1 0.41640625 0.834375 0.0328125 0.0359375
1 0.396875 0.85078125 0.0390625 0.04375
1 0.3859375 0.8734375 0.03125 0.0375
1 0.3671875 0.87109375 0.03125 0.0375
1 0.334375 0.840625 0.034375 0.0390625
1 0.34375 0.8140625 0.0359375 0.0359375
1 0.2828125 0.80703125 0.0375 0.0375
1 0.2296875 0.75546875 0.034375 0.0390625
1 0.37109375 0.89375 0.0296875 0.0375
1 0.39296875 0.8984375 0.0328125 0.040625
1 0.41484375 0.90546875 0.0359375 0.040625
1 0.4375 0.9125 0.0421875 0.0484375
1 0.52734375 0.7375 0.0375 0.04375
1 0.50078125 0.74609375 0.0390625 0.040625
1 0.4625 0.71015625 0.03125 0.0390625
1 0.5671875 0.78359375 0.0328125 0.046875
1 0.5421875 0.7875 0.0359375 0.0390625
1 0.59609375 0.76640625 0.0390625 0.0359375
1 0.5859375 0.70390625 0.0390625 0.046875
1 0.59453125 0.8765625 0.03125 0.040625
1 0.61484375 0.87109375 0.0375 0.04375
1 0.62421875 0.8921875 0.0421875 0.04375
1 0.59609375 0.90234375 0.0375 0.046875
1 0.525 0.91875 0.0421875 0.04375
1 0.50859375 0.8484375 0.03125 0.0421875
1 0.5265625 0.853125 0.034375 0.0421875
1 0.35 0.6859375 0.034375 0.0390625
1 0.1125 0.08125 0.040625 0.0484375