0 0.2328125 0.21953125 0.04453125 0.05390625
0 0.16875 0.18515625 0.04453125 0.05546875
0 0.14296875 0.13671875 0.046875 0.0515625
0 0.35390625 0.30859375 0.04140625 0.0578125
0 0.36171875 0.35625 0.03671875 0.04765625
0 0.3921875 0.38359375 0.0421875 0.0546875
0 0.41953125 0.42421875 0.03671875 0.059375
0 0.48046875 0.47734375 0.0359375 0.05703125
0 0.51171875 0.5015625 0.046875 0.06015625
0 0.55546875 0.57890625 0.0421875 0.0625
0 0.60078125 0.6625 0.04453125 0.07265625
0 0.5671875 0.678125 0.03828125 0.05234375
0 0.5453125 0.6421875 0.040625 0.05078125
0 0.4859375 0.5921875 0.0421875 0.05546875
0 0.44453125 0.48671875 0.0421875 0.0515625
0 0.384375 0.4578125 0.03984375 0.05
0 0.6390625 0.72109375 0.040625 0.05703125
0 0.76484375 0.765625 0.046875 0.053125
0 0.75234375 0.8125 0.04375 0.05703125
0 0.665625 0.7515625 0.03671875 0.0515625
0 0.6875 0.78125 0.0359375 0.046875
0 0.71640625 0.80625 0.0375 0.04765625
0 0.28828125 0.253125 0.04140625 0.059375
1 0.31953125 0.26015625 0.0328125 0.04609375
1 0.25703125 0.25078125 0.02734375 0.046875
1 0.225 0.25546875 0.03828125 0.04453125
1 0.2 0.22578125 0.028125 0.046875
1 0.2171875 0.2765625 0.034375 0.03828125
1 0.2703125 0.28671875 0.034375 0.04609375
1 0.33046875 0.36953125 0.02890625 0.0390625
1 0.35078125 0.4015625 0.03203125 0.03828125
1 0.37734375 0.41875 0.0296875 0.03515625
1 0.4640625 0.43359375 0.0328125 0.04375
1 0.40703125 0.4890625 0.03203125 0.0390625
1 0.3515625 0.43125 0.02890625 0.03671875
1 0.328125 0.4421875 0.0296875 0.03671875
1 0.346875 0.45625 0.02734375 0.03515625
1 0.35390625 0.48046875 0.0203125 0.03984375
1 0.37578125 0.4921875 0.03046875 0.0375
1 0.37421875 0.51796875 0.02890625 0.0359375
1 0.434375 0.54609375 0.0265625 0.0375
1 0.51015625 0.63125 0.03046875 0.03984375
1 0.5234375 0.58515625 0.03359375 0.040625
1 0.45546875 0.52734375 0.0296875 0.0359375
1 0.4546875 0.5703125 0.03203125 0.04140625
1 0.42890625 0.5734375 0.0328125 0.0375
1 0.3953125 0.5359375 0.0296875 0.040625
1 0.36953125 0.6140625 0.028125 0.0390625
1 0.44453125 0.64765625 0.0234375 0.0328125
1 0.4765625 0.66328125 0.02890625 0.04140625
1 0.4859375 0.6921875 0.034375 0.0375
1 0.584375 0.70859375 0.028125 0.03671875
1 0.553125 0.75390625 0.03359375 0.0375
1 0.628125 0.80625 0.0296875 0.03828125
1 0.31171875 0.49609375 0.0265625 0.03984375
1 0.3140625 0.45625 0.03359375 0.03984375
1 0.16796875 0.375 0.03125 0.0359375
1 0.22265625 0.37890625 0.03203125 0.046875
1 0.2890625 0.4109375 0.0328125 0.0375
1 0.06953125 0.28046875 0.03359375 0.0375
1 0.12421875 0.2640625 0.03515625 0.03828125
1 0.134375 0.19453125 0.03125 0.04140625
1 0.14296875 0.35234375 0.0328125 0.03671875
1 0.09140625 0.321875 0.034375 0.0359375