0 0.36015625 0.3640625 0.0421875 0.04921875
0 0.38515625 0.40234375 0.0453125 0.05078125
0 0.3296875 0.38828125 0.04296875 0.0515625
0 0.2609375 0.38515625 0.04453125 0.05
0 0.2578125 0.33671875 0.0421875 0.046875
0 0.21953125 0.3328125 0.04140625 0.05078125
0 0.21015625 0.28671875 0.040625 0.0484375
0 0.2015625 0.2390625 0.04140625 0.04921875
0 0.19921875 0.13984375 0.03984375 0.05625
0 0.16171875 0.1359375 0.04140625 0.05234375
0 0.15 0.08828125 0.0421875 0.0484375
0 0.11484375 0.10546875 0.040625 0.04921875
0 0.0703125 0.0890625 0.0390625 0.05078125
0 0.08828125 0.13359375 0.04140625 0.059375
0 0.103125 0.17734375 0.03828125 0.05390625
0 0.13984375 0.203125 0.0421875 0.05234375
0 0.10703125 0.22421875 0.040625 0.0515625
0 0.1234375 0.2703125 0.040625 0.0484375
0 0.12421875 0.02421875 0.0390625 0.046875
0 0.0640625 0.040625 0.03828125 0.05078125
0 0.10078125 0.06171875 0.03671875 0.05078125
0 0.05078125 0.14140625 0.040625 0.05078125
0 0.06796875 0.19296875 0.040625 0.053125
0 0.03515625 0.209375 0.040625 0.05
0 0.17421875 0.1828125 0.0390625 0.0453125
0 0.15703125 0.24765625 0.03671875 0.0484375
0 0.06796875 0.26484375 0.040625 0.05234375
0 0.03125 0.25625 0.03671875 0.046875
0 0.03046875 0.30390625 0.03515625 0.05078125
0 0.0671875 0.3125 0.0375 0.0484375
0 0.140625 0.33828125 0.03984375 0.04609375
0 0.18046875 0.34140625 0.0359375 0.04375
0 0.1890625 0.390625 0.03828125 0.04609375
0 0.09921875 0.38203125 0.0375 0.0484375
0 0.03828125 0.39375 0.04296875 0.0515625
0 0.0765625 0.41796875 0.0421875 0.04765625
0 0.0453125 0.44140625 0.04140625 0.0484375
0 0.0875 0.4640625 0.0421875 0.04765625
0 0.05546875 0.4875 0.04140625 0.04609375
0 0.13203125 0.40703125 0.03828125 0.04765625
0 0.1625 0.4390625 0.0359375 0.04296875
0 0.19765625 0.434375 0.0421875 0.04921875
0 0.22578125 0.40234375 0.0359375 0.05
0 0.2375 0.446875 0.0390625 0.04765625
0 0.2109375 0.4796875 0.0375 0.04609375
0 0.1625 0.4828125 0.0390625 0.046875
0 0.10078125 0.5078125 0.040625 0.04609375
0 0.0703125 0.53125 0.04140625 0.04921875
0 0.28359375 0.4484375 0.03984375 0.04375
0 0.35 0.453125 0.03984375 0.053125
0 0.3140625 0.49765625 0.03828125 0.046875
0 0.23671875 0.5125 0.03984375 0.0484375
0 0.1890625 0.51484375 0.03828125 0.05078125
0 0.21640625 0.5484375 0.04140625 0.05
0 0.27109375 0.5609375 0.03828125 0.05
0 0.3 0.58984375 0.0375 0.05
0 0.33203125 0.6078125 0.04140625 0.046875
0 0.36875 0.58671875 0.03828125 0.04765625
0 0.36484375 0.540625 0.0375 0.04921875
0 0.33046875 0.540625 0.0375 0.0484375
0 0.3875 0.5 0.0375 0.0484375
0 0.4484375 0.52421875 0.03984375 0.05
0 0.40078125 0.56796875 0.03515625 0.04609375
0 0.13515625 0.51328125 0.0390625 0.05
0 0.115625 0.5515625 0.04296875 0.046875
0 0.08515625 0.5734375 0.04140625 0.04609375
0 0.10234375 0.6140625 0.0390625 0.053125
0 0.225 0.5921875 0.03828125 0.046875
0 0.21171875 0.6328125 0.03984375 0.05078125
0 0.25078125 0.621875 0.03984375 0.053125
0 0.2859375 0.63515625 0.03671875 0.05078125
0 0.25 0.66796875 0.04375 0.04765625
0 0.21484375 0.678125 0.040625 0.04921875
0 0.18125 0.6859375 0.0359375 0.0515625
0 0.16015625 0.64765625 0.03984375 0.0484375
0 0.121875 0.65390625 0.03671875 0.04921875
0 0.14296875 0.690625 0.04296875 0.05
0 0.1734375 0.73046875 0.03828125 0.0484375
0 0.2078125 0.7203125 0.03828125 0.05703125
0 0.24375 0.7140625 0.040625 0.05078125
0 0.29140625 0.7359375 0.03671875 0.04921875
0 0.32109375 0.7140625 0.03515625 0.05
0 0.375 0.63359375 0.03828125 0.04296875
0 0.4078125 0.6140625 0.03671875 0.0453125
0 0.42109375 0.65390625 0.03828125 0.04609375
0 0.3875 0.67578125 0.0390625 0.0453125
0 0.4171875 0.7 0.0375 0.0421875
0 0.4515625 0.6859375 0.03515625 0.0484375
0 0.4546875 0.6421875 0.0328125 0.05078125
0 0.50390625 0.5484375 0.03828125 0.0515625
0 0.55078125 0.60859375 0.0375 0.05625
0 0.515625 0.62734375 0.03984375 0.04375
0 0.4890625 0.653125 0.0359375 0.04765625
0 0.53359375 0.66328125 0.0328125 0.0515625
0 0.56640625 0.6625 0.0359375 0.0421875
0 0.6046875 0.6578125 0.040625 0.04921875
0 0.590625 0.69765625 0.03359375 0.05
0 0.55234375 0.703125 0.03671875 0.04375
0 0.48046875 0.7109375 0.03515625 0.05
0 0.52734375 0.73359375 0.0390625 0.0484375
0 0.628125 0.71640625 0.03671875 0.04765625
0 0.36171875 0.72265625 0.034375 0.0484375
0 0.40703125 0.7453125 0.03515625 0.046875
0 0.47734375 0.76953125 0.03828125 0.04609375
0 0.534375 0.7765625 0.03515625 0.0453125
0 0.57109375 0.76875 0.0359375 0.04921875
0 0.59921875 0.740625 0.0375 0.0453125
0 0.621875 0.79765625 0.034375 0.046875
0 0.6515625 0.7734375 0.0375 0.05078125
0 0.5484375 0.81875 0.03828125 0.0453125
0 0.48984375 0.8125 0.0328125 0.04453125
0 0.42890625 0.81328125 0.03515625 0.0453125
0 0.3953125 0.8046875 0.03671875 0.04609375
0 0.36015625 0.81328125 0.0359375 0.0453125
0 0.33671875 0.78046875 0.03515625 0.04609375
0 0.3 0.77890625 0.0359375 0.046875
0 0.2515625 0.77734375 0.040625 0.05
0 0.2046875 0.7703125 0.034375 0.0484375
0 0.259375 0.8234375 0.03359375 0.0453125
0 0.2890625 0.84296875 0.03515625 0.05
0 0.321875 0.86328125 0.03515625 0.05078125
0 0.353125 0.8828125 0.03359375 0.05234375
0 0.38828125 0.89609375 0.03515625 0.0484375
0 0.421875 0.9046875 0.03359375 0.05078125
0 0.38203125 0.85078125 0.03515625 0.05
0 0.31953125 0.81875 0.0390625 0.05078125
0 0.434375 0.859375 0.0390625 0.04921875
0 0.46015625 0.834375 0.03515625 0.05390625
0 0.4953125 0.88125 0.03671875 0.0453125
0 0.5296875 0.8796875 0.03515625 0.0484375
0 0.51796875 0.83671875 0.0390625 0.05
0 0.55859375 0.8578125 0.0390625 0.05234375
0 0.590625 0.8796875 0.040625 0.0484375
0 0.5875 0.80546875 0.0359375 0.04765625
0 0.628125 0.84375 0.0421875 0.04609375
0 0.65703125 0.8171875 0.03671875 0.04765625
0 0.6453125 0.88046875 0.0390625 0.05
0 0.5546875 0.90859375 0.0390625 0.04609375
1 0.128125 0.0640625 0.0296875 0.03828125
1 0.09140625 0.021875 0.03125 0.034375
1 0.04296875 0.10078125 0.03359375 0.03828125
1 0.1265625 0.13984375 0.0328125 0.0375
1 0.13125 0.165625 0.03125 0.03671875
1 0.209375 0.1765625 0.0328125 0.0359375
1 0.20546875 0.2015625 0.0390625 0.03359375
1 0.23515625 0.25234375 0.02578125 0.04609375
1 0.1734375 0.21953125 0.02890625 0.03203125
1 0.07578125 0.23203125 0.0265625 0.03671875
1 0.09375 0.25546875 0.028125 0.03828125
1 0.09921875 0.28515625 0.02578125 0.03046875
1 0.0921875 0.3109375 0.02734375 0.03203125
1 0.1125 0.3109375 0.0296875 0.0359375
1 0.1125 0.3390625 0.03046875 0.0375
1 0.09296875 0.3390625 0.02578125 0.03671875
1 0.07578125 0.3546875 0.0328125 0.03515625
1 0.0484375 0.34375 0.0359375 0.03359375
1 0.02578125 0.34609375 0.0296875 0.04140625
1 0.05625 0.3625 0.02734375 0.0359375
1 0.07265625 0.3828125 0.02578125 0.0328125
1 0.1265625 0.3703125 0.0296875 0.0359375
1 0.1578125 0.3703125 0.02890625 0.0359375
1 0.16484375 0.39453125 0.03125 0.040625
1 0.2375 0.28046875 0.0296875 0.0375
1 0.26328125 0.2859375 0.0265625 0.0375
1 0.24375 0.3046875 0.0296875 0.03359375
1 0.27578125 0.31171875 0.02734375 0.0359375
1 0.28984375 0.33359375 0.025 0.034375
1 0.31015625 0.33359375 0.0296875 0.0390625
1 0.28359375 0.3609375 0.02734375 0.03671875
1 0.309375 0.36484375 0.03125 0.03671875
1 0.29296875 0.390625 0.03203125 0.0359375
1 0.27890625 0.41328125 0.0234375 0.0296875
1 0.25625 0.4234375 0.03046875 0.03203125
1 0.21484375 0.3703125 0.02578125 0.034375
1 0.184375 0.2734375 0.025 0.03671875
1 0.1609375 0.2828125 0.0296875 0.03359375
1 0.1390625 0.303125 0.028125 0.03203125
1 0.1640625 0.31171875 0.03046875 0.03203125
1 0.1859375 0.30390625 0.0265625 0.0421875
1 0.30234375 0.4140625 0.028125 0.0375
1 0.30546875 0.43984375 0.02578125 0.03671875
1 0.32734375 0.42734375 0.0328125 0.03828125
1 0.3203125 0.46171875 0.028125 0.0359375
1 0.371875 0.4359375 0.03203125 0.0328125
1 0.38046875 0.46640625 0.03046875 0.0296875
1 0.3578125 0.48984375 0.03203125 0.03203125
1 0.34453125 0.51015625 0.03671875 0.03359375
1 0.2859375 0.48515625 0.03203125 0.0359375
1 0.25390625 0.475 0.03125 0.03671875
1 0.26640625 0.4953125 0.0296875 0.0375
1 0.284375 0.51953125 0.0296875 0.03203125
1 0.259375 0.528125 0.02734375 0.03046875
1 0.29921875 0.55625 0.0296875 0.03984375
1 0.33984375 0.57421875 0.03046875 0.03828125
1 0.10625 0.4234375 0.0265625 0.0359375
1 0.1125 0.45 0.025 0.0328125
1 0.13671875 0.44609375 0.0328125 0.040625
1 0.115625 0.4765625 0.0296875 0.03828125
1 0.1640625 0.52890625 0.0296875 0.03828125
1 0.1453125 0.55625 0.0296875 0.03984375
1 0.16171875 0.55546875 0.02421875 0.04375
1 0.18515625 0.55859375 0.02734375 0.03984375
1 0.13984375 0.57890625 0.028125 0.03203125
1 0.16640625 0.58828125 0.03515625 0.03984375
1 0.1515625 0.60625 0.028125 0.0359375
1 0.1265625 0.60078125 0.02265625 0.03359375
1 0.1375 0.621875 0.021875 0.03203125
1 0.1796875 0.621875 0.0265625 0.03515625
1 0.18671875 0.596875 0.02578125 0.0421875
1 0.1984375 0.575 0.025 0.0453125
1 0.2515625 0.5875 0.025 0.0328125
1 0.2734375 0.6 0.02734375 0.0375
1 0.31484375 0.634375 0.02734375 0.03515625
1 0.33984375 0.64375 0.02578125 0.028125
1 0.3578125 0.6625 0.02734375 0.03671875
1 0.3140625 0.66015625 0.03125 0.03046875
1 0.28515625 0.66953125 0.02890625 0.03359375
1 0.27109375 0.68671875 0.0265625 0.03515625
1 0.28671875 0.69453125 0.0265625 0.03359375
1 0.30546875 0.68203125 0.0296875 0.03046875
1 0.33828125 0.68515625 0.0296875 0.0390625
1 0.26953125 0.71015625 0.028125 0.03984375
1 0.26484375 0.7453125 0.03125 0.03828125
1 0.2296875 0.74453125 0.03046875 0.034375
1 0.22734375 0.7984375 0.03125 0.04140625
1 0.415625 0.51171875 0.03046875 0.0421875
1 0.403125 0.53359375 0.03046875 0.0328125
1 0.425 0.54140625 0.025 0.0375
1 0.4296875 0.56796875 0.028125 0.0328125
1 0.42890625 0.59453125 0.028125 0.028125
1 0.4515625 0.5828125 0.0265625 0.03515625
1 0.4546875 0.55703125 0.028125 0.034375
1 0.4859375 0.5765625 0.02734375 0.03125
1 0.51796875 0.5875 0.02890625 0.0390625
1 0.4734375 0.5953125 0.0265625 0.03359375
1 0.47890625 0.61875 0.03125 0.03515625
1 0.2828125 0.51875 0.03515625 0.03984375
1 0.34140625 0.7453125 0.0328125 0.040625
1 0.31796875 0.74921875 0.03125 0.0359375
1 0.375 0.75546875 0.028125 0.040625
1 0.36796875 0.7796875 0.03046875 0.03515625
1 0.390625 0.77265625 0.0234375 0.040625
1 0.41640625 0.78203125 0.03125 0.03515625
1 0.43515625 0.7515625 0.02421875 0.0390625
1 0.440625 0.7203125 0.02421875 0.0375
1 0.45859375 0.72890625 0.0234375 0.0375
1 0.5015625 0.68125 0.02578125 0.03828125
1 0.5234375 0.69453125 0.02734375 0.04296875
1 0.50625 0.771875 0.03125 0.0375
1 0.4390625 0.78125 0.02421875 0.03359375
1 0.45546875 0.796875 0.02734375 0.03828125
1 0.5171875 0.80078125 0.0296875 0.0328125
1 0.4875 0.84453125 0.02734375 0.03046875
1 0.471875 0.86484375 0.03203125 0.03828125
1 0.46640625 0.8890625 0.02421875 0.03359375
1 0.446875 0.890625 0.025 0.0328125
1 0.40859375 0.86796875 0.02734375 0.034375
1 0.4125 0.83984375 0.0296875 0.03046875
1 0.3515625 0.8453125 0.03125 0.03125
1 0.2890625 0.80625 0.02734375 0.03359375
1 0.45546875 0.91171875 0.0234375 0.03359375
1 0.478125 0.91171875 0.02578125 0.03671875
1 0.50078125 0.9140625 0.02890625 0.03515625
1 0.525 0.91640625 0.034375 0.0421875
1 0.57578125 0.7265625 0.0296875 0.0390625
1 0.55234375 0.740625 0.03203125 0.034375
1 0.50703125 0.71328125 0.02421875 0.034375
1 0.625 0.76328125 0.025 0.04296875
1 0.60078125 0.77265625 0.02890625 0.03359375
1 0.64921875 0.740625 0.0328125 0.03046875
1 0.6265625 0.68125 0.03203125 0.040625
1 0.67109375 0.8484375 0.02421875 0.03671875
1 0.68984375 0.8390625 0.03046875 0.0375
1 0.703125 0.8578125 0.03515625 0.03671875
1 0.67734375 0.8734375 0.0296875 0.0421875
1 0.61171875 0.9046875 0.0359375 0.03671875
1 0.58125 0.8390625 0.02421875 0.03828125
1 0.59921875 0.83984375 0.02734375 0.0375
1 0.3921875 0.71328125 0.02734375 0.03359375
1 0.03359375 0.17109375 0.0328125 0.0421875