0 0.13984375 0.03125 0.03828125 0.0546875
0 0.19140625 0.1046875 0.0359375 0.0546875
0 0.26484375 0.2125 0.0359375 0.0515625
0 0.46484375 0.42734375 0.04140625 0.05390625
0 0.3484375 0.21171875 0.0453125 0.059375
0 0.05703125 0.06484375 0.03203125 0.05
0 0.071875 0.15234375 0.03671875 0.05390625
0 0.1265625 0.21328125 0.03515625 0.04921875
0 0.29765625 0.5671875 0.03515625 0.05
0 0.28671875 0.51875 0.0359375 0.04765625
0 0.54375 0.603125 0.04609375 0.05078125
0 0.3609375 0.34609375 0.0359375 0.0421875
0 0.5671875 0.7 0.03359375 0.05
0 0.646875 0.7328125 0.0421875 0.0515625
0 0.68671875 0.8546875 0.0375 0.05078125
0 0.64609375 0.87734375 0.034375 0.04921875
0 0.4984375 0.78828125 0.0328125 0.04140625
0 0.371875 0.753125 0.0375 0.04609375
0 0.2421875 0.675 0.03359375 0.04609375
0 0.33671875 0.62109375 0.034375 0.0484375
0 0.43984375 0.64921875 0.0328125 0.0421875
0 0.19375 0.6125 0.03515625 0.046875
0 0.25 0.59296875 0.03671875 0.04140625
0 0.41796875 0.56640625 0.03359375 0.0453125
0 0.41875 0.44921875 0.03671875 0.04765625
0 0.10859375 0.4375 0.0390625 0.05
0 0.44765625 0.8546875 0.03515625 0.05
0 0.4984375 0.90859375 0.03515625 0.04453125
0 0.16328125 0.33203125 0.0390625 0.046875
0 0.05703125 0.4828125 0.034375 0.05234375
0 0.07578125 0.54453125 0.0359375 0.05078125
0 0.034375 0.35703125 0.03984375 0.05390625
0 0.071875 0.3109375 0.03984375 0.0515625
0 0.28203125 0.434375 0.0421875 0.05078125
0 0.39921875 0.83203125 0.03359375 0.04765625
0 0.26171875 0.8203125 0.03671875 0.053125
0 0.2015625 0.76484375 0.03515625 0.05
0 0.1421875 0.68671875 0.03671875 0.05078125
0 0.57734375 0.77734375 0.0359375 0.05078125
0 0.20546875 0.4375 0.0421875 0.05
0 0.26796875 0.290625 0.0390625 0.05
0 0.31484375 0.70234375 0.0375 0.04921875
0 0.4796875 0.6765625 0.03828125 0.04609375
0 0.31875 0.76640625 0.03828125 0.046875
0 0.34375 0.465625 0.0375 0.04765625
0 0.31875 0.425 0.03515625 0.0453125
0 0.29296875 0.39140625 0.0390625 0.0453125
0 0.2 0.365625 0.03984375 0.046875
0 0.16484375 0.3796875 0.04453125 0.04609375
0 0.134375 0.35625 0.03984375 0.04375
0 0.10859375 0.390625 0.03828125 0.04453125
0 0.07265625 0.38125 0.04140625 0.04609375
0 0.040625 0.403125 0.03671875 0.046875
0 0.03359375 0.21171875 0.0453125 0.05625
0 0.0296875 0.259375 0.0421875 0.05078125
0 0.03671875 0.16484375 0.0421875 0.05078125
0 0.11640625 0.10703125 0.03984375 0.05078125
0 0.0921875 0.06953125 0.0421875 0.05625
0 0.115625 0.284375 0.03984375 0.05234375
0 0.23515625 0.52578125 0.034375 0.0484375
0 0.21953125 0.484375 0.02578125 0.053125
0 0.15 0.45859375 0.0390625 0.05234375
0 0.32109375 0.5296875 0.0375 0.046875
0 0.2328125 0.73984375 0.03671875 0.046875
0 0.2140625 0.7 0.040625 0.046875
0 0.4390625 0.48828125 0.0390625 0.05546875
0 0.19765625 0.31640625 0.04296875 0.0578125
0 0.1875 0.15234375 0.0390625 0.04921875
0 0.15546875 0.12890625 0.0375 0.04765625
0 0.30859375 0.29453125 0.0359375 0.059375
0 0.4453125 0.53515625 0.03671875 0.04609375
0 0.45703125 0.578125 0.03359375 0.04921875
0 0.475 0.63125 0.03671875 0.04921875
0 0.53046875 0.6546875 0.034375 0.04765625
0 0.5328125 0.70078125 0.0390625 0.046875
0 0.515625 0.86796875 0.034375 0.04453125
0 0.2734375 0.69765625 0.040625 0.04765625
0 0.11875 0.5546875 0.040625 0.04765625
0 0.1578125 0.178125 0.0421875 0.05234375
0 0.08359375 0.2015625 0.03671875 0.04921875
0 0.2875 0.2515625 0.03984375 0.04453125
1 0.18828125 0.24609375 0.03125 0.0390625
1 0.2359375 0.26171875 0.0328125 0.03671875
1 0.34375 0.28828125 0.03359375 0.04765625
1 0.4265625 0.39765625 0.02890625 0.046875
1 0.17890625 0.5546875 0.03046875 0.0359375
1 0.11796875 0.515625 0.02890625 0.03828125
1 0.3609375 0.8015625 0.025 0.03046875
1 0.31953125 0.80703125 0.02890625 0.03515625
1 0.3765625 0.89296875 0.02578125 0.03671875
1 0.60859375 0.7734375 0.025 0.03671875
1 0.65 0.77734375 0.02578125 0.03828125
1 0.62734375 0.7828125 0.02578125 0.03671875
1 0.49375 0.7390625 0.02890625 0.03515625
1 0.31171875 0.63046875 0.0296875 0.034375
1 0.29609375 0.603125 0.0265625 0.0328125
1 0.365625 0.63046875 0.0296875 0.0328125
1 0.3921875 0.58828125 0.025 0.0375
1 0.4453125 0.61171875 0.02734375 0.03515625
1 0.1984375 0.50703125 0.03125 0.03828125
1 0.1609375 0.49453125 0.0265625 0.03203125
1 0.221875 0.3921875 0.02578125 0.0359375
1 0.10703125 0.18046875 0.025 0.0375
1 0.03828125 0.128125 0.0296875 0.03984375
1 0.25703125 0.41484375 0.028125 0.0390625
1 0.3515625 0.525 0.0328125 0.03828125
1 0.32265625 0.4921875 0.025 0.034375
1 0.35859375 0.67890625 0.02734375 0.034375
1 0.43984375 0.68515625 0.02578125 0.03359375
1 0.4046875 0.68671875 0.02890625 0.034375
1 0.38046875 0.68125 0.0265625 0.03203125
1 0.2765625 0.734375 0.02421875 0.034375
1 0.303125 0.73359375 0.02578125 0.0359375
1 0.27421875 0.76484375 0.025 0.03515625
1 0.22578125 0.79765625 0.03203125 0.0375
1 0.1609375 0.7234375 0.02890625 0.0390625
1 0.10390625 0.62734375 0.0328125 0.04140625
1 0.04296875 0.440625 0.03046875 0.03828125
1 0.06171875 0.34609375 0.025 0.040625
1 0.11015625 0.32109375 0.028125 0.03515625
1 0.14453125 0.2953125 0.03046875 0.0390625
1 0.09296875 0.2375 0.034375 0.04375
1 0.21484375 0.17265625 0.02734375 0.03203125
1 0.19375 0.19609375 0.02890625 0.03671875
1 0.2125 0.246875 0.028125 0.0390625
1 0.39453125 0.3765625 0.03515625 0.04140625
1 0.3703125 0.38125 0.03203125 0.03046875
1 0.34140625 0.40625 0.03359375 0.03984375
1 0.2609375 0.45703125 0.02421875 0.03125
1 0.29921875 0.48359375 0.0203125 0.03125
1 0.303125 0.45703125 0.021875 0.0296875
1 0.390625 0.51640625 0.0265625 0.034375
1 0.3640625 0.50390625 0.02578125 0.03671875
1 0.3703125 0.45625 0.02421875 0.03515625
1 0.40078125 0.49140625 0.0296875 0.03828125
1 0.39296875 0.47421875 0.01953125 0.03671875
1 0.49765625 0.52578125 0.034375 0.05703125
1 0.46875 0.5109375 0.03515625 0.04609375
1 0.471875 0.740625 0.02421875 0.034375
1 0.5265625 0.74140625 0.0265625 0.0328125
1 0.49140625 0.7078125 0.0265625 0.03515625
1 0.34375 0.8390625 0.0265625 0.0390625
1 0.5296875 0.83828125 0.028125 0.034375
1 0.4703125 0.8171875 0.02890625 0.034375
1 0.61796875 0.74765625 0.02578125 0.0359375
1 0.621875 0.8078125 0.0265625 0.03203125
1 0.44140625 0.90625 0.03046875 0.0390625
1 0.41328125 0.865625 0.025 0.02890625
1 0.346875 0.8796875 0.02734375 0.0390625
1 0.265625 0.659375 0.03125 0.034375
1 0.27734375 0.3484375 0.0328125 0.0421875
1 0.2390625 0.334375 0.03046875 0.034375
1 0.2453125 0.3765625 0.02734375 0.0375
1 0.26875 0.37265625 0.03203125 0.03515625
1 0.16328125 0.22421875 0.03515625 0.03828125
1 0.1265625 0.140625 0.03046875 0.0375
1 0.1265625 0.1703125 0.03203125 0.03359375
1 0.06015625 0.2171875 0.02734375 0.04140625
1 0.08359375 0.4625 0.02421875 0.03515625
1 0.11015625 0.47421875 0.02265625 0.03203125
1 0.125 0.478125 0.0234375 0.03515625
1 0.4078125 0.6046875 0.02265625 0.034375
1 0.421875 0.621875 0.02421875 0.03203125
1 0.3875 0.6234375 0.025 0.0296875
1 0.35703125 0.553125 0.03125 0.034375
1 0.19296875 0.575 0.0234375 0.0296875
1 0.2328125 0.56171875 0.028125 0.0328125
1 0.209375 0.54609375 0.02734375 0.034375
1 0.21796875 0.59765625 0.03125 0.034375
1 0.15859375 0.61171875 0.02734375 0.03359375
1 0.1734375 0.6375 0.03046875 0.034375
1 0.16640625 0.6625 0.028125 0.03046875
1 0.1140625 0.65703125 0.03125 0.03671875
1 0.35546875 0.70625 0.03046875 0.03671875
1 0.4890625 0.86953125 0.02734375 0.0375
1 0.42734375 0.8265625 0.02890625 0.03828125
1 0.35078125 0.77890625 0.02890625 0.034375
0 0.15703125 0.2625 0.03828125 0.05078125
0 0.31875 0.3578125 0.034375 0.0484375
0 0.4234375 0.71328125 0.03125 0.0421875
0 0.40546875 0.75234375 0.03359375 0.0453125
0 0.43984375 0.753125 0.03359375 0.0484375
0 0.4421875 0.79921875 0.0375 0.04453125
0 0.38984375 0.7921875 0.03515625 0.04296875
0 0.5328125 0.90546875 0.03125 0.0453125
0 0.56875 0.9015625 0.034375 0.04375
0 0.6015625 0.89453125 0.03515625 0.0453125
0 0.5796875 0.86015625 0.0359375 0.040625
0 0.56171875 0.82265625 0.03359375 0.04765625
0 0.5328125 0.8015625 0.0375 0.046875
0 0.55234375 0.7421875 0.0359375 0.04921875
0 0.58828125 0.734375 0.03671875 0.0484375
0 0.33359375 0.57109375 0.03984375 0.05
0 0.365625 0.59296875 0.0390625 0.0515625
0 0.14921875 0.0828125 0.03828125 0.04921875
0 0.09296875 0.58671875 0.034375 0.05234375
0 0.29140625 0.84453125 0.03515625 0.04921875
0 0.321875 0.86640625 0.03671875 0.04453125
0 0.46875 0.8921875 0.03515625 0.04921875
0 0.6171875 0.85234375 0.03671875 0.04609375
0 0.59453125 0.81796875 0.034375 0.04921875
0 0.65546875 0.8328125 0.03671875 0.05