1 0.91796875 0.1609375 0.034375 0.04375
1 0.75078125 0.22421875 0.0359375 0.0484375
1 0.709375 0.26484375 0.03125 0.0546875
1 0.51953125 0.48359375 0.0296875 0.046875
1 0.5640625 0.475 0.03125 0.0375
1 0.4859375 0.53671875 0.028125 0.040625
1 0.50859375 0.51953125 0.0328125 0.040625
1 0.50546875 0.5484375 0.0296875 0.040625
1 0.53125 0.56484375 0.028125 0.034375
1 0.5796875 0.52578125 0.03125 0.034375
1 0.5734375 0.5015625 0.028125 0.0375
1 0.65390625 0.465625 0.028125 0.040625
1 0.6734375 0.42578125 0.0328125 0.040625
1 0.7 0.45390625 0.0296875 0.034375
1 0.71015625 0.425 0.03125 0.0375
1 0.7546875 0.39375 0.03125 0.0328125
1 0.76640625 0.36953125 0.0296875 0.0328125
1 0.76484375 0.3453125 0.028125 0.0375
1 0.6203125 0.5421875 0.028125 0.0359375
1 0.5984375 0.5828125 0.025 0.0375
1 0.5578125 0.63203125 0.025 0.034375
1 0.46015625 0.6234375 0.028125 0.034375
1 0.45390625 0.60078125 0.028125 0.034375
1 0.45859375 0.6453125 0.028125 0.028125
1 0.43671875 0.6640625 0.0265625 0.0375
1 0.4625 0.6734375 0.03125 0.034375
1 0.4390625 0.690625 0.025 0.0328125
1 0.39609375 0.7 0.021875 0.03125
1 0.378125 0.70859375 0.0265625 0.0390625
1 0.40625 0.721875 0.0296875 0.0328125
1 0.3671875 0.75703125 0.0265625 0.034375
1 0.3375 0.6984375 0.03125 0.040625
1 0.2484375 0.7890625 0.03125 0.0375
1 0.240625 0.81015625 0.028125 0.034375
1 0.40234375 0.7890625 0.028125 0.0296875
1 0.37734375 0.78046875 0.0265625 0.0328125
1 0.80390625 0.25546875 0.028125 0.0359375
1 0.7921875 0.27578125 0.0265625 0.040625
1 0.7671875 0.2828125 0.0265625 0.0375
1 0.83984375 0.24765625 0.0296875 0.0375
1 0.88671875 0.2609375 0.034375 0.0390625
1 0.9359375 0.2296875 0.028125 0.0375
1 0.91796875 0.215625 0.028125 0.0375
1 0.92734375 0.18671875 0.0328125 0.040625
1 0.83046875 0.39375 0.025 0.034375
1 0.809375 0.42109375 0.0265625 0.0359375
1 0.75859375 0.41875 0.028125 0.034375
0 0.8125 0.16796875 0.0390625 0.0515625
0 0.77421875 0.17890625 0.040625 0.0578125
0 0.8890625 0.15078125 0.040625 0.05
0 0.93515625 0.125 0.0390625 0.05625
0 0.85078125 0.190625 0.0375 0.05
0 0.81796875 0.21796875 0.0328125 0.05
0 0.78359375 0.22890625 0.0359375 0.05625
0 0.7421875 0.26640625 0.040625 0.053125
0 0.69296875 0.30625 0.04375 0.0484375
0 0.74140625 0.3140625 0.0421875 0.0484375
0 0.7890625 0.3171875 0.0375 0.046875
0 0.67734375 0.35078125 0.040625 0.046875
0 0.7203125 0.35 0.040625 0.0546875
0 0.659375 0.3921875 0.0375 0.046875
0 0.6984375 0.390625 0.040625 0.053125
0 0.63828125 0.4328125 0.0390625 0.05
0 0.6046875 0.41328125 0.040625 0.0578125
0 0.5484375 0.446875 0.040625 0.05
0 0.59453125 0.4703125 0.0390625 0.05
0 0.63046875 0.48203125 0.0375 0.046875
0 0.653125 0.51640625 0.040625 0.0453125
0 0.60546875 0.5140625 0.040625 0.046875
0 0.5390625 0.52734375 0.0375 0.046875
0 0.56484375 0.55859375 0.0390625 0.046875
0 0.44140625 0.54375 0.040625 0.046875
0 0.50546875 0.5859375 0.040625 0.046875
0 0.53203125 0.61484375 0.0359375 0.046875
0 0.60390625 0.61953125 0.0375 0.046875
0 0.66484375 0.57265625 0.0390625 0.05
0 0.62109375 0.66015625 0.0375 0.046875
0 0.5828125 0.65703125 0.0375 0.05
0 0.49296875 0.69296875 0.0359375 0.05
0 0.51484375 0.65546875 0.034375 0.05
0 0.490625 0.62421875 0.034375 0.053125
0 0.42421875 0.584375 0.0359375 0.05
0 0.42578125 0.63046875 0.040625 0.053125
0 0.41171875 0.66953125 0.0375 0.0578125