0 0.849853515625 0.26078028747433263 0.03759765625 0.04106776180698152
0 0.67578125 0.47741273100616016 0.03759765625 0.038501026694045176
0 0.90234375 0.28105749486652976 0.03955078125 0.04055441478439425
0 0.815185546875 0.2618069815195072 0.03857421875 0.04055441478439425
0 0.751708984375 0.15528747433264886 0.0390625 0.04106776180698152
0 0.8466796875 0.5818788501026694 0.0380859375 0.037987679671457907
0 0.69091796875 0.5079568788501027 0.03759765625 0.039527720739219716
0 0.839111328125 0.45123203285420943 0.0390625 0.04004106776180698
0 0.817138671875 0.16658110882956878 0.03857421875 0.04209445585215606
0 0.50146484375 0.09625256673511294 0.03759765625 0.04055441478439425
0 0.714599609375 0.5279774127310062 0.0380859375 0.04004106776180698
0 0.884765625 0.6155030800821355 0.0380859375 0.038501026694045176
0 0.42529296875 0.17915811088295688 0.03857421875 0.04260780287474333
0 0.55615234375 0.15990759753593428 0.0380859375 0.04106776180698152
0 0.578369140625 0.13116016427104724 0.0390625 0.04106776180698152
0 0.71240234375 0.6683778234086243 0.0390625 0.04055441478439425
0 0.7666015625 0.29671457905544146 0.0390625 0.04004106776180698
0 0.74462890625 0.5166837782340863 0.03662109375 0.04055441478439425
0 0.891845703125 0.4851129363449692 0.037109375 0.038501026694045176
0 0.32666015625 0.24435318275154005 0.03662109375 0.04055441478439425
0 0.769775390625 0.20893223819301848 0.041015625 0.044661190965092405
0 0.499267578125 0.364476386036961 0.037109375 0.039014373716632446
0 0.7646484375 0.12114989733059549 0.03857421875 0.04055441478439425
0 0.81640625 0.62782340862423 0.0390625 0.04055441478439425
0 0.843017578125 0.675564681724846 0.0390625 0.039527720739219716
0 0.23486328125 0.3141683778234086 0.0400390625 0.04055441478439425
0 0.713623046875 0.61652977412731 0.037109375 0.039014373716632446
0 0.956298828125 0.5680184804928131 0.0380859375 0.04004106776180698
0 0.69287109375 0.5944558521560575 0.03857421875 0.039014373716632446
0 0.93408203125 0.6691478439425051 0.03759765625 0.039527720739219716
0 0.84814453125 0.7120123203285421 0.037109375 0.039527720739219716
0 0.59326171875 0.07212525667351129 0.037109375 0.037987679671457907
0 0.6572265625 0.057751540041067764 0.0390625 0.04004106776180698
0 0.807861328125 0.6624743326488707 0.03955078125 0.04106776180698152
0 0.31494140625 0.14168377823408623 0.0380859375 0.04055441478439425
0 0.28564453125 0.29286447638603696 0.03857421875 0.04106776180698152
0 0.417236328125 0.08264887063655031 0.0361328125 0.04055441478439425
0 0.5986328125 0.5977926078028748 0.03857421875 0.04106776180698152
0 0.594482421875 0.26514373716632444 0.0390625 0.04055441478439425
0 0.435302734375 0.11242299794661191 0.0380859375 0.04106776180698152
0 0.4755859375 0.4188911704312115 0.037109375 0.039014373716632446
0 0.3359375 0.38501026694045176 0.0380859375 0.04055441478439425
0 0.546142578125 0.5231006160164271 0.037109375 0.038501026694045176
0 0.69287109375 0.39271047227926076 0.0380859375 0.038501026694045176
0 0.951416015625 0.5017967145790554 0.04052734375 0.04004106776180698
0 0.946533203125 0.41401437371663247 0.0390625 0.039527720739219716
0 0.290771484375 0.25256673511293637 0.03857421875 0.04055441478439425
0 0.86474609375 0.321611909650924 0.03857421875 0.04004106776180698
0 0.734130859375 0.1198665297741273 0.03759765625 0.04004106776180698
0 0.742919921875 0.6491273100616016 0.0390625 0.037987679671457907
0 0.9091796875 0.40708418891170434 0.041015625 0.04209445585215606
0 0.634765625 0.6786447638603696 0.0361328125 0.039014373716632446
0 0.618408203125 0.6291067761806981 0.03759765625 0.039014373716632446
0 0.59326171875 0.6527207392197125 0.03662109375 0.039527720739219716
0 0.4287109375 0.5485112936344969 0.037109375 0.039014373716632446
0 0.944580078125 0.6342402464065708 0.03759765625 0.04004106776180698
0 0.920654296875 0.7112422997946611 0.0390625 0.04209445585215606
0 0.864990234375 0.742299794661191 0.0380859375 0.038501026694045176
0 0.6064453125 0.10446611909650924 0.03857421875 0.04055441478439425
0 0.634521484375 0.26386036960985626 0.03759765625 0.039014373716632446
0 0.829833984375 0.41812114989733057 0.0380859375 0.038501026694045176
0 0.958740234375 0.5318275154004107 0.03759765625 0.04055441478439425
0 0.806396484375 0.5195071868583162 0.03759765625 0.038501026694045176
0 0.183349609375 0.26976386036960986 0.03759765625 0.04055441478439425
0 0.6357421875 0.0818788501026694 0.03857421875 0.04055441478439425
0 0.958251953125 0.4658624229979466 0.03857421875 0.04158110882956879
0 0.644775390625 0.15297741273100615 0.03759765625 0.04055441478439425
0 0.384033203125 0.45585215605749485 0.03857421875 0.04055441478439425
0 0.3466796875 0.34881930184804927 0.03857421875 0.04158110882956879
0 0.586669921875 0.0364476386036961 0.03857421875 0.039527720739219716
0 0.71826171875 0.726129363449692 0.03955078125 0.04158110882956879
0 0.849365234375 0.6126796714579056 0.03759765625 0.04055441478439425
0 0.59326171875 0.07007186858316222 0.037109375 0.039014373716632446
0 0.691162109375 0.6442505133470225 0.0380859375 0.04055441478439425
0 0.278564453125 0.18737166324435317 0.0390625 0.04106776180698152
0 0.793212890625 0.13963039014373715 0.03857421875 0.04106776180698152
0 0.886474609375 0.2551334702258727 0.04052734375 0.04260780287474333
0 0.449462890625 0.06750513347022587 0.03857421875 0.04106776180698152
0 0.532470703125 0.33675564681724846 0.0361328125 0.04055441478439425
0 0.830810546875 0.4912731006160164 0.0390625 0.038501026694045176
0 0.556640625 0.4414784394250513 0.03662109375 0.039527720739219716
0 0.3955078125 0.1717145790554415 0.03759765625 0.04260780287474333
0 0.47705078125 0.4545687885010267 0.03662109375 0.038501026694045176
0 0.392822265625 0.4055441478439425 0.037109375 0.039527720739219716
0 0.73095703125 0.7564168377823408 0.0390625 0.039527720739219716
0 0.581298828125 0.5803388090349076 0.03662109375 0.039527720739219716
0 0.348388671875 0.4553388090349076 0.0380859375 0.039527720739219716
0 0.692138671875 0.6976386036960985 0.0380859375 0.039527720739219716
0 0.35546875 0.053388090349075976 0.037109375 0.04055441478439425
0 0.779541015625 0.6986652977412731 0.03955078125 0.039527720739219716
0 0.63330078125 0.5967659137577002 0.03662109375 0.037987679671457907
0 0.651611328125 0.7081622176591376 0.03955078125 0.04106776180698152
0 0.758056640625 0.33418891170431214 0.03857421875 0.04158110882956879
0 0.143798828125 0.263347022587269 0.0380859375 0.04055441478439425
0 0.843017578125 0.19224845995893225 0.0380859375 0.04209445585215606
0 0.493896484375 0.3991273100616016 0.03759765625 0.038501026694045176
0 0.382568359375 0.4912731006160164 0.037109375 0.04004106776180698
0 0.921142578125 0.580082135523614 0.03955078125 0.04004106776180698
0 0.500244140625 0.290041067761807 0.03662109375 0.039014373716632446
0 0.51611328125 0.6149897330595483 0.03759765625 0.04004106776180698
0 0.754638671875 0.36113963039014374 0.03955078125 0.04004106776180698
0 0.54150390625 0.6427104722792608 0.037109375 0.04004106776180698
0 0.80517578125 0.7625770020533881 0.03955078125 0.039527720739219716
0 0.7177734375 0.08829568788501027 0.03857421875 0.04209445585215606
0 0.46728515625 0.027720739219712527 0.037109375 0.04055441478439425
0 0.60302734375 0.688141683778234 0.03662109375 0.037987679671457907
0 0.467529296875 0.545687885010267 0.03662109375 0.039014373716632446
0 0.184326171875 0.20354209445585217 0.0380859375 0.04209445585215606
0 0.860595703125 0.7900410677618069 0.03759765625 0.03747433264887064
0 0.866943359375 0.22484599589322382 0.0380859375 0.04055441478439425
0 0.46630859375 0.09419917864476386 0.0380859375 0.04106776180698152
0 0.904541015625 0.7435831622176592 0.0380859375 0.04055441478439425
0 0.10986328125 0.24948665297741274 0.0390625 0.039527720739219716
0 0.8359375 0.8187885010266941 0.03955078125 0.039527720739219716
0 0.859375 0.7887577002053389 0.0380859375 0.038501026694045176
0 0.4404296875 0.5205338809034907 0.03662109375 0.037987679671457907
0 0.8212890625 0.7962012320328542 0.03857421875 0.039014373716632446
0 0.25732421875 0.0952258726899384 0.03857421875 0.044661190965092405
0 0.340576171875 0.49666324435318276 0.041015625 0.04106776180698152
0 0.626220703125 0.1712012320328542 0.03662109375 0.04055441478439425
0 0.89111328125 0.7702772073921971 0.03955078125 0.04004106776180698
0 0.8408203125 0.766170431211499 0.04248046875 0.04158110882956879
0 0.827392578125 0.7340862422997947 0.04052734375 0.04260780287474333
0 0.79736328125 0.7299794661190965 0.04248046875 0.04004106776180698
0 0.884521484375 0.7140657084188912 0.04150390625 0.03696098562628337
0 0.872314453125 0.6850616016427105 0.0361328125 0.038501026694045176
0 0.90673828125 0.6812114989733059 0.03857421875 0.039014373716632446
0 0.91064453125 0.6463039014373717 0.0390625 0.038501026694045176
0 0.920166015625 0.6142197125256673 0.04150390625 0.038501026694045176
0 0.951904296875 0.5970225872689938 0.04248046875 0.03747433264887064
0 0.850830078125 0.6437371663244353 0.03857421875 0.03593429158110883
0 0.7392578125 0.6973819301848049 0.0380859375 0.038501026694045176
0 0.815673828125 0.5921457905544147 0.0400390625 0.04004106776180698
0 0.80029296875 0.5626283367556468 0.03564453125 0.04106776180698152
0 0.8291015625 0.5487679671457906 0.03369140625 0.034394250513347026
0 0.84130859375 0.5148870636550308 0.0380859375 0.03593429158110883
0 0.8642578125 0.4887063655030801 0.0361328125 0.04055441478439425
0 0.9306640625 0.5454312114989733 0.03857421875 0.045174537987679675
0 0.92626953125 0.4771560574948665 0.03564453125 0.04004106776180698
0 0.900390625 0.428388090349076 0.03564453125 0.038501026694045176
0 0.86376953125 0.41683778234086244 0.04443359375 0.04004106776180698
0 0.84765625 0.39014373716632444 0.037109375 0.0364476386036961
0 0.811767578125 0.39091375770020537 0.04541015625 0.04209445585215606
0 0.790283203125 0.3608829568788501 0.03955078125 0.04158110882956879
0 0.8798828125 0.38578028747433263 0.04833984375 0.04260780287474333
0 0.90869140625 0.3662731006160164 0.04296875 0.03593429158110883
0 0.931396484375 0.34625256673511295 0.0361328125 0.038501026694045176
0 0.875244140625 0.29671457905544146 0.03955078125 0.0364476386036961
0 0.84130859375 0.2915811088295688 0.0361328125 0.039527720739219716
0 0.80322265625 0.2913244353182752 0.0380859375 0.04209445585215606
0 0.8603515625 0.35626283367556466 0.04833984375 0.04620123203285421
0 0.76025390625 0.22741273100616016 0.03857421875 0.048767967145790556
0 0.830810546875 0.2245893223819302 0.03564453125 0.04158110882956879
0 0.80712890625 0.1986652977412731 0.037109375 0.04004106776180698
0 0.78271484375 0.17607802874743325 0.0439453125 0.04209445585215606
0 0.811279296875 0.4509753593429158 0.03955078125 0.04106776180698152
0 0.794921875 0.4856262833675565 0.0419921875 0.04158110882956879
0 0.739990234375 0.5503080082135524 0.0400390625 0.03696098562628337
0 0.699462890625 0.4517453798767967 0.0361328125 0.03542094455852156
0 0.607666015625 0.47741273100616016 0.0400390625 0.038501026694045176
0 0.580810546875 0.4658624229979466 0.033203125 0.044147843942505136
0 0.463134765625 0.3844969199178645 0.03515625 0.043634496919917866
0 0.417236328125 0.5010266940451745 0.03515625 0.039527720739219716
0 0.412109375 0.43121149897330596 0.03466796875 0.043121149897330596
0 0.47216796875 0.31724845995893225 0.033203125 0.04158110882956879
0 0.3984375 0.31211498973305957 0.03466796875 0.039014373716632446
0 0.36767578125 0.3323921971252567 0.0361328125 0.04004106776180698
0 0.345458984375 0.3049281314168378 0.0419921875 0.049794661190965095
0 0.382080078125 0.28080082135523615 0.03759765625 0.044147843942505136
0 0.530029296875 0.29799794661190965 0.0419921875 0.04568788501026694
0 0.652587890625 0.23280287474332648 0.03662109375 0.04158110882956879
0 0.69921875 0.12217659137577003 0.0361328125 0.047741273100616016
0 0.677734375 0.11139630390143737 0.03369140625 0.048254620123203286
0 0.26220703125 0.3991273100616016 0.03955078125 0.043634496919917866
0 0.226806640625 0.26642710472279263 0.03857421875 0.043121149897330596
0 0.308837890625 0.17967145790554415 0.04150390625 0.04209445585215606