0 0.40844554902846814 0.6996910360748647 0.03506552191595125 0.038951166849612855
0 0.42577948486217804 0.9645770233945206 0.03607320379575241 0.03872788293182631
0 0.4494622684139178 0.7982542582518273 0.03430185268865793 0.03708888396084002
0 0.40014460009037506 0.73100779322484 0.03555354722096704 0.036542550970511255
0 0.7309579755987348 0.8911688723809559 0.03555354722096693 0.03773023138426925
0 0.29174875734297334 0.7920925722652498 0.03567555354722096 0.036062728083353014
0 0.363524627202892 0.7376778064285058 0.0354902846814279 0.03679908993988295
0 0.4802259376412111 0.5924007382176072 0.034699502937189375 0.037668472002753924
0 0.29150474469046544 0.7304947152860966 0.03561229100768193 0.03721715344552587
0 0.4721690013556259 0.6925031942108004 0.03417984636240401 0.03593445859866693
0 0.4436014460009038 0.9301865493337391 0.03555354722096704 0.038020025405226324
0 0.10357885223678265 0.4722787411701065 0.03442385901491188 0.037440437363312415
0 0.22021690013556258 0.7140667198029935 0.03683687302304567 0.037506947466482934
0 0.3278807049254406 0.7120144080480194 0.03704925440578399 0.038951166849612855
0 0.2902846814279259 0.4961511174866455 0.036163578852236755 0.037027124579324576
0 0.28051965657478534 0.5323421150546843 0.03573429733393585 0.036960614476154174
0 0.13964753727971083 0.7854225590615841 0.037474017171260754 0.03962576932462747
0 0.13403524627202892 0.46663013312227264 0.03704925440578399 0.036385777155895103
0 0.22643922277451425 0.7859356370003275 0.037202892001807486 0.03792501097212562
0 0.8261726163578852 0.8126299419799561 0.03588793492995923 0.037858500868955335
0 0.28442385901491185 0.8270008749864298 0.03573429733393585 0.038020025405226324
0 0.3298328061455038 0.7479488666466865 0.03539990962494355 0.03638577715589522
0 0.12323090826931767 0.6093418116394537 0.03643922277451425 0.03837157880769872
0 0.6362313601446001 0.9512322462655338 0.0368956168097605 0.037312167878626575
0 0.8168956168097605 0.8439419484082763 0.03488025305015818 0.037312167878626575
0 0.545408947130592 0.9276164089183664 0.034821509263443184 0.037440437363312415
0 0.3872074107546317 0.5754596647957607 0.035829191143244454 0.035996217980182495
0 0.326904654315409 0.388860819629388 0.03527790329868952 0.036542550970511255
0 0.4794938996836873 0.9363434845986616 0.033904202440126485 0.03660906107368154
0 0.6054676909173069 0.9584200881295983 0.0341798463624039 0.03721715344552587
0 0.6972661545413466 0.8105728795033269 0.035829191143244454 0.03708888396084002
0 0.21997288748305469 0.6339838048641081 0.037202892001807486 0.038599613447140226
0 0.3308088567555355 0.936856562537405 0.03683687302304561 0.037506947466482934
0 0.08062810664256666 0.5590364200343129 0.03634432896520559 0.0366708204551971
0 0.3930682331676458 0.9122193200344056 0.03534116583822866 0.038499848292384564
0 0.5634749209218256 0.9686863976261239 0.03396746497966552 0.036960614476154174
0 0.23816086760054223 0.8850119371160337 0.036497966561229056 0.03878964231334164
0 0.2044690465431541 0.5292588967005681 0.03738364211477635 0.036960614476154174
0 0.8002937189335744 0.7849094811228405 0.03588793492995923 0.03814829488991217
0 0.1756574785359241 0.5503093443540178 0.03710799819249888 0.037506947466482934
0 0.9096701310438319 0.6509248782859546 0.035829191143244454 0.03962576932462747
0 0.8652327157704474 0.7073919558776726 0.03677361048350658 0.037506947466482934
0 0.3288567555354722 0.9029791664153671 0.036163578852236755 0.03924096087056969
0 0.579588793492996 0.9353173287211743 0.035002259376412104 0.034780033236494076
0 0.5737324898328062 0.6072894998844796 0.03527790329868963 0.03638577715589522
0 0.10668775417984638 0.6652958112924283 0.0368956168097605 0.03830981942618339
0 0.7656258472661546 0.8880904047484949 0.036285585178490676 0.03808178478674189
0 0.42993221870763676 0.7520534901566346 0.034609127880704915 0.03538812560833817
0 0.4128422955264347 0.5246411952518764 0.03661997288748309 0.03830981942618339
0 0.1615002259376412 0.6334707269253645 0.036439222774514224 0.0366708204551971
0 0.2873520108450068 0.4435321244355039 0.03442385901491185 0.036257507671209256
0 0.32544057840036156 0.4845973624216061 0.03600994125621326 0.036609061073681656
0 0.24511522819701764 0.23857649079408497 0.0365612291007682 0.0361909975680388
0 0.2653818346136466 0.7053396441226986 0.03698599186624496 0.03721715344552587
0 0.647948486217804 0.6540033459184157 0.03521915951197463 0.036542550970511255
0 0.12793041120650703 0.7268984189932367 0.0368956168097605 0.03830981942618339
0 0.17370537731586083 0.33752452142510514 0.03622232263895164 0.037027124579324576
0 0.349118843199277 0.6062633440069926 0.03561229100768193 0.03571117468088038
0 0.8544916403072752 0.8018458038230319 0.03573429733393585 0.03814829488991217
0 0.14098960686850429 0.2565437200934185 0.03488025305015813 0.036670820455197047
0 0.11950745594215999 0.5749465868570173 0.03616357885223678 0.036960614476154174
0 0.10431089019430638 0.4409667347417862 0.034821509263443295 0.03545463571150869
0 0.10723904202440127 0.5420953466124664 0.036163578852236755 0.03878964231334164
0 0.21569814731134207 0.25885732153941937 0.03567555354722096 0.037155394064010416
0 0.12145955716222324 0.3721762851769133 0.03661997288748306 0.037088883960839904
0 0.3193357433348396 0.3134003568608493 0.035155896972435596 0.034780033236494076
0 0.7094713059195662 0.9209463957147006 0.03661997288748298 0.039397734685185724
0 0.633298689561681 0.5595494979730564 0.03372345232715768 0.03648079158899569
0 0.1945820153637596 0.4828015896360038 0.03573429733393585 0.03721715344552587
0 0.42895616809760506 0.3862954299356704 0.03527790329868952 0.03558290519619465
0 0.875490284681428 0.7715599532721987 0.036163578852236755 0.03872788293182631
0 0.3596204247627655 0.307238670874272 0.03561229100768193 0.037506947466482816
0 0.2897966561229101 0.38500798436715655 0.036497966561229056 0.03721715344552587
0 0.2204609127880705 0.36421882640473363 0.03677361048350658 0.03808178478674177
0 0.1531992769995481 0.5734073530407866 0.03622232263895164 0.037506947466482934
0 0.17492544057840037 0.24704702750500823 0.036163578852236755 0.03785850086895522
0 0.8540036150022594 0.6504118003472109 0.03732489832806141 0.037506947466482934
0 0.1082150926344329 0.5441476583674405 0.03683687302304564 0.03721715344552587
0 0.04486217803886128 0.5446607363061841 0.035002259376412104 0.036609061073681774
0 0.9223633077270674 0.6878854927621086 0.036285585178490676 0.03814829488991217
0 0.35913239945774966 0.3690978175444522 0.034943515589697216 0.03532636622682284
0 0.22607320379575238 0.4147855077009013 0.03622232263895164 0.036960614476154056
0 0.27392679620424765 0.4117022893467851 0.035951197469498375 0.03648079158899581
0 0.29907365567103483 0.9235117854084183 0.03534116583822866 0.03756870684799826
0 0.8945323090826932 0.7453787262313137 0.03588793492995923 0.03808178478674189
0 0.3403298689561681 0.2738696019693226 0.03607320379575241 0.03773023138426937
0 0.6381834613646633 0.5210448989590166 0.037383642114776405 0.038438088910869236
0 0.20556710347943968 0.22984941511379 0.03469950293718932 0.036609061073681656
0 0.5629868956168098 0.9661210079324062 0.03301852688657925 0.03583944416556646
0 0.4130863081789426 0.33393297585390047 0.0368956168097605 0.037925010972125736
0 0.07629462268413918 0.2951765885921441 0.03582919114324448 0.036385777155895103
0 0.37866244916403075 0.33803759936384864 0.034487121554450995 0.03648079158899581
0 0.20581111613194758 0.4437886634048756 0.03677361048350658 0.036385777155895103
0 0.494139177586986 0.3714066682687981 0.03488025305015818 0.036960614476154056
0 0.0661003163126977 0.3280278288366949 0.03704925440578399 0.037088883960839904
0 0.8266606416629011 0.6309053372316469 0.03710799819249888 0.03756870684799826
0 0.14672842295526434 0.22240978500200886 0.03607320379575235 0.03756870684799826
0 0.5444328965205603 0.41504204667027306 0.033782196113872676 0.036257507671209256
0 0.28320379575237237 0.26039655535565 0.036497966561229056 0.0366708204551971
0 0.5053727971079982 0.397587895309683 0.034699502937189264 0.03808178478674177
0 0.5063488477180298 0.4353181266939524 0.03506552191595125 0.03686560004305347
0 0.18237234523271575 0.267969205673772 0.03588793492995934 0.036385777155895103
0 0.25170808856755533 0.54260842455121 0.03561229100768193 0.03465176375180823
0 0.5380840488025305 0.4843408234522344 0.034699502937189264 0.03679908993988295
0 0.22119295074559422 0.20328337961884738 0.037596023497514675 0.038148294889912227
0 0.5859376412110258 0.46791757869078654 0.03332580207862623 0.038020025405226324
0 0.2103253502033439 0.3865519689050422 0.03704925440578399 0.03737867798179697
0 0.551269769543606 0.4535418949626577 0.036285585178490676 0.03814829488991228
0 0.15844554902846814 0.40117944088088775 0.03622232263895164 0.037925010972125736
0 0.10325802078626299 0.3107827092289263 0.04037053773158608 0.04693237923006764
0 0.04270221418888387 0.4305626543172647 0.03726615454134659 0.04162582314139617
0 0.10364663352914597 0.5093296193577062 0.03804338002711252 0.04081344973838546
0 0.12558065973791235 0.6399269576545539 0.03998192498870312 0.04244294726606184
0 0.09510619069136919 0.6297224075395437 0.03959331224582016 0.03836207736438881
0 0.19312245820153637 0.6166626737098589 0.03532309082693175 0.039996325613719914
0 0.2773610483506552 0.6717615434649277 0.03455038409399003 0.035915455712046886
0 0.3115228197017623 0.657680404479411 0.0392092182557614 0.04693237923006764
0 0.3769317668323543 0.6452335137432255 0.038043380027112494 0.048158065417065965
0 0.3808133755083597 0.6748210082107688 0.036488929055580654 0.03877063942672159
0 0.4085675553547221 0.6978810111242973 0.04386353366470852 0.04081344973838546
0 0.4440894713059196 0.6799232832682739 0.03882060551287847 0.044077195515392936
0 0.48348847718029825 0.6276843479495348 0.0430908269317668 0.04081344973838546
0 0.2228197017623136 0.29262070034173654 0.04037053773158611 0.03673257983671255
0 0.3099683687302305 0.2797652475432181 0.03455038409399003 0.043668633453060164
0 0.38857659286037055 0.5413684861992464 0.03493899683687307 0.039587763551387135
0 0.44855399909624943 0.5009635985231936 0.03532309082693175 0.04203438520372895
0 0.4765024853140533 0.5109638676070374 0.03687754179846359 0.048975189541731634
0 0.599362855851785 0.5415727672304128 0.034161771351107095 0.039996325613719914
0 0.5492860370537731 0.5813648118129663 0.036488929055580765 0.03632401777437966
0 0.5370582919114325 0.6154417382445155 0.03377315860822416 0.04244294726606184
0 0.24455942159963853 0.6552337828270691 0.037266154541346574 0.040404887676052686
0 0.21350203343877092 0.6740038840861031 0.035711703569814734 0.040404887676052686
0 0.15760506100316313 0.5997263510096675 0.04037053773158611 0.03877063942672159
0 0.08112968820605512 0.6827784669829484 0.04114776321735203 0.03836207736438881
0 0.12305467690917307 0.7603244965580466 0.04270221418888387 0.03836207736438881
0 0.1558563036601898 0.7156344579491543 0.03532309082693175 0.03713639117739025
0 0.25271125169453235 0.7388939911721942 0.036488929055580654 0.039587763551387135
0 0.28958879349299593 0.7586902483087152 0.043479439674649845 0.04162582314139606
0 0.2494125621328514 0.6911444878174609 0.0392092182557614 0.04203438520372883
0 0.30414821509263446 0.6964510439061324 0.03532309082693175 0.04285150932839461
0 0.2800768187980117 0.8566358766705235 0.03687754179846359 0.039996325613719914
0 0.265716222322639 0.9011216342482493 0.03455038409399003 0.04244294726606184
0 0.3614053321283326 0.8833681874233924 0.036488929055580654 0.03468976952504856
0 0.3192860370537732 0.8186823613684676 0.0407591504744691 0.03754495323972303
0 0.3612110257568911 0.9176493948861079 0.03455038409399003 0.04122201180071847
0 0.37829191143244467 0.9529520075046557 0.04231360144600094 0.039996325613719914
0 0.4118707636692273 0.931321971809292 0.03183009489380928 0.04244294726606184
0 0.5083325802078626 0.9013259152794157 0.0368775417984637 0.04285150932839461
0 0.48446000903750563 0.872555544936538 0.03726615454134663 0.03917920148905436
0 0.4864030727519205 0.8348015599439935 0.038043380027112494 0.043668633453060164
0 0.45553999096249437 0.8721469828742052 0.03221870763669232 0.03836207736438881
0 0.471843651152282 0.9031644445599134 0.03687754179846359 0.03836207736438881
0 0.4182738364211478 0.5929945784244863 0.03843199276999543 0.035098331587381335
0 0.6416764572977858 0.7050213457718113 0.04270221418888376 0.04693237923006764
0 0.6845729778581112 0.7140002096998231 0.04153637596023496 0.045302881702391495
0 0.6220741075463173 0.7313450944623473 0.03765476728422956 0.03917920148905436
0 0.6428422955264347 0.7690943287332369 0.03882060551287836 0.04285150932839461
0 0.6509941256213286 0.8201123285866325 0.03338454586534123 0.04203438520372883
0 0.6804970628106644 0.8425594884066618 0.044252146407591564 0.037953515302055804
0 0.7183461364663354 0.840108116032665 0.03920921825576151 0.04122201180071847
0 0.7431902394938997 0.8607167465721967 0.03610031631269761 0.03673257983671244
0 0.761043831902395 0.829499754576977 0.03765476728422956 0.04122201180071847
0 0.7901581563488477 0.8209294527112981 0.03532309082693175 0.03877063942672159
0 0.7660912788070492 0.7884820238074252 0.03221870763669221 0.03101746168570831
0 0.8103434252146408 0.742775330764356 0.03377315860822416 0.03754495323972303
0 0.8466425666516041 0.6862512445127773 0.036488929055580765 0.040404887676052686
0 0.5875237234523272 0.7915414885532661 0.0368775417984637 0.040404887676052686
0 0.5770447356529598 0.8266398201406473 0.03144148215092635 0.040404887676052686
0 0.6044103027564393 0.8311292521046533 0.036488929055580765 0.039587763551387135
0 0.4937776773610484 0.7576688431528832 0.03726615454134663 0.03632401777437966
0 0.5050338906461818 0.7250218839394988 0.038043380027112494 0.044485757577725715
0 0.6620560325350204 0.8747978855577134 0.03843199276999543 0.03877063942672159
0 0.6859286037053773 0.757056000059384 0.04891098056936283 0.04489431964005849
0 0.6247898779936738 0.887244776293899 0.04153637596023496 0.04081344973838546
0 0.6113962946226842 0.9211221724159369 0.03959331224582008 0.03836207736438881
0 0.669240849525531 0.936424246866797 0.041924988703117894 0.03632401777437966
0 0.8540171712607321 0.746856200666029 0.041924988703117894 0.03917920148905436