0 0.4073023045639404 0.5685996227258936 0.039182105738816086 0.038666123550310745
0 0.1385178490736557 0.20489387425990346 0.04056032535020332 0.04119350747078816
0 0.18371441482150927 0.21067550251407818 0.04159060099412565 0.03974928808765824
0 0.22032083145051967 0.21898451468873031 0.037808404880253055 0.040471397779223206
0 0.23372797107998194 0.25927538504506226 0.03299593312245819 0.0328844952961361
0 0.2770356981473114 0.2536742842137788 0.03849525530953457 0.03758295901296336
0 0.15707636692272933 0.23488518006812462 0.03506100316312699 0.034689769525048444
0 0.17254405784003615 0.26993600443895555 0.03574785359240851 0.03396765983348348
0 0.2189471305919566 0.2903546061122859 0.03230908269317667 0.03577293406239594
0 0.26861274288296433 0.3398618764793812 0.032652507907817485 0.035050824370830985
0 0.2914731134206959 0.3573872886647967 0.03849525530953457 0.03830506870452832
0 0.1471125169453231 0.29161829807252465 0.03849525530953457 0.03830506870452832
0 0.14453230908269318 0.31926274738315963 0.03883868052417533 0.03432871467926602
0 0.16859466787166744 0.3317286410059653 0.0374649796656123 0.03902717839609328
0 0.189733393583371 0.35666517897323174 0.03574785359240851 0.03974928808765824
0 0.09847266154541347 0.2599974947366272 0.036091278807049265 0.035772934062395886
0 0.08318120198825125 0.29017407868939465 0.03849525530953457 0.04119350747078816
0 0.11652056032535021 0.2961362343664607 0.037808404880253055 0.03722190416718082
0 0.09366470854044284 0.32360015625420446 0.04159060099412562 0.0415545623165707
0 0.06375960234975146 0.333719193379424 0.03265250790781746 0.04011034293344078
0 0.18268413917758697 0.3922575856127364 0.043651152281970196 0.0415545623165707
0 0.20983732489832807 0.41682831801256526 0.0374649796656123 0.03722190416718082
0 0.24008585630366017 0.4392327213376993 0.036091278807049265 0.03577293406239594
0 0.26930411206507004 0.42514208090887246 0.036778129236330726 0.030713415499786144
0 0.274631721644826 0.45784604878211727 0.03643470402169002 0.036860849321398395
0 0.17512426570266607 0.463627677036292 0.03402620876638046 0.03541187921661341
0 0.17288748305467694 0.49343845542162196 0.03643470402169002 0.04011034293344078
0 0.1703117939448712 0.5266840055635406 0.03815183009489381 0.040110342933440665
0 0.14040668775417986 0.5048211845070801 0.04021690013556256 0.03252344045035356
0 0.1435020334387709 0.53680304268876 0.03540442837776775 0.03432871467926602
0 0.11308178942611838 0.5232492338069519 0.03643470402169002 0.036133988908178365
0 0.10466335291459558 0.5545089822970667 0.04159060099412565 0.0379440138587459
0 0.0790555806597379 0.573298086442721 0.04124717577948486 0.04083245262500574
0 0.04760506100316313 0.558485336322329 0.034717577948486206 0.040110342933440665
0 0.04519656574785359 0.5163844410154297 0.03540442837776772 0.039749288087658124
0 0.07751016719385449 0.49940061109868794 0.03815183009489381 0.03902717839609328
0 0.042105738816086764 0.4789820094253575 0.03883868052417533 0.03432871467926602
0 0.046403072751920474 0.44664384711955024 0.039182105738816086 0.03758295901296336
0 0.07613194758246723 0.465071896419422 0.03540442837776772 0.036860849321398395
0 0.08060099412562133 0.4298405446256997 0.036091278807049265 0.03722190416718082
0 0.08352462720289201 0.39695604932956374 0.0323090826931767 0.03649979447561586
0 0.06375960234975146 0.6311191197061233 0.042277451423407136 0.04083245262500574
0 0.08936737460460914 0.6096173534954455 0.03299593312245819 0.03541187921661341
0 0.12373700858563036 0.5993177889473348 0.0398689561680976 0.0379440138587459
0 0.1548441030275644 0.6081731341123155 0.0374649796656123 0.04264247757557316
0 0.1677315860822413 0.5843197606823967 0.0398689561680976 0.036860849321398284
0 0.1907636692272933 0.5557726742573054 0.03643470402169002 0.03758295901296336
0 0.21207410754631723 0.5779965501595482 0.040560325350203374 0.03722190416718082
0 0.20038861274288297 0.6000398986388997 0.037808404880253055 0.04083245262500574
0 0.189733393583371 0.6372618028060807 0.0398689561680976 0.041554562316570585
0 0.07630366018978763 0.665267306962498 0.03574785359240851 0.04119350747078828
0 0.14487573429733394 0.6770110908937388 0.043651152281970196 0.038666123550310745
0 0.10173971983732491 0.7315778798234439 0.04124717577948486 0.042281422729790616
0 0.14126976954360596 0.7263378338379429 0.037808404880253055 0.03758295901296336
0 0.1916222322638952 0.73392473632103 0.04090375056484408 0.03541187921661341
0 0.241802982376864 0.6994154942188728 0.0312788070492544 0.040110342933440665
0 0.27222322638951646 0.6950780853478279 0.043994577496610954 0.04444775180448562
0 0.3280795300497063 0.6361786382687331 0.04021690013556256 0.04083245262500574
0 0.3206868504292815 0.6665309989227368 0.037808404880253055 0.03649979447561597
0 0.35471757794848624 0.6614714803601269 0.04124717577948489 0.042281422729790616
0 0.37379123361952105 0.633104921357927 0.035404428377767694 0.03468976952504856
0 0.2983461364663353 0.5649890742680688 0.0398689561680976 0.03577293406239594
0 0.37241753276095796 0.5476441895055446 0.03402620876638052 0.03722190416718082
0 0.37671486669679166 0.5835976509908317 0.03712155445097154 0.03974928808765836
0 0.44064618165386354 0.5519815983765894 0.03574785359240851 0.0328844952961361
0 0.45267510167193853 0.5705901750993523 0.03506100316312699 0.038305068704528204
0 0.3612471757794849 0.4312847640088297 0.037808404880253055 0.038666123550310745
0 0.41383642114776326 0.4459217374279853 0.03436963398102122 0.03758295901296336
0 0.4255219159511975 0.47699620777355384 0.03299593312245819 0.03902717839609328
0 0.42466335291459556 0.5143986393636261 0.03815183009489376 0.03722190416718082
0 0.38461816538635335 0.29974678282428546 0.04330772706732944 0.038666123550310745
0 0.4530185268865793 0.3590120354708179 0.03712155445097154 0.03722190416718082
0 0.42053773158608226 0.3850317379754317 0.032652507907817485 0.03722190416718082
0 0.4605784003615002 0.3976781590211287 0.03574785359240851 0.0393882332418757
0 0.5035427022141888 0.36750632579001624 0.037808404880253166 0.03830506870452832
0 0.4961545413465883 0.4045429518126509 0.032652507907817485 0.03577293406239594
0 0.4734704021690014 0.43074318174015597 0.036778129236330726 0.034689769525048444
0 0.5559602349751468 0.4325484559690684 0.03402620876638052 0.04264247757557316
0 0.5987528242205151 0.42893790751124355 0.03712155445097154 0.04408669695870308
0 0.568852236782648 0.495785311919208 0.03230908269317667 0.040471397779223206
0 0.5889606868504292 0.46597453353387813 0.036778129236330726 0.03577293406239594
0 0.6049435155896973 0.5044601296612976 0.03436963398102133 0.03758295901296336
0 0.6391414369633982 0.5073533191492126 0.032652507907817485 0.03758295901296336
0 0.4810302756439223 0.5485468266200009 0.035404428377767694 0.03613398890817848
0 0.5248531405332129 0.5516157928091519 0.03643470402168991 0.04083245262500574
0 0.5471983732489833 0.5687849008704399 0.03712155445097154 0.03758295901296336
0 0.583113420695888 0.5445704725947385 0.04021690013556256 0.03974928808765836
0 0.5803660189787618 0.5785381324282219 0.03609127880704932 0.03974928808765836
0 0.5642114776321735 0.6101589357641192 0.03402620876638052 0.03938823324187582
0 0.5803660189787618 0.6365396931145157 0.03333935833709889 0.041554562316570585
0 0.5860370537731586 0.6724931545998027 0.03643470402168991 0.03974928808765836
0 0.608892905558066 0.6999570764875465 0.03402620876638052 0.041193507470788045
0 0.6334704021690013 0.697424941845414 0.0336827835517397 0.04625302603339785
0 0.6754044283777678 0.6976054692683055 0.03643470402168991 0.04083245262500574
0 0.37963398102123813 0.6907406764767832 0.03609127880704921 0.03577293406239594
0 0.36450971531857207 0.7209172604295506 0.03746497966561224 0.03252344045035356
0 0.396475372797108 0.7212783152753331 0.04090375056484408 0.03902717839609328
0 0.4098825124265703 0.745849047675162 0.04021690013556256 0.03902717839609328
0 0.4433935833709896 0.7425995540631197 0.03436963398102122 0.04119350747078828
0 0.4466606416629011 0.7073634515477425 0.03952553095345679 0.0430035324213557
0 0.4207094441934026 0.6374423302289718 0.03712155445097154 0.03613398890817848
0 0.49718481699051065 0.6173847834014239 0.03746497966561235 0.03505082437083087
0 0.4873881608676005 0.6488250593144301 0.04124717577948478 0.041554562316570585
0 0.6625124265702667 0.5729370315969384 0.04227745142340722 0.038666123550310745
0 0.7096023497514686 0.5787186598511131 0.038838680524175384 0.0430035324213557
0 0.6834794396746499 0.6007620083304647 0.03609127880704932 0.0379440138587459
0 0.6592498870311795 0.6287675124868821 0.03849525530953457 0.03613398890817848
0 0.7006642566651604 0.6325633390892533 0.04159060099412559 0.0379440138587459
0 0.7379575237234524 0.639067077034993 0.0336827835517397 0.04083245262500574
0 0.7513646633529146 0.6032941429725971 0.03436963398102133 0.03722190416718082
0 0.2997198373248983 0.7360910653957249 0.0398689561680976 0.03541187921661341
0 0.241802982376864 0.7597639114027526 0.03402620876638046 0.03505082437083087
0 0.23166290103931314 0.7863204454543852 0.03574785359240851 0.031801330758788715
0 0.2756619972887483 0.7653650122340361 0.0398689561680976 0.03758295901296336
0 0.28648892905558065 0.7955368454651486 0.036778129236330726 0.041554562316570585
0 0.3114053321283326 0.7669897590400573 0.03849525530953457 0.03649979447561597
0 0.3191414369633981 0.7953563180422574 0.03609127880704921 0.038305068704528204
0 0.3438906461816539 0.8080027390879542 0.03746497966561224 0.03468976952504856
0 0.37241753276095796 0.7855983357628203 0.03815183009489387 0.03902717839609328
0 0.1416131947582467 0.7881304704049528 0.03712155445097154 0.039749288087658124
0 0.16085856303660193 0.8161359745613702 0.042620876638047867 0.042281422729790616
0 0.18921825576140985 0.8405261795383079 0.036091278807049265 0.03902717839609328
0 0.21911884319927702 0.8181217762131738 0.03815183009489381 0.03613398890817848
0 0.32034342521464076 0.832397694786547 0.03712155445097154 0.03432871467926602
0 0.3340939900587438 0.860764253788747 0.0398689561680976 0.03902717839609328
0 0.3609037505648441 0.8743133119489 0.03574785359240851 0.038666123550310745
0 0.3976818798011749 0.8526310183153311 0.039182105738816086 0.03577293406239594
0 0.4270673294170809 0.8526310183153311 0.04159060099412559 0.03577293406239594
0 0.42345684591052873 0.8811781047404222 0.03849525530953457 0.03649979447561597
0 0.42930411206507 0.9164142072557995 0.037808404880253055 0.03902717839609328
0 0.46350203343877094 0.9243621645846691 0.03196565747853597 0.03902717839609328
0 0.4968413917758699 0.9424291590387583 0.04227745142340711 0.03758295901296336
0 0.49873474920921823 0.9707957180409583 0.04468142792589247 0.04083245262500574
0 0.4683145051965658 0.9704346631951759 0.03196565747853597 0.040110342933440665
0 0.40266606416629014 0.9614035413289588 0.036778129236330726 0.03649979447561597
0 0.3959602349751469 0.9270700759280378 0.03574785359240851 0.03722190416718082
0 0.3629643018526887 0.9482107872929331 0.03849525530953457 0.040471397779223206
0 0.332028920018075 0.938452805013496 0.03849525530953457 0.039749288087658124
0 0.33684139177586986 0.9008745967221876 0.03574785359240851 0.039749288087658124
0 0.3081427925892454 0.8847934039199021 0.03746497966561224 0.03938823324187582
0 0.2684410302756439 0.9070172798221449 0.03506100316312699 0.03613398890817848
0 0.24369633981021238 0.8855155136114671 0.040560325350203374 0.0379440138587459
0 0.426208766380479 0.8157749197155878 0.0398689561680976 0.040110342933440665
0 0.46247175779484867 0.8143259496108026 0.04365115228197014 0.040110342933440665
0 0.49185720741075467 0.836910880358828 0.040560325350203374 0.03902717839609328
0 0.5152327157704474 0.8513673263550923 0.040560325350203374 0.03902717839609328
0 0.502684139177587 0.7023039329851326 0.038838680524175384 0.045891971187615545
0 0.5879258924536828 0.7398868919980961 0.03471757794848629 0.038666123550310745
0 0.5640397650248532 0.7577733590292939 0.03643470402168991 0.038305068704528204
0 0.5198734749209218 0.7702392526520997 0.03746497966561235 0.040110342933440665
0 0.5152327157704474 0.8916581967114243 0.03506100316312688 0.038666123550310745
0 0.549774062358789 0.8985229895029465 0.03127880704925445 0.03649979447561597
0 0.5580253050158157 0.9259869113906903 0.03952553095345679 0.04083245262500574
0 0.6003027564392228 0.9635698704036536 0.03746497966561235 0.04083245262500574
0 0.5327609579755987 0.9671851695831334 0.03574785359240851 0.03938823324187582
0 0.6681834613646634 0.939179665426716 0.03849525530953457 0.039749288087658124
0 0.6982602801626752 0.9292411557243876 0.04090375056484419 0.041554562316570585
0 0.601333032083145 0.8557047352261371 0.03402620876638052 0.03758295901296336
0 0.6111296882060552 0.8168580842529352 0.03712155445097154 0.0379440138587459
0 0.6336421147763217 0.8367303529359368 0.03815183009489376 0.041554562316570585
0 0.6142205151378219 0.768975560691861 0.0391821057388162 0.041915617162353126
0 0.6558111161319475 0.7259767789921604 0.0329959331224583 0.038305068704528204
0 0.7056484410302756 0.7767477413194943 0.037808404880253166 0.03722190416718082
0 0.7692363307727067 0.7962589551567135 0.03849525530953457 0.04444775180448562
0 0.6944780840488026 0.8501036343948537 0.04021690013556256 0.04083245262500574
0 0.7518798011748759 0.8573294820321583 0.028526886579304023 0.0379440138587459
0 0.7810980569362855 0.8753964764862476 0.03746497966561235 0.04516986149605046
0 0.7505061003163127 0.6735763191371502 0.03815183009489376 0.040471397779223206
0 0.7795481247175781 0.694355975656263 0.03712155445097154 0.045891971187615545
0 0.8115137821961139 0.6986933845273079 0.03643470402168991 0.0430035324213557
0 0.8228558517849074 0.7344663185897038 0.04399457749661084 0.042281422729790616
0 0.9020831450519656 0.7326610443607914 0.03746497966561235 0.045891971187615545
0 0.8354044283777677 0.8230007673528923 0.03746497966561235 0.04444775180448562
0 0.8097966561229101 0.8531726005840048 0.03574785359240851 0.041193507470788045