0 0.85888671875 0.7849075975359343 0.0390625 0.04106776180698152
0 0.493408203125 0.9029774127310062 0.03759765625 0.04106776180698152
0 0.699951171875 0.8506160164271047 0.03759765625 0.04004106776180698
0 0.56494140625 0.9661190965092402 0.03857421875 0.04004106776180698
0 0.76025390625 0.19661190965092404 0.0380859375 0.039527720739219716
0 0.4736328125 0.7150924024640657 0.03759765625 0.04106776180698152
0 0.501220703125 0.8508726899383984 0.03759765625 0.039014373716632446
0 0.83740234375 0.8159650924024641 0.0390625 0.04106776180698152
0 0.697509765625 0.5082135523613963 0.03857421875 0.04055441478439425
0 0.662841796875 0.5007700205338809 0.03662109375 0.039527720739219716
0 0.436767578125 0.9322381930184805 0.0380859375 0.04106776180698152
0 0.6708984375 0.7633470225872689 0.03857421875 0.04106776180698152
0 0.30908203125 0.8973305954825462 0.03857421875 0.04004106776180698
0 0.803955078125 0.8218685831622177 0.03857421875 0.04158110882956879
0 0.81201171875 0.364476386036961 0.03759765625 0.038501026694045176
0 0.926513671875 0.46611909650924027 0.03759765625 0.039527720739219716
0 0.720703125 0.6640143737166324 0.03857421875 0.04004106776180698
0 0.6728515625 0.6093429158110883 0.037109375 0.04004106776180698
0 0.732666015625 0.5446611909650924 0.0380859375 0.039014373716632446
0 0.648681640625 0.944558521560575 0.03857421875 0.039527720739219716
0 0.59619140625 0.6206365503080082 0.03759765625 0.038501026694045176
0 0.574951171875 0.8726899383983573 0.03662109375 0.037987679671457907
0 0.73974609375 0.901694045174538 0.0400390625 0.04260780287474333
0 0.8134765625 0.7502566735112937 0.0390625 0.04055441478439425
0 0.56640625 0.4807494866529774 0.037109375 0.04004106776180698
0 0.87353515625 0.33572895277207393 0.03759765625 0.04004106776180698
0 0.8515625 0.30621149897330596 0.0380859375 0.039527720739219716
0 0.41845703125 0.8580595482546202 0.03857421875 0.039527720739219716
0 0.73681640625 0.6919917864476386 0.037109375 0.038501026694045176
0 0.918701171875 0.6786447638603696 0.0380859375 0.039527720739219716
0 0.67236328125 0.9319815195071869 0.03857421875 0.04055441478439425
0 0.75537109375 0.3942505133470226 0.03759765625 0.039014373716632446
0 0.6416015625 0.4720225872689938 0.0361328125 0.03696098562628337
0 0.22021484375 0.8329055441478439 0.0390625 0.039014373716632446
0 0.26220703125 0.6424537987679672 0.03857421875 0.04004106776180698
0 0.88916015625 0.3667864476386037 0.03759765625 0.039014373716632446
0 0.57421875 0.7451232032854209 0.0380859375 0.04055441478439425
0 0.553466796875 0.8996406570841889 0.037109375 0.04055441478439425
0 0.74560546875 0.45123203285420943 0.03955078125 0.039014373716632446
0 0.5498046875 0.42761806981519507 0.03759765625 0.038501026694045176
0 0.788818359375 0.502053388090349 0.0390625 0.04158110882956879
0 0.619384765625 0.5700718685831622 0.037109375 0.038501026694045176
0 0.64404296875 0.9078542094455853 0.0380859375 0.04055441478439425
0 0.23046875 0.7879876796714579 0.0380859375 0.04055441478439425
0 0.78857421875 0.545687885010267 0.03857421875 0.04055441478439425
0 0.32080078125 0.9335215605749486 0.037109375 0.04004106776180698
0 0.81298828125 0.6894250513347022 0.03857421875 0.039527720739219716
0 0.718994140625 0.1868583162217659 0.03955078125 0.04055441478439425
0 0.686767578125 0.41709445585215604 0.0380859375 0.038501026694045176
0 0.81689453125 0.5564681724845996 0.03857421875 0.039527720739219716
0 0.905517578125 0.648870636550308 0.03857421875 0.04106776180698152
0 0.92431640625 0.42915811088295686 0.037109375 0.04004106776180698
0 0.788330078125 0.3952772073921971 0.0361328125 0.037987679671457907
0 0.803955078125 0.33418891170431214 0.037109375 0.03747433264887064
0 0.410400390625 0.5446611909650924 0.0361328125 0.039527720739219716
0 0.624755859375 0.4440451745379877 0.03662109375 0.039014373716632446
0 0.58984375 0.507700205338809 0.0380859375 0.038501026694045176
0 0.794189453125 0.8565195071868583 0.04052734375 0.04106776180698152
0 0.5078125 0.5682751540041068 0.037109375 0.04004106776180698
0 0.1845703125 0.8436858316221766 0.03759765625 0.03696098562628337
0 0.372314453125 0.7723305954825462 0.03955078125 0.04004106776180698
0 0.815185546875 0.30236139630390146 0.037109375 0.037987679671457907
0 0.3798828125 0.9535420944558521 0.037109375 0.04004106776180698
0 0.904052734375 0.7138090349075975 0.03759765625 0.04004106776180698
0 0.872802734375 0.39399383983572894 0.0380859375 0.039014373716632446
0 0.689208984375 0.2774640657084189 0.0361328125 0.038501026694045176
0 0.484375 0.39091375770020537 0.03759765625 0.04055441478439425
0 0.92626953125 0.49948665297741274 0.03857421875 0.04106776180698152
0 0.8564453125 0.24537987679671458 0.03662109375 0.037987679671457907
0 0.742919921875 0.22612936344969198 0.03857421875 0.039527720739219716
0 0.79443359375 0.2014887063655031 0.03662109375 0.03747433264887064
0 0.55078125 0.9342915811088296 0.03662109375 0.039527720739219716
0 0.77001953125 0.8757700205338809 0.04052734375 0.04209445585215606
0 0.62744140625 0.3323921971252567 0.03857421875 0.039527720739219716
0 0.156982421875 0.7058521560574949 0.03955078125 0.04106776180698152
0 0.806640625 0.4353182751540041 0.03759765625 0.038501026694045176
0 0.7509765625 0.16273100616016428 0.03955078125 0.04106776180698152
0 0.63818359375 0.3701232032854209 0.037109375 0.039527720739219716
0 0.28125 0.9117043121149897 0.0390625 0.04106776180698152
0 0.506591796875 0.9378850102669405 0.0361328125 0.039014373716632446
0 0.35791015625 0.5628850102669405 0.03662109375 0.039014373716632446
0 0.309814453125 0.5757186858316222 0.0380859375 0.04004106776180698
0 0.236572265625 0.6686344969199178 0.03955078125 0.04158110882956879
0 0.84912109375 0.622946611909651 0.0390625 0.04055441478439425
0 0.645263671875 0.5936858316221766 0.0380859375 0.04055441478439425
0 0.888916015625 0.30980492813141686 0.03857421875 0.04055441478439425
0 0.887939453125 0.62217659137577 0.0380859375 0.039527720739219716
0 0.550537109375 0.6378336755646817 0.0380859375 0.04055441478439425
0 0.90576171875 0.41427104722792607 0.0400390625 0.04055441478439425
0 0.167724609375 0.8085215605749486 0.037109375 0.04055441478439425
0 0.818115234375 0.3921971252566735 0.03662109375 0.03542094455852156
0 0.786376953125 0.16863449691991786 0.037109375 0.037987679671457907
0 0.60693359375 0.5924024640657084 0.03662109375 0.038501026694045176
0 0.66162109375 0.34265913757700206 0.03759765625 0.04004106776180698
0 0.853515625 0.1830082135523614 0.0380859375 0.039014373716632446
0 0.138671875 0.7920944558521561 0.03955078125 0.04158110882956879
0 0.59130859375 0.5082135523613963 0.0361328125 0.039014373716632446
0 0.548583984375 0.37294661190965095 0.03955078125 0.04106776180698152
0 0.185791015625 0.8400924024640657 0.03759765625 0.039527720739219716
0 0.86962890625 0.6524640657084189 0.0380859375 0.04004106776180698
0 0.718505859375 0.2512833675564682 0.03759765625 0.037987679671457907
0 0.808349609375 0.5159137577002053 0.0400390625 0.04004106776180698
0 0.958251953125 0.4804928131416838 0.03759765625 0.038501026694045176
0 0.720458984375 0.2946611909650924 0.03857421875 0.039527720739219716
0 0.276123046875 0.6080595482546202 0.0380859375 0.04004106776180698
0 0.951904296875 0.5592915811088296 0.0400390625 0.04055441478439425
0 0.824462890625 0.17197125256673512 0.03759765625 0.04004106776180698
0 0.4384765625 0.4874229979466119 0.037109375 0.04055441478439425
0 0.598388671875 0.9599589322381931 0.03662109375 0.037987679671457907
0 0.669921875 0.24845995893223818 0.03857421875 0.04055441478439425
0 0.60302734375 0.30184804928131415 0.0380859375 0.04055441478439425
0 0.941162109375 0.3554928131416838 0.03955078125 0.04158110882956879
0 0.836181640625 0.4953798767967146 0.03759765625 0.039527720739219716
0 0.74072265625 0.2777207392197125 0.0400390625 0.04004106776180698
0 0.4541015625 0.5626283367556468 0.04052734375 0.048254620123203286
0 0.4287109375 0.5775154004106776 0.04150390625 0.047741273100616016
0 0.37939453125 0.6139630390143738 0.04248046875 0.045174537987679675
0 0.35205078125 0.6273100616016427 0.033203125 0.044147843942505136
0 0.355224609375 0.6681211498973306 0.03369140625 0.037987679671457907
0 0.383544921875 0.6504106776180698 0.0390625 0.04568788501026694
0 0.38623046875 0.6863449691991786 0.033203125 0.043634496919917866
0 0.358154296875 0.704312114989733 0.03857421875 0.049281314168377825
0 0.731689453125 0.5110369609856262 0.03271484375 0.0364476386036961
0 0.716552734375 0.4776694045174538 0.0390625 0.044147843942505136
0 0.87451171875 0.4366016427104723 0.04638671875 0.04004106776180698
0 0.89306640625 0.4514887063655031 0.04443359375 0.04106776180698152
0 0.927001953125 0.4663757700205339 0.0419921875 0.037987679671457907
0 0.481689453125 0.6511806981519507 0.04638671875 0.056981519507186856
0 0.488525390625 0.6819815195071869 0.04052734375 0.037987679671457907
0 0.52294921875 0.6948151950718686 0.03759765625 0.043634496919917866
0 0.550048828125 0.7109856262833676 0.0400390625 0.0364476386036961
0 0.60107421875 0.771047227926078 0.0458984375 0.04620123203285421
0 0.454345703125 0.7743839835728953 0.04443359375 0.043634496919917866
0 0.468017578125 0.7371663244353183 0.04248046875 0.045174537987679675
0 0.24755859375 0.7014887063655031 0.041015625 0.045174537987679675
0 0.24267578125 0.7379363449691991 0.04052734375 0.048767967145790556
0 0.251953125 0.8157084188911704 0.0439453125 0.04209445585215606
0 0.291015625 0.7589835728952772 0.0390625 0.043121149897330596
0 0.317626953125 0.7335728952772074 0.0439453125 0.044147843942505136
0 0.602294921875 0.8909137577002053 0.04150390625 0.04004106776180698
0 0.580810546875 0.9245379876796714 0.03369140625 0.043121149897330596
0 0.388427734375 0.7510266940451745 0.0390625 0.04620123203285421
0 0.401611328125 0.7854209445585215 0.0380859375 0.04106776180698152
0 0.4794921875 0.7995379876796714 0.04638671875 0.043121149897330596
0 0.43115234375 0.6078028747433265 0.0419921875 0.04260780287474333
0 0.650634765625 0.7361396303901437 0.0390625 0.039527720739219716
0 0.6875 0.7294661190965093 0.046875 0.04055441478439425
0 0.884033203125 0.7497433264887063 0.0380859375 0.039014373716632446
0 0.702880859375 0.6101129363449692 0.04296875 0.04620123203285421
0 0.689208984375 0.6380903490759754 0.0380859375 0.039527720739219716
0 0.658203125 0.6388603696098563 0.04052734375 0.04158110882956879
0 0.75 0.6008726899383984 0.046875 0.04004106776180698
0 0.7607421875 0.5646817248459959 0.041015625 0.043634496919917866
0 0.70361328125 0.8193018480492813 0.0380859375 0.03593429158110883
0 0.667724609375 0.8223819301848049 0.03857421875 0.04260780287474333
0 0.649169921875 0.7913244353182751 0.0380859375 0.04158110882956879
0 0.82177734375 0.7833675564681725 0.037109375 0.034394250513347026
0 0.70703125 0.919917864476386 0.0400390625 0.039527720739219716
0 0.709716796875 0.8844969199178645 0.04150390625 0.04568788501026694
0 0.8310546875 0.7174024640657084 0.037109375 0.04209445585215606
0 0.794921875 0.6606776180698152 0.03662109375 0.039527720739219716
0 0.779296875 0.46098562628336753 0.0390625 0.039527720739219716
0 0.870849609375 0.5413244353182751 0.0361328125 0.039527720739219716
0 0.6044921875 0.4730492813141684 0.04052734375 0.045174537987679675
0 0.577392578125 0.45123203285420943 0.0400390625 0.04106776180698152
0 0.6640625 0.5269507186858317 0.0390625 0.03593429158110883
0 0.6328125 0.6157597535934292 0.0361328125 0.04004106776180698
0 0.339111328125 0.7656570841889117 0.03857421875 0.04004106776180698
0 0.3154296875 0.7861909650924025 0.03564453125 0.039527720739219716
0 0.351318359375 0.8393223819301848 0.0419921875 0.04004106776180698
0 0.359375 0.8744866529774127 0.03857421875 0.039527720739219716
0 0.343017578125 0.8983572895277208 0.03857421875 0.04671457905544148
0 0.349609375 0.9460985626283368 0.03857421875 0.04158110882956879
0 0.439208984375 0.8457392197125256 0.03759765625 0.04004106776180698
0 0.470458984375 0.9383983572895277 0.0322265625 0.04004106776180698
0 0.5224609375 0.9147843942505134 0.03173828125 0.034394250513347026
0 0.76513671875 0.2546201232032854 0.0380859375 0.039527720739219716