0 0.20263671875 0.47356262833675566 0.0390625 0.039527720739219716
0 0.1416015625 0.4720225872689938 0.03955078125 0.04158110882956879
0 0.533447265625 0.5010266940451745 0.03857421875 0.04158110882956879
0 0.463134765625 0.6001026694045175 0.0380859375 0.04004106776180698
0 0.092041015625 0.39014373716632444 0.041015625 0.04260780287474333
0 0.46923828125 0.537217659137577 0.0380859375 0.04055441478439425
0 0.074462890625 0.5418377823408624 0.03857421875 0.04106776180698152
0 0.591796875 0.22510266940451745 0.0390625 0.04106776180698152
0 0.326171875 0.5097535934291582 0.03857421875 0.04055441478439425
0 0.334228515625 0.17813141683778233 0.0380859375 0.04055441478439425
0 0.55224609375 0.47638603696098564 0.0380859375 0.04055441478439425
0 0.241455078125 0.7168891170431212 0.04150390625 0.04158110882956879
0 0.612060546875 0.4224845995893224 0.03857421875 0.04209445585215606
0 0.23291015625 0.5051334702258727 0.0400390625 0.04106776180698152
0 0.439453125 0.21611909650924024 0.03955078125 0.04209445585215606
0 0.499267578125 0.060831622176591375 0.03759765625 0.039014373716632446
0 0.130859375 0.792864476386037 0.03955078125 0.04004106776180698
0 0.294921875 0.3952772073921971 0.03955078125 0.04004106776180698
0 0.704833984375 0.14707392197125257 0.04052734375 0.04260780287474333
0 0.133544921875 0.5803388090349076 0.03955078125 0.04209445585215606
0 0.226806640625 0.535164271047228 0.03955078125 0.04209445585215606
0 0.2294921875 0.7497433264887063 0.03857421875 0.04004106776180698
0 0.569580078125 0.42428131416837783 0.03955078125 0.04158110882956879
0 0.057373046875 0.40066735112936347 0.041015625 0.043634496919917866
0 0.168701171875 0.4152977412731006 0.0400390625 0.04260780287474333
0 0.568115234375 0.12551334702258726 0.03857421875 0.04055441478439425
0 0.79541015625 0.17838809034907596 0.04052734375 0.04260780287474333
0 0.101318359375 0.5911190965092402 0.041015625 0.04004106776180698
0 0.725341796875 0.2643737166324435 0.03955078125 0.04260780287474333
0 0.230712890625 0.12654004106776182 0.03955078125 0.04209445585215606
0 0.078857421875 0.33598562628336753 0.0400390625 0.04106776180698152
0 0.765380859375 0.14964065708418892 0.03955078125 0.04004106776180698
0 0.357177734375 0.38424024640657084 0.037109375 0.039014373716632446
0 0.27685546875 0.8021047227926078 0.03759765625 0.039527720739219716
0 0.732177734375 0.12140657084188912 0.0390625 0.04158110882956879
0 0.6474609375 0.050564681724845996 0.041015625 0.044147843942505136
0 0.32275390625 0.3290554414784394 0.0400390625 0.043121149897330596
0 0.23583984375 0.16170431211498973 0.03955078125 0.04106776180698152
0 0.267822265625 0.7363963039014374 0.0390625 0.04209445585215606
0 0.32373046875 0.06570841889117043 0.04052734375 0.04260780287474333
0 0.200439453125 0.15066735112936344 0.0390625 0.04260780287474333
0 0.267333984375 0.1814681724845996 0.0390625 0.039527720739219716
0 0.40185546875 0.13295687885010268 0.03955078125 0.04209445585215606
0 0.0615234375 0.6442505133470225 0.0400390625 0.04004106776180698
0 0.393798828125 0.4368583162217659 0.03955078125 0.04055441478439425
0 0.435302734375 0.033880903490759756 0.0400390625 0.04158110882956879
0 0.275146484375 0.23844969199178645 0.0400390625 0.044147843942505136
0 0.288330078125 0.773870636550308 0.03759765625 0.04004106776180698
0 0.283447265625 0.8382956878850103 0.03759765625 0.039014373716632446
0 0.125732421875 0.24306981519507187 0.03955078125 0.04106776180698152
0 0.547607421875 0.09830595482546202 0.03857421875 0.04106776180698152
0 0.24365234375 0.794917864476386 0.03857421875 0.04055441478439425
0 0.29736328125 0.7389630390143738 0.0400390625 0.04106776180698152
0 0.3623046875 0.5510780287474333 0.0390625 0.04004106776180698
0 0.047607421875 0.5785420944558521 0.03857421875 0.039527720739219716
0 0.3544921875 0.7962012320328542 0.04052734375 0.04106776180698152
0 0.0458984375 0.47741273100616016 0.0400390625 0.044147843942505136
0 0.5771484375 0.03311088295687885 0.03955078125 0.043121149897330596
0 0.073974609375 0.5005133470225873 0.0390625 0.04055441478439425
0 0.36181640625 0.23767967145790556 0.0380859375 0.04004106776180698
0 0.150390625 0.8205852156057495 0.041015625 0.04106776180698152
0 0.190673828125 0.5826488706365504 0.03955078125 0.04106776180698152
0 0.28271484375 0.2887577002053388 0.03857421875 0.04158110882956879
0 0.140380859375 0.39168377823408623 0.041015625 0.043634496919917866
0 0.685546875 0.3221252566735113 0.0380859375 0.043121149897330596
0 0.3359375 0.686858316221766 0.0400390625 0.04158110882956879
0 0.3984375 0.752053388090349 0.03955078125 0.04106776180698152
0 0.053955078125 0.6103696098562629 0.0390625 0.039527720739219716
0 0.65478515625 0.4368583162217659 0.0390625 0.043634496919917866
0 0.728515625 0.38809034907597534 0.0390625 0.04260780287474333
0 0.4306640625 0.7027720739219713 0.03857421875 0.04209445585215606
0 0.6611328125 0.3624229979466119 0.03759765625 0.04209445585215606
0 0.128662109375 0.2974845995893224 0.0419921875 0.044147843942505136
0 0.165283203125 0.742299794661191 0.03955078125 0.039527720739219716
0 0.72705078125 0.08572895277207392 0.041015625 0.043121149897330596
0 0.77783203125 0.28439425051334705 0.0400390625 0.04260780287474333
0 0.729248046875 0.34188911704312114 0.03955078125 0.04158110882956879
0 0.236572265625 0.6722279260780287 0.041015625 0.04260780287474333
0 0.7314453125 0.1591375770020534 0.0390625 0.04158110882956879
0 0.3251953125 0.7597535934291582 0.03955078125 0.04106776180698152
0 0.35888671875 0.5254106776180698 0.03857421875 0.04004106776180698
0 0.85302734375 0.19558521560574949 0.041015625 0.043121149897330596
0 0.398681640625 0.7215092402464066 0.03857421875 0.04004106776180698
0 0.396240234375 0.041837782340862426 0.0361328125 0.039527720739219716
0 0.32275390625 0.10446611909650924 0.041015625 0.043121149897330596
0 0.460693359375 0.6789014373716632 0.03857421875 0.04209445585215606
0 0.065673828125 0.3688398357289528 0.03955078125 0.04055441478439425
0 0.20849609375 0.8547227926078029 0.03857421875 0.04055441478439425
0 0.74951171875 0.24589322381930184 0.0400390625 0.043121149897330596
0 0.15380859375 0.6781314168377823 0.041015625 0.04260780287474333
0 0.188720703125 0.6175564681724846 0.04248046875 0.04260780287474333
0 0.108642578125 0.7330595482546202 0.04052734375 0.04106776180698152
0 0.506103515625 0.6370636550308009 0.0390625 0.04260780287474333
0 0.10498046875 0.5587782340862423 0.04052734375 0.04106776180698152
0 0.042236328125 0.5174537987679672 0.0390625 0.04209445585215606
0 0.21142578125 0.6950718685831622 0.03955078125 0.04260780287474333
0 0.254150390625 0.6878850102669405 0.03955078125 0.04209445585215606
0 0.365966796875 0.7648870636550308 0.03955078125 0.039527720739219716
0 0.310546875 0.8675564681724846 0.0419921875 0.04158110882956879
0 0.51123046875 0.03208418891170431 0.03759765625 0.04209445585215606
0 0.4248046875 0.39168377823408623 0.03759765625 0.04004106776180698
0 0.32958984375 0.5808521560574949 0.03857421875 0.04106776180698152
0 0.09814453125 0.6565708418891171 0.0400390625 0.04004106776180698
0 0.275390625 0.8724332648870636 0.03857421875 0.04055441478439425
0 0.328125 0.5798254620123203 0.04052734375 0.04158110882956879
0 0.49072265625 0.5649383983572895 0.03955078125 0.043121149897330596
0 0.31298828125 0.8323921971252567 0.03955078125 0.04158110882956879
0 0.33935546875 0.6511806981519507 0.0380859375 0.039014373716632446
0 0.686767578125 0.3932238193018481 0.0380859375 0.04158110882956879
0 0.511474609375 0.030544147843942507 0.0380859375 0.043121149897330596
0 0.51123046875 0.028490759753593428 0.03759765625 0.04158110882956879
0 0.25146484375 0.8264887063655031 0.0400390625 0.04106776180698152
0 0.399169921875 0.040811088295687886 0.03857421875 0.04004106776180698
0 0.0927734375 0.30236139630390146 0.04052734375 0.04209445585215606
0 0.3984375 0.04260780287474333 0.0380859375 0.04004106776180698
0 0.187255859375 0.8023613963039015 0.04345703125 0.044661190965092405
0 0.10888671875 0.768993839835729 0.03955078125 0.04106776180698152
0 0.13818359375 0.7559034907597536 0.037109375 0.03747433264887064
0 0.19482421875 0.7646303901437371 0.0341796875 0.038501026694045176
0 0.2177734375 0.7823408624229979 0.03955078125 0.04106776180698152
0 0.252197265625 0.7713039014373717 0.03955078125 0.044661190965092405
0 0.124267578125 0.6149897330595483 0.04248046875 0.039527720739219716
0 0.072509765625 0.577258726899384 0.03955078125 0.043121149897330596
0 0.040283203125 0.5472279260780287 0.04638671875 0.04209445585215606
0 0.04931640625 0.4391683778234086 0.0390625 0.04568788501026694
0 0.115478515625 0.4196611909650924 0.0419921875 0.04055441478439425
0 0.14501953125 0.4391683778234086 0.037109375 0.04158110882956879
0 0.136962890625 0.5017967145790554 0.0439453125 0.04209445585215606
0 0.17041015625 0.4917864476386037 0.0380859375 0.043634496919917866
0 0.1787109375 0.4566221765913758 0.041015625 0.04209445585215606
0 0.266845703125 0.4863963039014374 0.04150390625 0.04568788501026694
0 0.3046875 0.4648357289527721 0.03662109375 0.04055441478439425
0 0.416259765625 0.49563655030800824 0.0390625 0.04722792607802875
0 0.423828125 0.5377310061601642 0.0478515625 0.045174537987679675
0 0.442138671875 0.5148870636550308 0.0439453125 0.043121149897330596
0 0.59765625 0.4622689938398357 0.04345703125 0.04209445585215606
0 0.42529296875 0.4540554414784394 0.03955078125 0.04158110882956879
0 0.43115234375 0.4258213552361396 0.04052734375 0.04209445585215606
0 0.388916015625 0.401694045174538 0.046875 0.04568788501026694
0 0.1123046875 0.3703798767967146 0.03857421875 0.04158110882956879
0 0.14013671875 0.35600616016427106 0.0361328125 0.044661190965092405
0 0.106689453125 0.27002053388090347 0.04736328125 0.043121149897330596
0 0.142578125 0.2143223819301848 0.04296875 0.04620123203285421
0 0.16552734375 0.18993839835728954 0.04345703125 0.04620123203285421
0 0.197021484375 0.18993839835728954 0.0419921875 0.045174537987679675
0 0.262939453125 0.1450205338809035 0.03564453125 0.038501026694045176
0 0.27197265625 0.209958932238193 0.04541015625 0.04620123203285421
0 0.30859375 0.22741273100616016 0.04296875 0.048767967145790556
0 0.396240234375 0.22587268993839835 0.04736328125 0.047741273100616016
0 0.458251953125 0.2610369609856263 0.04052734375 0.048254620123203286
0 0.474609375 0.23023613963039014 0.0400390625 0.045174537987679675
0 0.358154296875 0.15605749486652978 0.03857421875 0.043121149897330596
0 0.47314453125 0.15990759753593428 0.04150390625 0.045174537987679675
0 0.508544921875 0.15811088295687886 0.04052734375 0.048254620123203286
0 0.52978515625 0.13295687885010268 0.03759765625 0.044147843942505136
0 0.53857421875 0.24460985626283369 0.04150390625 0.049794661190965095
0 0.56005859375 0.21303901437371664 0.03955078125 0.044147843942505136
0 0.514892578125 0.3370123203285421 0.03759765625 0.04260780287474333
0 0.54833984375 0.351129363449692 0.03369140625 0.043121149897330596
0 0.557373046875 0.38526694045174537 0.04345703125 0.04568788501026694
0 0.496337890625 0.4263347022587269 0.04248046875 0.04260780287474333
0 0.537109375 0.44455852156057496 0.0498046875 0.054928131416837785
0 0.60693359375 0.32494866529774125 0.03564453125 0.04722792607802875
0 0.63916015625 0.3193018480492813 0.0400390625 0.04722792607802875
0 0.633544921875 0.28336755646817247 0.0390625 0.04106776180698152
0 0.572265625 0.2548767967145791 0.0361328125 0.048254620123203286
0 0.600830078125 0.2594969199178645 0.041015625 0.047741273100616016
0 0.63330078125 0.24358316221765913 0.0390625 0.04671457905544148
0 0.66259765625 0.2643737166324435 0.0390625 0.04620123203285421
0 0.687744140625 0.28593429158110883 0.0419921875 0.04158110882956879
0 0.69384765625 0.2469199178644764 0.041015625 0.043634496919917866
0 0.719482421875 0.22741273100616016 0.03955078125 0.04671457905544148
0 0.75439453125 0.20970225872689938 0.03515625 0.04004106776180698
0 0.71630859375 0.18942505133470225 0.03466796875 0.039014373716632446
0 0.65234375 0.18993839835728954 0.041015625 0.043121149897330596
0 0.649658203125 0.15605749486652978 0.0458984375 0.045174537987679675
0 0.619384765625 0.13552361396303902 0.0390625 0.039014373716632446
0 0.64013671875 0.11139630390143737 0.04541015625 0.04671457905544148
0 0.764404296875 0.17736139630390144 0.04150390625 0.04671457905544148