0 0.2587890625 0.6047227926078029 0.04150390625 0.043634496919917866
0 0.7734375 0.1198665297741273 0.0419921875 0.044147843942505136
0 0.634521484375 0.05184804928131417 0.0419921875 0.044661190965092405
0 0.532470703125 0.03208418891170431 0.04052734375 0.043121149897330596
0 0.569091796875 0.037217659137577006 0.04150390625 0.044661190965092405
0 0.285400390625 0.17582135523613962 0.0419921875 0.04568788501026694
0 0.396728515625 0.1437371663244353 0.03955078125 0.04260780287474333
0 0.405517578125 0.5464579055441479 0.04150390625 0.04209445585215606
0 0.466064453125 0.03182751540041068 0.0390625 0.04260780287474333
0 0.74072265625 0.09933264887063654 0.0419921875 0.044147843942505136
0 0.307373046875 0.23382956878850103 0.04150390625 0.044147843942505136
0 0.34130859375 0.09573921971252566 0.041015625 0.04260780287474333
0 0.073974609375 0.6827515400410678 0.04296875 0.044661190965092405
0 0.53857421875 0.1034394250513347 0.04052734375 0.044147843942505136
0 0.21240234375 0.6786447638603696 0.04150390625 0.043121149897330596
0 0.51513671875 0.2797741273100616 0.0400390625 0.044147843942505136
0 0.161865234375 0.7130390143737166 0.041015625 0.04260780287474333
0 0.17529296875 0.19070841889117043 0.0419921875 0.043121149897330596
0 0.138427734375 0.5577515400410678 0.0439453125 0.04620123203285421
0 0.043212890625 0.544917864476386 0.04296875 0.04568788501026694
0 0.14501953125 0.20662217659137577 0.04150390625 0.043634496919917866
0 0.345458984375 0.5233572895277208 0.04150390625 0.04158110882956879
0 0.0888671875 0.622946611909651 0.04150390625 0.043121149897330596
0 0.140625 0.811088295687885 0.04296875 0.04209445585215606
0 0.33349609375 0.13270020533880902 0.04150390625 0.043121149897330596
0 0.419189453125 0.47381930184804927 0.041015625 0.043121149897330596
0 0.42724609375 0.1375770020533881 0.03857421875 0.04209445585215606
0 0.51708984375 0.38064681724845995 0.04052734375 0.04260780287474333
0 0.552734375 0.29671457905544146 0.0400390625 0.043634496919917866
0 0.241943359375 0.11524640657084188 0.04248046875 0.044661190965092405
0 0.331787109375 0.6185831622176592 0.04052734375 0.043121149897330596
0 0.25927734375 0.7933778234086243 0.0419921875 0.043121149897330596
0 0.302734375 0.784394250513347 0.0419921875 0.043634496919917866
0 0.130126953125 0.6578542094455853 0.041015625 0.043121149897330596
0 0.35546875 0.3896303901437372 0.04150390625 0.04158110882956879
0 0.4619140625 0.3105749486652977 0.04052734375 0.044147843942505136
0 0.261962890625 0.29183778234086244 0.04248046875 0.045174537987679675
0 0.1865234375 0.8046714579055442 0.04150390625 0.043121149897330596
0 0.09619140625 0.6591375770020534 0.04248046875 0.043121149897330596
0 0.070556640625 0.35241273100616016 0.04150390625 0.043634496919917866
0 0.44482421875 0.19892197125256675 0.0400390625 0.04260780287474333
0 0.23095703125 0.22202258726899385 0.04248046875 0.045174537987679675
0 0.66748046875 0.061858316221765915 0.041015625 0.044147843942505136
0 0.1669921875 0.5236139630390144 0.04248046875 0.043634496919917866
0 0.26806640625 0.5215605749486653 0.041015625 0.04260780287474333
0 0.086181640625 0.5918891170431212 0.0419921875 0.043634496919917866
0 0.746826171875 0.2864476386036961 0.04150390625 0.044147843942505136
0 0.498779296875 0.029004106776180698 0.0400390625 0.04158110882956879
0 0.7001953125 0.07674537987679672 0.04150390625 0.044147843942505136
0 0.352783203125 0.053901437371663245 0.04150390625 0.04209445585215606
0 0.46728515625 0.6162731006160165 0.0400390625 0.043634496919917866
0 0.3642578125 0.49332648870636553 0.0400390625 0.04106776180698152
0 0.42236328125 0.33880903490759756 0.0400390625 0.043634496919917866
0 0.743408203125 0.13680698151950718 0.041015625 0.045174537987679675
0 0.106201171875 0.26745379876796715 0.04296875 0.044661190965092405
0 0.437255859375 0.6108829568788501 0.0390625 0.04158110882956879
0 0.16259765625 0.8318788501026694 0.04345703125 0.043634496919917866
0 0.20849609375 0.5559548254620124 0.04248046875 0.044661190965092405
0 0.60400390625 0.0438911704312115 0.041015625 0.043121149897330596
0 0.443359375 0.2692505133470226 0.04150390625 0.043121149897330596
0 0.305908203125 0.712782340862423 0.0419921875 0.04260780287474333
0 0.045166015625 0.4648357289527721 0.04150390625 0.04568788501026694
0 0.0751953125 0.4912731006160164 0.0419921875 0.043634496919917866
0 0.291015625 0.49075975359342916 0.04248046875 0.04260780287474333
0 0.29052734375 0.5490246406570842 0.041015625 0.04158110882956879
0 0.39013671875 0.3952772073921971 0.0419921875 0.044147843942505136
0 0.1513671875 0.6234599589322382 0.0400390625 0.04158110882956879
0 0.515380859375 0.0795687885010267 0.041015625 0.043121149897330596
0 0.5732421875 0.41093429158110883 0.04052734375 0.04260780287474333
0 0.38427734375 0.4188911704312115 0.0419921875 0.04260780287474333
0 0.247802734375 0.7387063655030801 0.04296875 0.043121149897330596
0 0.5380859375 0.46996919917864477 0.041015625 0.043634496919917866
0 0.330322265625 0.06442505133470226 0.04052734375 0.04260780287474333
0 0.860595703125 0.20841889117043122 0.04248046875 0.044661190965092405
0 0.07470703125 0.4463552361396304 0.04248046875 0.045174537987679675
0 0.48193359375 0.5544147843942505 0.0400390625 0.043634496919917866
0 0.591796875 0.3798767967145791 0.0400390625 0.04209445585215606
0 0.4931640625 0.5061601642710473 0.04150390625 0.044147843942505136
0 0.191162109375 0.8626796714579056 0.04345703125 0.044147843942505136
0 0.303466796875 0.6866016427104723 0.04150390625 0.043121149897330596
0 0.246826171875 0.3205852156057495 0.04345703125 0.044661190965092405
0 0.63916015625 0.47895277207392195 0.0419921875 0.044147843942505136
0 0.22802734375 0.8603696098562629 0.04248046875 0.044147843942505136
0 0.51416015625 0.6098562628336756 0.04150390625 0.043121149897330596
0 0.271728515625 0.09548254620123203 0.0419921875 0.043634496919917866
0 0.44482421875 0.6827515400410678 0.04052734375 0.04158110882956879
0 0.220703125 0.8008213552361396 0.0419921875 0.04260780287474333
0 0.40869140625 0.6314168377823408 0.03955078125 0.04260780287474333
0 0.626953125 0.2997946611909651 0.0390625 0.04158110882956879
0 0.26953125 0.6745379876796714 0.04248046875 0.04158110882956879
0 0.61474609375 0.23536960985626285 0.0400390625 0.044147843942505136
0 0.350341796875 0.8344455852156057 0.04296875 0.045174537987679675
0 0.123291015625 0.30030800821355236 0.041015625 0.04260780287474333
0 0.795166015625 0.32109856262833675 0.0419921875 0.04620123203285421
0 0.68994140625 0.2433264887063655 0.04052734375 0.044661190965092405
0 0.270751953125 0.851129363449692 0.0419921875 0.044147843942505136
0 0.709716796875 0.18942505133470225 0.041015625 0.043634496919917866
0 0.464111328125 0.5236139630390144 0.04150390625 0.043121149897330596
0 0.10302734375 0.7541067761806981 0.04345703125 0.044147843942505136
0 0.22607421875 0.7117556468172485 0.041015625 0.04260780287474333
0 0.824951171875 0.21509240246406572 0.04150390625 0.044147843942505136
0 0.736572265625 0.25179671457905545 0.04052734375 0.043121149897330596
0 0.604736328125 0.47381930184804927 0.03955078125 0.04260780287474333
0 0.70458984375 0.3593429158110883 0.04150390625 0.04568788501026694
0 0.297607421875 0.07931211498973306 0.0400390625 0.04158110882956879
0 0.308349609375 0.8439425051334702 0.04150390625 0.044147843942505136
0 0.044921875 0.5102669404517454 0.0419921875 0.045174537987679675
0 0.254638671875 0.5621149897330595 0.03955078125 0.04158110882956879
0 0.728515625 0.4355749486652977 0.05615234375 0.05646817248459959
0 0.16162109375 0.6547741273100616 0.04052734375 0.039014373716632446
0 0.180419921875 0.6840349075975359 0.05224609375 0.059034907597535935
0 0.19677734375 0.6542607802874744 0.0341796875 0.04209445585215606
0 0.146240234375 0.6922484599589322 0.0419921875 0.04055441478439425
0 0.127685546875 0.721252566735113 0.03759765625 0.04106776180698152
0 0.1708984375 0.747946611909651 0.05029296875 0.048254620123203286
0 0.196044921875 0.7761806981519507 0.04150390625 0.04671457905544148
0 0.105712890625 0.5574948665297741 0.056640625 0.053901437371663245
0 0.1201171875 0.6285934291581109 0.04443359375 0.04671457905544148
0 0.093505859375 0.5141170431211499 0.03857421875 0.04209445585215606
0 0.124755859375 0.4992299794661191 0.05517578125 0.054414784394250515
0 0.1025390625 0.4720225872689938 0.0419921875 0.045174537987679675
0 0.131591796875 0.4648357289527721 0.048828125 0.055441478439425054
0 0.13525390625 0.4260780287474333 0.044921875 0.045174537987679675
0 0.053466796875 0.42530800821355236 0.041015625 0.049794661190965095
0 0.084716796875 0.41478439425051333 0.05419921875 0.047741273100616016
0 0.11669921875 0.4032340862422998 0.0419921875 0.044661190965092405
0 0.089111328125 0.3737166324435318 0.0458984375 0.04260780287474333
0 0.12109375 0.3690965092402464 0.0478515625 0.053901437371663245
0 0.150634765625 0.3945071868583162 0.04638671875 0.048254620123203286
0 0.1904296875 0.37756673511293637 0.0498046875 0.049794661190965095
0 0.153564453125 0.36344969199178645 0.04443359375 0.043121149897330596
0 0.19189453125 0.3490759753593429 0.0478515625 0.044147843942505136
0 0.218017578125 0.3267453798767967 0.0498046875 0.054414784394250515
0 0.176025390625 0.32315195071868585 0.04296875 0.048767967145790556
0 0.1357421875 0.3372689938398357 0.04150390625 0.04671457905544148
0 0.147705078125 0.2982546201232033 0.0439453125 0.04671457905544148
0 0.17578125 0.2636036960985626 0.05419921875 0.049281314168377825
0 0.128662109375 0.23870636550308008 0.037109375 0.052874743326488706
0 0.16259765625 0.23100616016427106 0.03857421875 0.04209445585215606
0 0.226318359375 0.2913244353182752 0.05126953125 0.054414784394250515
0 0.24267578125 0.3862936344969199 0.0400390625 0.0364476386036961
0 0.27734375 0.3891170431211499 0.05029296875 0.045174537987679675
0 0.203857421875 0.528747433264887 0.04638671875 0.04722792607802875
0 0.2392578125 0.5415811088295688 0.048828125 0.052874743326488706
0 0.265869140625 0.4928131416837782 0.0458984375 0.04209445585215606
0 0.379638671875 0.5251540041067762 0.0439453125 0.04722792607802875
0 0.392578125 0.49075975359342916 0.0419921875 0.04260780287474333
0 0.425537109375 0.43634496919917864 0.04052734375 0.04055441478439425
0 0.45068359375 0.45918891170431214 0.04736328125 0.05646817248459959
0 0.58642578125 0.3408624229979466 0.0439453125 0.0513347022587269
0 0.387939453125 0.24460985626283369 0.04052734375 0.049794661190965095
0 0.423095703125 0.24178644763860369 0.037109375 0.047741273100616016
0 0.336669921875 0.22202258726899385 0.0390625 0.047741273100616016
0 0.324951171875 0.16401437371663244 0.044921875 0.052361396303901436
0 0.234130859375 0.1668377823408624 0.04443359375 0.04260780287474333
0 0.2998046875 0.13655030800821355 0.0419921875 0.049794661190965095
0 0.307861328125 0.10985626283367557 0.0537109375 0.05646817248459959
0 0.38232421875 0.08008213552361396 0.0419921875 0.04620123203285421
0 0.391845703125 0.049281314168377825 0.044921875 0.058008213552361396
0 0.431396484375 0.035677618069815197 0.05029296875 0.05184804928131417
0 0.4169921875 0.17325462012320328 0.0458984375 0.048767967145790556
0 0.456298828125 0.17659137577002054 0.04736328125 0.0513347022587269
0 0.46044921875 0.13783367556468173 0.03662109375 0.0513347022587269
0 0.49365234375 0.14835728952772073 0.03564453125 0.04568788501026694
0 0.465087890625 0.10703285420944558 0.0498046875 0.0513347022587269
0 0.500732421875 0.11729979466119096 0.04345703125 0.050308008213552365
0 0.483154296875 0.0646817248459959 0.05419921875 0.0513347022587269
0 0.580810546875 0.07032854209445585 0.05126953125 0.044661190965092405
0 0.7041015625 0.11113963039014374 0.0419921875 0.054928131416837785
0 0.690673828125 0.20790554414784393 0.04638671875 0.048767967145790556
0 0.739013671875 0.17813141683778233 0.03857421875 0.04620123203285421
0 0.7744140625 0.1555441478439425 0.05078125 0.054414784394250515
0 0.242919921875 0.6863449691991786 0.0458984375 0.052874743326488706
0 0.192626953125 0.712782340862423 0.03515625 0.045174537987679675