0 0.413330078125 0.4232546201232033 0.04248046875 0.04209445585215606
0 0.115478515625 0.7607802874743327 0.0439453125 0.044661190965092405
0 0.160888671875 0.7592402464065708 0.044921875 0.043634496919917866
0 0.197998046875 0.7543634496919918 0.041015625 0.043634496919917866
0 0.21484375 0.7153490759753593 0.03564453125 0.03593429158110883
0 0.257568359375 0.7248459958932238 0.04150390625 0.04106776180698152
0 0.136474609375 0.7328028747433265 0.03759765625 0.037987679671457907
0 0.15478515625 0.6991786447638604 0.03857421875 0.03696098562628337
0 0.20263671875 0.6830082135523614 0.03515625 0.038501026694045176
0 0.256103515625 0.6383470225872689 0.03564453125 0.037987679671457907
0 0.280517578125 0.622946611909651 0.04150390625 0.04158110882956879
0 0.131103515625 0.6753080082135524 0.04150390625 0.04158110882956879
0 0.130859375 0.6475872689938398 0.04150390625 0.037987679671457907
0 0.156005859375 0.6373203285420944 0.04052734375 0.04209445585215606
0 0.178955078125 0.614476386036961 0.0390625 0.043121149897330596
0 0.080078125 0.702258726899384 0.0390625 0.039014373716632446
0 0.0673828125 0.6709445585215605 0.0419921875 0.044661190965092405
0 0.10107421875 0.667864476386037 0.04052734375 0.04055441478439425
0 0.08056640625 0.6386036960985626 0.044921875 0.045174537987679675
0 0.051513671875 0.6257700205338809 0.03564453125 0.043121149897330596
0 0.175048828125 0.5782854209445585 0.046875 0.045174537987679675
0 0.2041015625 0.5562114989733059 0.04052734375 0.04055441478439425
0 0.236083984375 0.5367043121149897 0.0390625 0.039014373716632446
0 0.263916015625 0.553388090349076 0.0390625 0.033880903490759756
0 0.27197265625 0.5213039014373717 0.03955078125 0.04004106776180698
0 0.17333984375 0.5064168377823408 0.03662109375 0.038501026694045176
0 0.173583984375 0.47664271047227924 0.03955078125 0.043121149897330596
0 0.173828125 0.4432751540041068 0.04150390625 0.043634496919917866
0 0.14208984375 0.4622689938398357 0.04296875 0.03593429158110883
0 0.14794921875 0.4306981519507187 0.0380859375 0.03747433264887064
0 0.116455078125 0.4414784394250513 0.0390625 0.039527720739219716
0 0.110595703125 0.40939425051334705 0.04443359375 0.04158110882956879
0 0.086669921875 0.388347022587269 0.04443359375 0.044661190965092405
0 0.05419921875 0.4004106776180698 0.0380859375 0.043121149897330596
0 0.04833984375 0.4419917864476386 0.03857421875 0.04260780287474333
0 0.0791015625 0.4620123203285421 0.041015625 0.04260780287474333
0 0.0419921875 0.47895277207392195 0.04150390625 0.037987679671457907
0 0.043701171875 0.5115503080082136 0.0419921875 0.04106776180698152
0 0.074951171875 0.49589322381930184 0.0380859375 0.04004106776180698
0 0.076416015625 0.5315708418891171 0.0390625 0.04055441478439425
0 0.07666015625 0.5644250513347022 0.03515625 0.039527720739219716
0 0.076171875 0.32931211498973306 0.04541015625 0.044661190965092405
0 0.10009765625 0.3531827515400411 0.03564453125 0.038501026694045176
0 0.13330078125 0.3665297741273101 0.04296875 0.04158110882956879
0 0.1650390625 0.3606262833675565 0.041015625 0.04568788501026694
0 0.176025390625 0.385523613963039 0.04296875 0.04055441478439425
0 0.196533203125 0.4160677618069815 0.03955078125 0.04055441478439425
0 0.2197265625 0.3957905544147844 0.04345703125 0.04055441478439425
0 0.209716796875 0.37294661190965095 0.041015625 0.044147843942505136
0 0.202392578125 0.334958932238193 0.04296875 0.045174537987679675
0 0.091552734375 0.29645790554414786 0.0390625 0.044147843942505136
0 0.160888671875 0.2910677618069815 0.046875 0.04260780287474333
0 0.12255859375 0.23280287474332648 0.04443359375 0.04568788501026694
0 0.161376953125 0.24152977412731005 0.041015625 0.04106776180698152
0 0.212158203125 0.23870636550308008 0.04345703125 0.039014373716632446
0 0.25927734375 0.2777207392197125 0.03466796875 0.04260780287474333
0 0.289306640625 0.2849075975359343 0.04736328125 0.048254620123203286
0 0.340087890625 0.34856262833675566 0.04345703125 0.044147843942505136
0 0.335205078125 0.3177618069815195 0.04052734375 0.04004106776180698
0 0.36865234375 0.32571868583162217 0.04443359375 0.04568788501026694
0 0.38525390625 0.3557494866529774 0.0380859375 0.037987679671457907
0 0.304443359375 0.41683778234086244 0.04248046875 0.039527720739219716
0 0.376953125 0.44096509240246407 0.037109375 0.04004106776180698
0 0.384033203125 0.4055441478439425 0.0400390625 0.043121149897330596
0 0.445068359375 0.4427618069815195 0.03857421875 0.03593429158110883
0 0.458740234375 0.42530800821355236 0.0380859375 0.04158110882956879
0 0.35595703125 0.5556981519507187 0.041015625 0.04209445585215606
0 0.40966796875 0.5459445585215605 0.03759765625 0.04055441478439425
0 0.423828125 0.516170431211499 0.0361328125 0.04209445585215606
0 0.426025390625 0.47869609856262835 0.041015625 0.04055441478439425
0 0.368408203125 0.688911704312115 0.04638671875 0.04260780287474333
0 0.44140625 0.6360369609856262 0.0400390625 0.04055441478439425
0 0.411376953125 0.6072895277207392 0.03564453125 0.04004106776180698
0 0.4521484375 0.598305954825462 0.0390625 0.04260780287474333
0 0.492431640625 0.6321868583162218 0.041015625 0.04158110882956879
0 0.48828125 0.5947125256673511 0.03564453125 0.038501026694045176
0 0.4677734375 0.5664784394250514 0.03955078125 0.037987679671457907
0 0.550048828125 0.5723819301848049 0.03759765625 0.04568788501026694
0 0.592529296875 0.5798254620123203 0.04052734375 0.04722792607802875
0 0.568359375 0.510523613963039 0.03564453125 0.043121149897330596
0 0.585693359375 0.5420944558521561 0.03955078125 0.039014373716632446
0 0.60498046875 0.5051334702258727 0.03759765625 0.04055441478439425
0 0.63916015625 0.5053901437371663 0.03564453125 0.04055441478439425
0 0.485107421875 0.44994866529774125 0.0380859375 0.039014373716632446
0 0.529052734375 0.4509753593429158 0.03955078125 0.044147843942505136
0 0.552734375 0.4358316221765914 0.0400390625 0.04106776180698152
0 0.58642578125 0.46329568788501024 0.04345703125 0.043121149897330596
0 0.586669921875 0.42915811088295686 0.0390625 0.043121149897330596
0 0.572998046875 0.39604722792607805 0.037109375 0.04260780287474333
0 0.59130859375 0.3714065708418891 0.03662109375 0.044661190965092405
0 0.60009765625 0.33598562628336753 0.03955078125 0.043121149897330596
0 0.625 0.3108316221765914 0.037109375 0.044147843942505136
0 0.6494140625 0.3154517453798768 0.03759765625 0.049281314168377825
0 0.691162109375 0.3193018480492813 0.03955078125 0.044147843942505136
0 0.39599609375 0.2990246406570842 0.0390625 0.039014373716632446
0 0.38330078125 0.26745379876796715 0.0400390625 0.03593429158110883
0 0.415283203125 0.27002053388090347 0.0439453125 0.04260780287474333
0 0.4306640625 0.2469199178644764 0.04345703125 0.04260780287474333
0 0.463623046875 0.25308008213552363 0.03759765625 0.044147843942505136
0 0.464111328125 0.28850102669404515 0.04296875 0.04671457905544148
0 0.432373046875 0.3557494866529774 0.0400390625 0.039527720739219716
0 0.5068359375 0.38270020533880905 0.0400390625 0.038501026694045176
0 0.499755859375 0.3506160164271047 0.04443359375 0.045174537987679675
0 0.66796875 0.44224845995893225 0.04541015625 0.04260780287474333
0 0.71533203125 0.4407084188911704 0.04248046875 0.04620123203285421
0 0.691162109375 0.4163244353182752 0.0390625 0.04106776180698152
0 0.66943359375 0.3862936344969199 0.04150390625 0.039527720739219716
0 0.7109375 0.3862936344969199 0.04443359375 0.04158110882956879
0 0.74853515625 0.3832135523613963 0.037109375 0.043634496919917866
0 0.759033203125 0.4201745379876797 0.037109375 0.04004106776180698
0 0.320068359375 0.2464065708418891 0.04248046875 0.039014373716632446
0 0.264404296875 0.21765913757700206 0.03662109375 0.037987679671457907
0 0.25634765625 0.19019507186858317 0.0380859375 0.03490759753593429
0 0.298583984375 0.21509240246406572 0.04296875 0.04106776180698152
0 0.311767578125 0.186088295687885 0.0400390625 0.044661190965092405
0 0.334228515625 0.2166324435318275 0.04150390625 0.04004106776180698
0 0.34423828125 0.18916837782340862 0.0390625 0.04158110882956879
0 0.3701171875 0.17890143737166325 0.0400390625 0.037987679671457907
0 0.396484375 0.2037987679671458 0.041015625 0.04260780287474333
0 0.166748046875 0.1801848049281314 0.0400390625 0.043121149897330596
0 0.1884765625 0.1540041067761807 0.0458984375 0.04620123203285421
0 0.21875 0.13218685831622176 0.0390625 0.04209445585215606
0 0.24658203125 0.15734086242299794 0.041015625 0.039527720739219716
0 0.3486328125 0.1524640657084189 0.0400390625 0.03747433264887064
0 0.36474609375 0.12551334702258726 0.04296875 0.04260780287474333
0 0.392578125 0.11447638603696099 0.03857421875 0.04158110882956879
0 0.42724609375 0.13937371663244352 0.0419921875 0.039014373716632446
0 0.45654296875 0.14194045174537986 0.04443359375 0.039527720739219716
0 0.455322265625 0.11319301848049282 0.04150390625 0.04004106776180698
0 0.464111328125 0.07879876796714579 0.041015625 0.04209445585215606
0 0.498779296875 0.07392197125256673 0.03515625 0.04158110882956879
0 0.533447265625 0.059034907597535935 0.04541015625 0.04106776180698152
0 0.537841796875 0.030800821355236138 0.0478515625 0.044661190965092405
0 0.50732421875 0.028490759753593428 0.03515625 0.043121149897330596
0 0.44140625 0.03131416837782341 0.03955078125 0.039527720739219716
0 0.431640625 0.06493839835728953 0.03857421875 0.04055441478439425
0 0.400634765625 0.040811088295687886 0.04150390625 0.043634496919917866
0 0.368896484375 0.047741273100616016 0.04150390625 0.043121149897330596
0 0.37060546875 0.08572895277207392 0.0390625 0.043121149897330596
0 0.3408203125 0.09907597535934291 0.04052734375 0.04260780287474333
0 0.302978515625 0.07340862422997947 0.0380859375 0.039014373716632446
0 0.276611328125 0.09240246406570841 0.04345703125 0.04158110882956879
0 0.45263671875 0.17864476386036962 0.04296875 0.043634496919917866
0 0.48876953125 0.18352156057494867 0.046875 0.044147843942505136
0 0.519775390625 0.16350102669404518 0.04345703125 0.04260780287474333
0 0.544189453125 0.15143737166324436 0.04345703125 0.04260780287474333
0 0.51953125 0.29876796714579057 0.04248046875 0.049281314168377825
0 0.607421875 0.26899383983572894 0.03759765625 0.04158110882956879
0 0.585205078125 0.24897330595482547 0.03955078125 0.04158110882956879
0 0.542236328125 0.23254620123203285 0.04052734375 0.043634496919917866
0 0.547607421875 0.11113963039014374 0.0380859375 0.04158110882956879
0 0.58251953125 0.10754620123203286 0.0341796875 0.039014373716632446
0 0.593017578125 0.08085215605749486 0.04296875 0.044147843942505136
0 0.638427734375 0.047484599589322385 0.04052734375 0.044147843942505136
0 0.5712890625 0.03747433264887064 0.0390625 0.04260780287474333
0 0.703857421875 0.07802874743326489 0.04150390625 0.043121149897330596
0 0.733154296875 0.09060574948665298 0.04443359375 0.045174537987679675
0 0.63037109375 0.15503080082135523 0.037109375 0.04055441478439425
0 0.636962890625 0.19455852156057496 0.0400390625 0.04106776180698152
0 0.6611328125 0.17684804928131417 0.04150390625 0.044661190965092405
0 0.635986328125 0.2425564681724846 0.04248046875 0.045174537987679675
0 0.674072265625 0.28927104722792607 0.0361328125 0.04106776180698152
0 0.727783203125 0.24306981519507187 0.04052734375 0.04055441478439425
0 0.792724609375 0.22946611909650924 0.0419921875 0.047741273100616016
0 0.72265625 0.16914784394250512 0.04345703125 0.044147843942505136
0 0.780517578125 0.16709445585215607 0.03173828125 0.04055441478439425
0 0.81103515625 0.151694045174538 0.041015625 0.048254620123203286
0 0.763916015625 0.35010266940451745 0.04150390625 0.043634496919917866
0 0.794677734375 0.33187885010266943 0.041015625 0.049281314168377825
0 0.826904296875 0.33059548254620125 0.0400390625 0.04620123203285421
0 0.841064453125 0.2959445585215606 0.04736328125 0.04620123203285421
0 0.919921875 0.30518480492813144 0.041015625 0.049281314168377825
0 0.86083984375 0.20893223819301848 0.041015625 0.047741273100616016
0 0.837890625 0.17659137577002054 0.0390625 0.044147843942505136