0 0.27783099864437416 0.9101622575577765 0.03677361048350658 0.03878964231334164
0 0.14575237234523272 0.43300927596960653 0.036773610483506525 0.037925010972125736
0 0.4296882060551288 0.9024660884766237 0.03534116583822866 0.03901292623112819
0 0.043366470854044284 0.44789328691482383 0.034943515589697244 0.036257507671209256
0 0.43310438319023953 0.8644745674013276 0.03475824672390415 0.037155394064010305
0 0.20727519204699504 0.5580102641568258 0.03616357885223681 0.036609061073681774
0 0.17749209218255763 0.49999920202722203 0.037690917306823335 0.03866137282865579
0 0.3723136014460009 0.8603699438913792 0.03506552191595125 0.03837157880769872
0 0.28002711251694534 0.49204174325504235 0.03539990962494355 0.03679908993988295
0 0.04858563036601898 0.4165812804865036 0.036561229100768186 0.036385777155895103
0 0.18835517397198373 0.5287458187618246 0.03622232263895164 0.037312167878626575
0 0.3186037053773159 0.42325604441182446 0.034487121554450995 0.03631926705272471
0 0.25488477180298236 0.6139642638098004 0.034943515589697216 0.038020025405226324
0 0.38671938544961587 0.6083156557619667 0.03539990962494355 0.038499848292384564
0 0.380614550384094 0.44430174134361916 0.03567555354722096 0.036542550970511255
0 0.18005422503389065 0.24063355327071412 0.03430185268865793 0.03593445859866699
0 0.42602349751468593 0.5626279656055175 0.034609127880704915 0.03648079158899569
0 0.2902846814279259 0.6134511858710568 0.03671486669679169 0.03878964231334164
0 0.4511703569814732 0.7099573455713903 0.035829191143244454 0.037668472002753924
0 0.37915047446904654 0.47895350509542733 0.03567555354722096 0.03785850086895522
0 0.5068368730230457 0.6298744306325048 0.034487121554450884 0.03756870684799826
0 0.16296430185268865 0.4656039772447856 0.03661997288748303 0.03785850086895522
0 0.20910528694080435 0.3400946618404779 0.03622232263895164 0.03731216787862646
0 0.4750971531857208 0.9399397808915212 0.03488025305015818 0.03638577715589522
0 0.053497514685946684 0.3816729777653236 0.03622232263895164 0.03686560004305347
0 0.5292950745594216 0.8239224073539687 0.03555354722096693 0.03814829488991217
0 0.4860822413014009 0.9702256314423544 0.03475824672390426 0.03837157880769872
0 0.2524401265250791 0.5133487298778637 0.03634432896520556 0.03593445859866705
0 0.10760506100316312 0.43043913555423385 0.035155896972435624 0.036737330558367504
0 0.485838228648893 0.5277196628843376 0.03555354722096704 0.037668472002753924
0 0.3808585630366019 0.40426265923500393 0.03567555354722096 0.03737867798179697
0 0.2797830998644374 0.8429157925307892 0.03643922277451428 0.03975403880931331
0 0.18640307275192047 0.7366516505510188 0.03649796656122911 0.038020025405226324
0 0.24108901943063715 0.4804927389116579 0.036497966561229056 0.03830981942618339
0 0.15149118843199277 0.40015328500340064 0.03567555354722096 0.03577293406239594
0 0.7407230004518753 0.6801845729593007 0.03539990962494355 0.03756870684799826
0 0.46020334387708994 0.8372671844829555 0.03671486669679169 0.03779674148743977
0 0.2551287844554903 0.740761024782622 0.0365612291007682 0.03779674148743977
0 0.37768639855399916 0.9543107138979949 0.03506552191595125 0.03708888396084002
0 0.1599141436963398 0.6334707269253645 0.03567555354722096 0.03593445859866693
0 0.5434568459105288 0.4366008215408112 0.034487121554450884 0.03737867798179697
0 0.29174875734297334 0.2656556042277712 0.03561229100768193 0.036609061073681656
0 0.5502937189335744 0.9702256314423544 0.034699502937189264 0.0366708204551971
0 0.2636737460460913 0.4591905030104915 0.03521915951197474 0.03773023138426937
0 0.738770899231812 0.7351124167347881 0.03506552191595125 0.03686560004305347
0 0.4108901943063714 0.7207414837283144 0.03430185268865793 0.035259856123652324
0 0.3349615906009941 0.5600625759118 0.03402620876638052 0.036542550970511255
0 0.37158156348847715 0.9147847097281233 0.035951197469498375 0.037312167878626575
0 0.35375960234975146 0.6160165755647745 0.0354902846814279 0.03638577715589522
0 0.1900632625395391 0.6252567291838131 0.037474017171260754 0.03952600416987181
0 0.201536375960235 0.2705345953674897 0.035829191143244454 0.036609061073681656
0 0.107971079981925 0.6848070251296473 0.03616357885223678 0.038499848292384564
0 0.0789200180750113 0.3018466017958099 0.03677361048350655 0.036385777155895103
0 0.744139177586986 0.60882873370071 0.034821509263443184 0.03901292623112819
0 0.713380027112517 0.6509248782859546 0.03573429733393585 0.03814829488991217
0 0.645020334387709 0.9471276227555857 0.03488025305015818 0.038210054271427735
0 0.19091730682331678 0.30954752159861787 0.03622232263895164 0.03686560004305347
0 0.30932670582919114 0.9276164089183664 0.035002259376412104 0.03888465674644234
0 0.40746949841843655 0.4188901312108495 0.03430185268865793 0.037440437363312415
0 0.0735472209670131 0.5107785894624912 0.03671486669679169 0.038020025405226324
0 0.4125982828739268 0.9604723998845723 0.03555354722096704 0.036960614476154174
0 0.27929507455942165 0.330080140591669 0.03436059647537282 0.03577293406239594
0 0.5776366922729327 0.6175558093810052 0.03539990962494355 0.03648079158899569
0 0.5810528694080433 0.9517453242042774 0.03567555354722107 0.03583944416556646
0 0.679200180750113 0.5929138161563507 0.036073203795752296 0.03808178478674189
0 0.07782196113872572 0.6704313414015186 0.035490284681427925 0.03888465674644234
0 0.2851558969724356 0.4283868237992598 0.034943515589697216 0.03583944416556634
0 0.3569317668323543 0.7109835014488773 0.03600994125621326 0.03878964231334164
0 0.28564392227745145 0.3986140511871701 0.03506552191595125 0.036062728083352896
0 0.10668775417984637 0.4989730461497349 0.03656122910076817 0.037925010972125736
0 0.684568459105287 0.9301865493337391 0.037383642114776405 0.03991081262392935
0 0.6181653863533665 0.9214594736534442 0.034821509263443406 0.03721715344552587
0 0.2153321283325802 0.8300840933405461 0.036985991866244905 0.039302720252085255
0 0.04949841843651153 0.5754596647957607 0.035675553547220976 0.037668472002753924
0 0.2766109353818346 0.8778240952519692 0.03698599186624496 0.03917445076739918
0 0.0943605964753728 0.2710476733062332 0.037261635788522374 0.03612448746486834
0 0.27392679620424765 0.8080074898096092 0.03683687302304561 0.03917445076739918
0 0.16308630817894262 0.677619183265583 0.03671486669679169 0.037668472002753924
0 0.7675779484862179 0.845481182224507 0.03588793492995923 0.03991081262392935
0 0.37133755083596925 0.36832820063633687 0.03634432896520556 0.03756870684799826
0 0.4318843199277 0.5218192665887871 0.03622232263895164 0.03779674148743977
0 0.24902394938996836 0.35549175072443867 0.03588793492995934 0.03471352313332368
0 0.2130140081337551 0.8670447078167002 0.037596023497514675 0.03997732272709986
0 0.14990058743786716 0.8008196479455449 0.03839132399457751 0.038438088910869236
0 0.582521464075915 0.5446607363061841 0.03488025305015818 0.03558290519619453
0 0.43505648441030276 0.9353173287211743 0.03600994125621326 0.03721715344552587
0 0.1185901491188432 0.587269958830172 0.03555354722096701 0.036960614476154174
0 0.213258020786263 0.8023636324834305 0.03677361048350658 0.03917445076739918
0 0.34936737460460915 0.3382941383332205 0.03417984636240401 0.037155394064010416
0 0.49145503840939897 0.44430174134361916 0.034821509263443406 0.03686560004305347
0 0.11657930411206507 0.40015328500340064 0.03561229100768187 0.03779674148743977
0 0.10614098508811567 0.6483594885922368 0.03555354722096701 0.03997732272709986
0 0.36132851333032084 0.6750490428502103 0.035155896972435596 0.036609061073681774
0 0.17004518752824221 0.2790051320784129 0.036163578852236755 0.035711174680880496
0 0.49389516493447805 0.36550152125159246 0.03454586534116588 0.03888465674644234
0 0.6127925892453683 0.9573939322521112 0.033601446000903756 0.03612448746486834
0 0.2476818798011749 0.8110859574420705 0.03588793492995934 0.03901292623112819
0 0.11242657026660643 0.7428133365375962 0.03811568007230004 0.039397734685185724
0 0.6660144600090375 0.9163239435443538 0.03515589697243571 0.03924096087056969
0 0.5063488477180298 0.4111892114080415 0.032652507907817485 0.03599621798018238
0 0.1258563036601898 0.7648851893468779 0.037690917306823335 0.03837157880769872
0 0.4492182557614099 0.8049290221771481 0.03643922277451428 0.03997732272709986
0 0.13513330320831451 0.213554439837028 0.037202892001807486 0.0361909975680388
0 0.38867148666967916 0.3408642787485931 0.036163578852236755 0.03756870684799826
0 0.7700180750112969 0.8814156408231739 0.035829191143244454 0.037858500868955335
0 0.7993176683235428 0.8619091777076098 0.03515589697243571 0.037440437363312415
0 0.7172842295526435 0.7982542582518273 0.03506552191595125 0.038210054271427735
0 0.11578400361500227 0.2415314396635153 0.03539990962494349 0.035711174680880496
0 0.24279710799819249 0.2784920541396694 0.03539990962494355 0.037027124579324576
0 0.16808856755535473 0.20611005900359183 0.034943515589697216 0.035516395093024136
0 0.7753908721192951 0.6001016580204152 0.03753727971079979 0.03952600416987181
0 0.0943605964753728 0.7094442676326467 0.03671486669679169 0.03638577715589522
0 0.30615454134658837 0.23254782501384855 0.037202892001807486 0.039754038809313254
0 0.06463624039765024 0.6391193349731983 0.03683687302304564 0.03830981942618339
0 0.8276366922729327 0.8347017947892378 0.03515589697243571 0.03773023138426925
0 0.17236330772706734 0.7084181117551597 0.036439222774514224 0.03830981942618339
0 0.24096701310438323 0.8860380929935208 0.03704925440578399 0.0396875287061428
0 0.8637686398554 0.740761024782622 0.036073203795752296 0.03708888396084002
0 0.647948486217804 0.5739204309795302 0.03555354722096693 0.03814829488991217
0 0.8520515137821961 0.8074944118708658 0.035951197469498375 0.03808178478674189
0 0.9155264347040217 0.7022564257685824 0.03796204247627655 0.039112691385883844
0 0.41137821961138726 0.9635508675170334 0.03475824672390415 0.033302558801779014
0 0.6220695887934931 0.8280270308639169 0.036344328965205674 0.03737867798179685
0 0.2454812471757795 0.21085602993696945 0.038820605512878414 0.037796741487439826
0 0.5449209218255762 0.5125791129697486 0.03506552191595125 0.03779674148743977
0 0.790040668775418 0.7772085613200326 0.03781292363307731 0.03837157880769872
0 0.41992318120198824 0.3516436661838622 0.033904202440126485 0.03612448746486834
0 0.25659286037053775 0.6447631922993772 0.033904202440126485 0.03571117468088038
0 0.150921825576141 0.24680949142225658 0.03220063262539541 0.04310804829776631
0 0.11249435155896972 0.30379914839602834 0.03778581111613194 0.038822897364926896
0 0.1451287844554903 0.30470178551048455 0.03864437415273386 0.041530808708295466
0 0.1645549028468143 0.3314483484283184 0.0414324446452779 0.04175409262608202
0 0.0652643470402169 0.3322369682230538 0.03606868504292815 0.04062817159383924
0 0.09596475372797109 0.33494487956642244 0.03478084048802532 0.04514135716612028
0 0.1297785811116132 0.3373154896722837 0.03456394035246274 0.044462003969450596
0 0.0798644374152734 0.3698199272360172 0.04122006326253955 0.03994881839716956
0 0.11474920921825577 0.36846597156433286 0.03799819249887032 0.04085145551162579
0 0.07535472209670131 0.4392232198943892 0.0382150926344329 0.04062817159383924
0 0.0694487121554451 0.47397949952260815 0.034993221870763674 0.04062817159383924
0 0.09639403524627203 0.46281055291162637 0.0339222774514234 0.04355936685499448
0 0.1280614550384094 0.4594232883715881 0.03542250338906461 0.039497499839941504
0 0.0422910076818798 0.5275866426779967 0.0364979665612291 0.04220541118331019
0 0.06741075463172165 0.542480155066524 0.033492995933122466 0.03949749983994162
0 0.09693176683235427 0.5504946224985641 0.034993221870763674 0.03837157880769872
0 0.11979213737008587 0.5220568026715386 0.03778581111613194 0.03746894169324261
0 0.15220967013104383 0.5263467043260331 0.03993221870763669 0.03972553447938312
0 0.25160867600542247 0.42398765554669954 0.041220063262539575 0.03453299571043241
0 0.22004970628106646 0.3025592100440648 0.0425079078174424 0.04355936685499448
0 0.3458563036601898 0.3927279070565846 0.035639403524627244 0.041530808708295466
0 0.08415725259828288 0.582319706865628 0.03778581111613194 0.037017623136014546
0 0.0559240849525531 0.6071469782348285 0.03713962946226841 0.0361149860215582
0 0.08952553095345685 0.6138074899951843 0.039073655671034796 0.03678958849657281
0 0.15210573881608677 0.7368131750872899 0.03628106642566653 0.038143544168257215
0 0.18333935833709897 0.7960641755688572 0.03692724807953007 0.03385364251376273
0 0.339200180750113 0.8728025824625998 0.034351558969724305 0.042884764379979755
0 0.3369453230908269 0.9093641363197311 0.0349932218707637 0.041982127265523646
0 0.3455354722096701 0.9422058751209718 0.04100316312697694 0.044462003969450714
0 0.3990962494351559 0.923473779635178 0.030483506552191564 0.04130277406885385
0 0.4257207410754632 0.8155848908493863 0.04422503389064614 0.04130277406885385
0 0.40188883868052416 0.6665072453144617 0.034351558969724305 0.03837157880769872
0 0.4292634432896521 0.6856906593574834 0.03756891098056936 0.03792026025047066
0 0.4723045639403525 0.6447251865261369 0.034351558969724305 0.036338269939344754
0 0.49935381834613646 0.6637993339710929 0.033492995933122494 0.036566304578786256
0 0.5209308630817894 0.6951730997809287 0.030271125169453184 0.034304961070990785
0 0.5600045187528242 0.688963906577801 0.034563940352462685 0.04175409262608214
0 0.589200180750113 0.6976529764848557 0.037998192498870376 0.03837157880769872
0 0.6147492092182558 0.592814051001595 0.04014460009037513 0.039948818397169676
0 0.6516764572977859 0.6458558582800347 0.03842747401717128 0.04130277406885385
0 0.6370763669227293 0.6809541898674158 0.035851784907365625 0.03746894169324261
0 0.710388612742883 0.686935348431102 0.04079078174423856 0.0358869513821167
0 0.6826976954360596 0.7111972839233538 0.03864437415273381 0.036566304578786256
0 0.6756122910076819 0.5091918484297102 0.04594215996385009 0.041530808708295466
0 0.46253953908721196 0.4651764122958327 0.03713962946226845 0.04107949015106741
0 0.4615725259828288 0.7697689312082515 0.03521012200632623 0.04085145551162579
0 0.5773926796204247 0.9160246480800869 0.03928603705377309 0.04085145551162579