0 0.839599609375 0.22869609856262835 0.04296875 0.04158110882956879
0 0.902099609375 0.2515400410677618 0.04052734375 0.043634496919917866
0 0.79150390625 0.23280287474332648 0.03955078125 0.03747433264887064
0 0.753173828125 0.2476899383983573 0.04052734375 0.04260780287474333
0 0.716064453125 0.24794661190965092 0.03564453125 0.04106776180698152
0 0.656982421875 0.2389630390143737 0.03564453125 0.04209445585215606
0 0.84521484375 0.2777207392197125 0.03564453125 0.039014373716632446
0 0.81787109375 0.25693018480492813 0.03759765625 0.04260780287474333
0 0.783203125 0.26617043121149897 0.037109375 0.038501026694045176
0 0.743896484375 0.3190451745379877 0.03759765625 0.038501026694045176
0 0.723876953125 0.3421457905544148 0.04443359375 0.039527720739219716
0 0.6767578125 0.29928131416837783 0.0361328125 0.04209445585215606
0 0.64453125 0.27720739219712526 0.04248046875 0.04106776180698152
0 0.686767578125 0.26078028747433263 0.04052734375 0.04209445585215606
0 0.79736328125 0.32315195071868585 0.0322265625 0.038501026694045176
0 0.770751953125 0.34060574948665295 0.03466796875 0.044661190965092405
0 0.748779296875 0.36729979466119095 0.0380859375 0.04004106776180698
0 0.837890625 0.31262833675564683 0.0400390625 0.03747433264887064
0 0.86376953125 0.33316221765913756 0.03466796875 0.037987679671457907
0 0.89306640625 0.31981519507186856 0.03857421875 0.03542094455852156
0 0.904052734375 0.3452258726899384 0.03857421875 0.037987679671457907
0 0.93994140625 0.3518993839835729 0.03662109375 0.04158110882956879
0 0.94873046875 0.3921971252566735 0.0380859375 0.04004106776180698
0 0.916748046875 0.3798767967145791 0.037109375 0.04260780287474333
0 0.893798828125 0.38886036960985626 0.04052734375 0.043121149897330596
0 0.8642578125 0.36935318275154005 0.03564453125 0.03696098562628337
0 0.836669921875 0.37243326488706363 0.03857421875 0.04209445585215606
0 0.813232421875 0.39758726899383984 0.03857421875 0.04158110882956879
0 0.771728515625 0.4537987679671458 0.0361328125 0.039527720739219716
0 0.751953125 0.42376796714579057 0.0380859375 0.04004106776180698
0 0.72021484375 0.43121149897330596 0.03759765625 0.04106776180698152
0 0.69384765625 0.406570841889117 0.0400390625 0.039014373716632446
0 0.67529296875 0.4240246406570842 0.03857421875 0.03747433264887064
0 0.59765625 0.4322381930184805 0.03759765625 0.037987679671457907
0 0.570556640625 0.4443018480492813 0.03466796875 0.037987679671457907
0 0.537841796875 0.3593429158110883 0.0341796875 0.03747433264887064
0 0.5185546875 0.385523613963039 0.0419921875 0.044147843942505136
0 0.955078125 0.42505133470225875 0.03564453125 0.03490759753593429
0 0.9599609375 0.459958932238193 0.0380859375 0.034394250513347026
0 0.9296875 0.4471252566735113 0.03955078125 0.03747433264887064
0 0.89306640625 0.455082135523614 0.0400390625 0.04055441478439425
0 0.8544921875 0.44686858316221767 0.03955078125 0.03747433264887064
0 0.834716796875 0.46894250513347024 0.0380859375 0.04158110882956879
0 0.960205078125 0.4961498973305955 0.03759765625 0.04055441478439425
0 0.93017578125 0.5164271047227926 0.03857421875 0.04004106776180698
0 0.90380859375 0.5379876796714579 0.0390625 0.04004106776180698
0 0.932373046875 0.5549281314168378 0.03955078125 0.03593429158110883
0 0.913818359375 0.5777720739219713 0.03564453125 0.039014373716632446
0 0.87451171875 0.5980492813141683 0.03857421875 0.043634496919917866
0 0.85107421875 0.5844455852156057 0.03759765625 0.04209445585215606
0 0.814697265625 0.5333675564681725 0.0380859375 0.043634496919917866
0 0.78466796875 0.5154004106776181 0.03564453125 0.04055441478439425
0 0.756103515625 0.518223819301848 0.03515625 0.044661190965092405
0 0.709716796875 0.5277207392197125 0.0400390625 0.04004106776180698
0 0.6806640625 0.518223819301848 0.03515625 0.038501026694045176
0 0.6953125 0.48716632443531827 0.03662109375 0.04055441478439425
0 0.698974609375 0.45200205338809035 0.03955078125 0.04106776180698152
0 0.58154296875 0.4784394250513347 0.037109375 0.04004106776180698
0 0.55517578125 0.5 0.03759765625 0.039527720739219716
0 0.5087890625 0.45046201232032856 0.04345703125 0.04055441478439425
0 0.505615234375 0.412217659137577 0.041015625 0.04055441478439425
0 0.645263671875 0.5213039014373717 0.03955078125 0.03747433264887064
0 0.662353515625 0.5513347022587269 0.037109375 0.04055441478439425
0 0.72314453125 0.5813655030800822 0.0400390625 0.04055441478439425
0 0.78955078125 0.5875256673511293 0.0390625 0.037987679671457907
0 0.77392578125 0.6211498973305954 0.0400390625 0.04106776180698152
0 0.7431640625 0.6101129363449692 0.0390625 0.04158110882956879
0 0.70361328125 0.6072895277207392 0.04052734375 0.04722792607802875
0 0.874755859375 0.6342402464065708 0.04052734375 0.039014373716632446
0 0.9150390625 0.6907084188911704 0.03662109375 0.03696098562628337
0 0.90185546875 0.7225359342915811 0.0400390625 0.04260780287474333
0 0.880859375 0.6930184804928131 0.03369140625 0.04055441478439425
0 0.849853515625 0.6940451745379876 0.04052734375 0.037987679671457907
0 0.8173828125 0.6773613963039015 0.04248046875 0.043634496919917866
0 0.826171875 0.6493839835728953 0.0390625 0.04055441478439425
0 0.789794921875 0.648870636550308 0.04052734375 0.04209445585215606
0 0.7841796875 0.6806981519507187 0.04150390625 0.038501026694045176
0 0.762451171875 0.704312114989733 0.04150390625 0.03747433264887064
0 0.75048828125 0.6822381930184805 0.03759765625 0.037987679671457907
0 0.715576171875 0.7040554414784395 0.0390625 0.037987679671457907
0 0.866455078125 0.7263860369609856 0.03466796875 0.04106776180698152
0 0.8349609375 0.7176591375770021 0.03564453125 0.039014373716632446
0 0.811767578125 0.7487166324435318 0.03857421875 0.0364476386036961
0 0.7861328125 0.7743839835728953 0.04052734375 0.04106776180698152
0 0.8193359375 0.7828542094455853 0.04150390625 0.04209445585215606
0 0.855712890625 0.7892710472279261 0.0380859375 0.03593429158110883
0 0.8330078125 0.8164784394250514 0.0400390625 0.037987679671457907
0 0.79736328125 0.8051848049281314 0.03515625 0.044147843942505136
0 0.764892578125 0.8339322381930184 0.04052734375 0.03747433264887064
0 0.73095703125 0.8282854209445585 0.03271484375 0.03285420944558522
0 0.7353515625 0.858829568788501 0.03857421875 0.030800821355236138
0 0.698486328125 0.8475359342915811 0.0390625 0.03593429158110883
0 0.71044921875 0.8811601642710473 0.04248046875 0.04209445585215606
0 0.722412109375 0.9068275154004107 0.0380859375 0.04055441478439425
0 0.6943359375 0.9196611909650924 0.0380859375 0.04568788501026694
0 0.678466796875 0.8767967145790554 0.03466796875 0.045174537987679675
0 0.68310546875 0.7769507186858317 0.0380859375 0.04158110882956879
0 0.65087890625 0.7825975359342916 0.03662109375 0.03747433264887064
0 0.66259765625 0.8169917864476386 0.0380859375 0.04004106776180698
0 0.656005859375 0.848305954825462 0.0390625 0.039014373716632446
0 0.53369140625 0.553388090349076 0.03759765625 0.04209445585215606
0 0.565185546875 0.5710985626283368 0.0390625 0.04004106776180698
0 0.602294921875 0.5849589322381931 0.03857421875 0.03747433264887064
0 0.5771484375 0.6044661190965093 0.03466796875 0.04106776180698152
0 0.55029296875 0.6219199178644764 0.037109375 0.037987679671457907
0 0.529541015625 0.6409137577002053 0.041015625 0.044147843942505136
0 0.549072265625 0.6604209445585215 0.0390625 0.034394250513347026
0 0.52001953125 0.6760780287474333 0.03955078125 0.037987679671457907
0 0.64990234375 0.6740246406570842 0.0380859375 0.038501026694045176
0 0.6220703125 0.6899383983572895 0.04052734375 0.04158110882956879
0 0.649658203125 0.712782340862423 0.037109375 0.04106776180698152
0 0.619873046875 0.7217659137577002 0.04052734375 0.039014373716632446
0 0.552734375 0.6912217659137577 0.0400390625 0.043121149897330596
0 0.550048828125 0.7215092402464066 0.03857421875 0.03593429158110883
0 0.5458984375 0.7543634496919918 0.03759765625 0.045174537987679675
0 0.57080078125 0.7895277207392197 0.037109375 0.04209445585215606
0 0.592041015625 0.8175051334702259 0.0390625 0.043121149897330596
0 0.58447265625 0.8518993839835729 0.037109375 0.043634496919917866
0 0.465576171875 0.6232032854209446 0.0322265625 0.043121149897330596
0 0.441650390625 0.5862422997946611 0.03759765625 0.04209445585215606
0 0.4169921875 0.6008726899383984 0.03515625 0.04671457905544148
0 0.39453125 0.6332135523613963 0.03369140625 0.044661190965092405
0 0.326171875 0.5544147843942505 0.0390625 0.044147843942505136
0 0.306396484375 0.5875256673511293 0.03759765625 0.039527720739219716
0 0.313720703125 0.6252566735112937 0.0390625 0.043121149897330596
0 0.358642578125 0.6280800821355236 0.03857421875 0.034394250513347026
0 0.336181640625 0.6529774127310062 0.04150390625 0.043121149897330596
0 0.232177734375 0.6111396303901437 0.03857421875 0.038501026694045176
0 0.23486328125 0.6442505133470225 0.03759765625 0.039014373716632446
0 0.20263671875 0.6588809034907598 0.0439453125 0.04004106776180698
0 0.276611328125 0.6339835728952772 0.03955078125 0.03696098562628337
0 0.26611328125 0.660164271047228 0.03759765625 0.04106776180698152
0 0.47509765625 0.7982546201232033 0.0390625 0.04106776180698152
0 0.519775390625 0.8578028747433265 0.0361328125 0.03696098562628337
0 0.5908203125 0.9224845995893224 0.03564453125 0.04260780287474333
0 0.564697265625 0.936088295687885 0.0380859375 0.0364476386036961
0 0.64697265625 0.9435318275154004 0.03955078125 0.04004106776180698
0 0.613037109375 0.9530287474332649 0.033203125 0.04106776180698152
0 0.58251953125 0.9586755646817249 0.0361328125 0.038501026694045176
0 0.540771484375 0.9661190965092402 0.03564453125 0.044661190965092405
0 0.525390625 0.8927104722792608 0.03271484375 0.04106776180698152
0 0.5009765625 0.9065708418891171 0.03662109375 0.0364476386036961
0 0.4833984375 0.9391683778234087 0.0380859375 0.04260780287474333
0 0.46533203125 0.9661190965092402 0.0419921875 0.04671457905544148
0 0.412353515625 0.9119609856262834 0.0361328125 0.04260780287474333
0 0.3525390625 0.912217659137577 0.044921875 0.039014373716632446
0 0.36474609375 0.9489219712525667 0.03466796875 0.038501026694045176
0 0.33544921875 0.9386550308008214 0.04345703125 0.045174537987679675
0 0.281005859375 0.6953285420944558 0.03857421875 0.043634496919917866
0 0.296630859375 0.7299794661190965 0.04052734375 0.038501026694045176
0 0.33349609375 0.7258726899383984 0.0400390625 0.04158110882956879
0 0.37646484375 0.7790041067761807 0.0380859375 0.04620123203285421
0 0.4150390625 0.7790041067761807 0.03955078125 0.043121149897330596
0 0.40625 0.8159650924024641 0.03857421875 0.044147843942505136
0 0.336181640625 0.7920944558521561 0.0380859375 0.04568788501026694
0 0.323974609375 0.813141683778234 0.0419921875 0.04260780287474333
0 0.28662109375 0.7918377823408624 0.041015625 0.04260780287474333
0 0.246337890625 0.7748973305954825 0.03466796875 0.039014373716632446
0 0.210693359375 0.7684804928131417 0.0361328125 0.038501026694045176
0 0.1904296875 0.7381930184804928 0.03662109375 0.03182751540041068
0 0.154541015625 0.7012320328542094 0.0400390625 0.04158110882956879
0 0.11767578125 0.678388090349076 0.04541015625 0.044661190965092405
0 0.152587890625 0.7392197125256673 0.03759765625 0.0364476386036961
0 0.146240234375 0.7720739219712526 0.037109375 0.04106776180698152
0 0.177978515625 0.773870636550308 0.04150390625 0.04260780287474333
0 0.189453125 0.7985112936344969 0.04296875 0.043121149897330596
0 0.225830078125 0.8051848049281314 0.03955078125 0.04055441478439425
0 0.25830078125 0.8095482546201233 0.04345703125 0.04004106776180698
0 0.23828125 0.8390657084188912 0.04541015625 0.043634496919917866
0 0.20654296875 0.8372689938398358 0.03857421875 0.04568788501026694
0 0.1796875 0.8375256673511293 0.0380859375 0.038501026694045176
0 0.26708984375 0.8621663244353183 0.04052734375 0.043634496919917866
0 0.295166015625 0.8793634496919918 0.04052734375 0.03542094455852156
0 0.82275390625 0.3408624229979466 0.0400390625 0.043121149897330596