0 0.1599141436963398 0.8110859574420705 0.03790329868956166 0.039112691385883844
0 0.4130863081789426 0.7243330292995191 0.036163578852236755 0.037312167878626575
0 0.3124988703117939 0.7869617928778146 0.03588793492995934 0.039112691385883844
0 0.10858111161319475 0.47767081024856856 0.037202892001807486 0.037088883960839904
0 0.17516945323090827 0.7772085613200326 0.03753727971079979 0.037440437363312415
0 0.34741075463172166 0.7869617928778146 0.037474017171260754 0.038210054271427735
0 0.36694532309082695 0.9517453242042774 0.0365612291007682 0.038599613447140226
0 0.46997288748305466 0.5369598165033761 0.034821509263443295 0.03773023138426925
0 0.31298689561680976 0.8511297902723407 0.03567555354722096 0.037668472002753924
0 0.28198373248983283 0.5338813488709149 0.034821509263443295 0.03686560004305347
0 0.10760506100316312 0.5482522818773887 0.03643922277451425 0.037858500868955335
0 0.14013556258472662 0.45610728465637534 0.03600994125621326 0.03773023138426937
0 0.8134749209218256 0.7351124167347881 0.03555354722096693 0.03737867798179685
0 0.14697243560777226 0.7171451874354547 0.03774966109353817 0.037440437363312415
0 0.2758788974243109 0.8685839416329306 0.03600994125621326 0.03792501097212562
0 0.5698237686398554 0.5446607363061841 0.035002259376412104 0.036542550970511255
0 0.21569814731134207 0.8665316298779566 0.03607320379575235 0.03830981942618339
0 0.599611387257117 0.9604723998845723 0.036163578852236755 0.039397734685185724
0 0.19470402169001355 0.3282843678060667 0.0368956168097605 0.03737867798179697
0 0.6889652056032536 0.7823393407074678 0.03534116583822855 0.03792501097212562
0 0.4731450519656575 0.8680708636941872 0.03430185268865793 0.037668472002753924
0 0.2436511522819702 0.5097524335850041 0.037383642114776294 0.038020025405226324
0 0.43652507907817445 0.9296734713949956 0.034943515589697216 0.037312167878626575
0 0.7856439222774515 0.7197105771291723 0.03539990962494355 0.037312167878626575
0 0.3803705377315861 0.5213061886500434 0.035002259376412104 0.036609061073681656
0 0.07977406235878898 0.29081067539116906 0.037474017171260726 0.0366708204551971
0 0.43456845910528696 0.7782347171975197 0.0354902846814279 0.037440437363312415
0 0.6762675101671939 0.8978436363062768 0.035002259376412104 0.03830981942618339
0 0.400881156800723 0.8978436363062768 0.03567555354722096 0.03648079158899569
0 0.13867148666967918 0.5580102641568258 0.03683687302304567 0.037312167878626575
0 0.34375056484410305 0.7238199513607756 0.03600994125621326 0.03708888396084002
0 0.21557614098508812 0.7186844212516852 0.03494351558969727 0.037440437363312415
0 0.43872119295074563 0.4822885116972603 0.034943515589697216 0.036385777155895103
0 0.0663443289652056 0.3221274325411443 0.03671486669679169 0.03593445859866705
0 0.31298689561680976 0.8192999551836219 0.034699502937189375 0.037506947466482934
0 0.4724130140081338 0.9358304066599179 0.03475824672390415 0.03660906107368154
0 0.24133303208314508 0.8855250150547772 0.03649796656122911 0.038210054271427735
0 0.7236330772706734 0.8711493313266484 0.03527790329868963 0.038499848292384564
0 0.46386805241753276 0.9034922443541107 0.03521915951197474 0.036542550970511255
0 0.16625847266154542 0.2218919563416103 0.034423859014911906 0.037155394064010416
0 0.6445323090826932 0.9147847097281233 0.03372345232715768 0.03792501097212562
0 0.16272028920018078 0.6370622724965692 0.03790329868956166 0.037858500868955335
0 0.04113872571170357 0.48768058077572235 0.03671486669679169 0.037506947466482816
0 0.11084048802530502 0.4147855077009013 0.037596023497514675 0.037440437363312415
0 0.33764572977858115 0.9378827184148921 0.035951197469498375 0.038499848292384564
0 0.4104021690013557 0.7515404122178911 0.0354902846814279 0.03583944416556646
0 0.11779936737460461 0.7541058019116088 0.03607320379575235 0.0366708204551971
0 0.5307636692272932 0.9707387093810979 0.036222322638951754 0.037506947466482934
0 0.26611387257117036 0.7648851893468779 0.03573429733393585 0.03779674148743977
0 0.37524627202892 0.6601650319049929 0.03488025305015818 0.03673733055836762
0 0.10779032986895618 0.4458409751598497 0.03671486669679169 0.03773023138426937
0 0.5761726163578852 0.92812948685711 0.03549028468142801 0.03808178478674189
0 0.22460912788070495 0.6170427314422615 0.03622232263895164 0.037858500868955335
0 0.6289064618165386 0.47253528013947826 0.036222322638951754 0.03779674148743977
0 0.31787166741979217 0.33803759936384864 0.03588793492995934 0.037155394064010416
0 0.1015634884771803 0.31750498037079755 0.035490284681427925 0.03612448746486834
0 0.20373700858563037 0.4602166588879786 0.03588793492995934 0.03538812560833829
0 0.7456032535020335 0.6652958112924283 0.0365612291007682 0.038438088910869236
0 0.13513330320831451 0.202642032195418 0.03955264347040216 0.039625769324627406
0 0.34423859014911884 0.39065659241499034 0.03539990962494355 0.036737330558367504
0 0.38793944871215547 0.31083021644547665 0.03643922277451428 0.037088883960839904
0 0.04922277451423408 0.3829556726121825 0.03845006778129237 0.03808178478674177
0 0.3481427925892454 0.3221274325411443 0.034943515589697216 0.03484179261800952
0 0.20507907817442386 0.3575440624794128 0.03561229100768187 0.03558290519619465
0 0.5083009489380931 0.4460975141292215 0.0341798463624039 0.034585253648637716
0 0.10705377315860823 0.6796714950205571 0.03661997288748303 0.03872788293182631
0 0.5014640759150475 0.9486668565718163 0.03539990962494355 0.037155394064010305
0 0.053800271125169455 0.5959970345104669 0.036985991866244905 0.038499848292384564
0 0.6655264347040217 0.5477392039386452 0.036073203795752296 0.03779674148743977
0 0.24902394938996839 0.8198130331223655 0.036985991866244905 0.037506947466482934
0 0.3815906009941257 0.34573851916665665 0.034821509263443295 0.03593445859866705
0 0.1729733393583371 0.29876813416334874 0.03622232263895164 0.038438088910869236
0 0.04098508811568007 0.4555942067176318 0.03582919114324447 0.038599613447140343
0 0.17956619972887483 0.8357279506667249 0.03704925440578399 0.04052365571742863
0 0.6245097153185721 0.5069305049219147 0.036163578852236755 0.03545463571150869
0 0.10577496610935383 0.38192951673469544 0.03622232263895164 0.0366708204551971
0 0.35131947582467243 0.35497867278569517 0.03417984636240401 0.03599621798018238
0 0.45239042024401266 0.35395251690820806 0.03661997288748309 0.03888465674644234
0 0.7929688206055129 0.6827499626530182 0.036163578852236755 0.03837157880769872
0 0.28149570718481703 0.35780060144878456 0.034943515589697216 0.034780033236494076
0 0.3430185268865793 0.4938375160406447 0.036497966561229056 0.03583944416556634
0 0.25683687302304564 0.3087779046905026 0.035829191143244454 0.035996217980182495
0 0.14453230908269318 0.6052371881295054 0.03628558517849073 0.039464244788356244
0 0.7109353818346137 0.6837761185305052 0.03732489832806141 0.03952600416987181
0 0.684568459105287 0.6658088892311718 0.03567555354722107 0.037155394064010305
0 0.48705829191143235 0.9712517873198414 0.03506552191595125 0.03551639509302425
0 0.47607320379575235 0.39193928726184923 0.03308178942611839 0.03577293406239594
0 0.3815906009941257 0.5877830367689154 0.0354902846814279 0.03612448746486834
0 0.49951197469498426 0.874745627619508 0.033904202440126485 0.03830981942618339
0 0.5024401265250792 0.9476407006943292 0.0341798463624039 0.035996217980182495
0 0.46997288748305466 0.43506158772458065 0.034821509263443295 0.03558290519619465
0 0.13708540442837777 0.24332721244911765 0.03607320379575235 0.03849984829238463
0 0.7543967464979666 0.8916819503196994 0.03534116583822855 0.038599613447140226
0 0.12347492092182558 0.6201211990747227 0.03661997288748303 0.03997732272709986
0 0.20117035698147312 0.1880145602195724 0.03436059647537282 0.03593445859866699
0 0.2646497966561229 0.25487621679250205 0.03539990962494355 0.036960614476154056
0 0.6787121554450972 0.5893222705851461 0.03710799819249888 0.038438088910869236
0 0.849118843199277 0.7197105771291723 0.03677361048350658 0.03888465674644234
0 0.07067781292363308 0.5089828166768888 0.03600994125621329 0.039849053242413904
0 0.44848621780388614 0.3167353634626823 0.03573429733393585 0.036960614476154056
0 0.6992182557614098 0.9255640971633924 0.03436059647537282 0.03773023138426925
0 0.24145503840939903 0.4751006698331958 0.036163578852236755 0.036257507671209256
0 0.36670131043831905 0.25975520793222057 0.03527790329868952 0.037668472002753924
0 0.6142566651604157 0.74846194458543 0.03534116583822855 0.03792501097212562
0 0.20129236330772707 0.22279459345606653 0.034821509263443295 0.03545463571150869
0 0.2342521464075915 0.19288880063763592 0.03802530501581569 0.03756870684799826
0 0.5117171260732039 0.38013374394909305 0.036344328965205674 0.03679908993988295
0 0.13000451875282423 0.6498987224084675 0.037474017171260754 0.03878964231334164
0 0.5561545413465884 0.48768058077572235 0.03372345232715768 0.03577293406239594
0 0.4382331676457298 0.2756653747549249 0.034821509263443295 0.03888465674644234
0 0.7753908721192951 0.7941496347418792 0.03521915951197463 0.03779674148743977
0 0.667478535924085 0.9389136250140341 0.036163578852236755 0.038020025405226324
0 0.33666967916854945 0.2370372569778544 0.03573429733393585 0.038599613447140343
0 0.29565295978309986 0.23678071800848266 0.0365612291007682 0.039849053242413904
0 0.4318843199277 0.6293613526937613 0.03506552191595125 0.038020025405226324
0 0.11258924536827836 0.22637663758396112 0.045033890646181685 0.04184910705918267
0 0.12324446452779034 0.27203582341048 0.04061003163126975 0.041849107059182725
0 0.1556122910076819 0.274358926299791 0.036190691369182126 0.03973978664434822
0 0.1986353366470854 0.28091017146208097 0.03699502937189336 0.04269473551377846
0 0.06232715770447357 0.350451235048449 0.05227293267058292 0.04480880665026804
0 0.27443289652056035 0.4311945002973841 0.04061003163126975 0.04227192128648059
0 0.044631721644826025 0.5265224810272693 0.037799367374604625 0.04354036396837432
0 0.0850429281518301 0.608957003185396 0.04463172164482604 0.04269473551377858
0 0.11942159963849977 0.5869754140875599 0.042620876638047867 0.041008229326241825
0 0.07680072300045188 0.5423756391901133 0.0345820153637596 0.036357272825965035
0 0.43366470854044287 0.4468386267074066 0.04061003163126975 0.048191320468651225
0 0.4795029371893358 0.4707205044672558 0.04061003163126975 0.04354036396837432
0 0.4113465883416177 0.503486231722016 0.03779936737460465 0.03973978664434822
0 0.44271125169453235 0.5104602911116038 0.03297333935833713 0.04354036396837432
0 0.4736737460460913 0.5668941136517369 0.0434252146407591 0.03973978664434822
0 0.2565386353366471 0.5470265956903904 0.03860370537731583 0.043963178195672185
0 0.2334206958879349 0.5624569396259363 0.04061003163126975 0.046077249332161764
0 0.233217352010845 0.6582077345831197 0.03216900135562584 0.04650006355945963
0 0.267397198373249 0.6744837069732615 0.039408043380027125 0.04354036396837432
0 0.3100180750112969 0.709781568870154 0.04101220063262545 0.034666015916773325
0 0.3228874830546769 0.7514216441765152 0.039408043380027125 0.04354036396837432
0 0.2927293267058292 0.7412788534430206 0.03860370537731583 0.04354036396837432
0 0.1115815634884772 0.7245800668255808 0.039805693628558514 0.03889415818975225
0 0.08102123813827385 0.7002706241167787 0.03498418436511522 0.03593445859866693
0 0.07680072300045188 0.6692009044928652 0.042620876638047894 0.04819132046865134
0 0.5744012652507908 0.6026195404975825 0.039005874378671423 0.0469228777867575
0 0.5957117035698147 0.5696447814900008 0.03980569362855846 0.04354036396837432
0 0.6117939448712156 0.608957003185396 0.03337550835969272 0.047768506241353474
0 0.6457704473565296 0.604733611634072 0.04181653863533663 0.041008229326241825
0 0.5301671938544962 0.6083251572052767 0.0438273836421148 0.03973978664434822
0 0.5512788070492545 0.6298839320758148 0.03619069136918207 0.03551164437136906
0 0.5275553547220967 0.6548252207647361 0.04020786262991405 0.041431043553539694
0 0.476086760054225 0.6579987028302982 0.04020786262991416 0.03762571550785864
0 0.4998102123813828 0.682726209044743 0.04422955264347039 0.03973978664434822
0 0.43708088567555353 0.7000615923639572 0.03297333935833713 0.04058541509894396
0 0.37133755083596925 0.6954106358636802 0.04945774966109351 0.041431043553539694
0 0.44733393583370995 0.7201381420781253 0.03417984636240401 0.036780087053262904
0 0.47910076818798014 0.7262713237347724 0.03980569362855857 0.045654435104863896
0 0.497397198373249 0.7509988299492174 0.03458201536375971 0.03762571550785864
0 0.5490691369182106 0.7023846952532682 0.03820153637596024 0.04354036396837432
0 0.5840488025305016 0.6387630308490708 0.0438273836421148 0.041431043553539694
0 0.6027474017171262 0.6643361655181117 0.031364663352914546 0.035088830144071194
0 0.5983235427022142 0.7271169521893683 0.03216900135562595 0.03889415818975225
0 0.7095029371893358 0.7531129010857069 0.03739719837324906 0.036780087053262904
0 0.7708269317668324 0.7548041579948986 0.04101220063262545 0.04016260087164609
0 0.5480614550384094 0.7774223437945091 0.045838228648892976 0.041431043553539694
0 0.5577135110709445 0.8311102492180331 0.03458201536375971 0.042271921286480475
0 0.5199141436963398 0.8414668224260043 0.04101220063262545 0.041008229326241825
0 0.537808404880253 0.8615481228618274 0.04141436963398104 0.04058541509894396
0 0.3763669227293267 0.8034182926908479 0.03860370537731583 0.03931697241705035
0 0.3751604157252599 0.8401983797441106 0.03779936737460465 0.04523162087756603
0 0.3729462268413918 0.879092537933863 0.044631721644825983 0.0469228777867575
0 0.3383687302304564 0.9023425697135927 0.03498418436511519 0.044385992422970054
0 0.24829643018526887 0.8526690240885713 0.04784907365567104 0.04311754974107645
0 0.30619972887483055 0.9200960165384499 0.046240397650248566 0.041008229326241825
0 0.4344690465431541 0.8943090993949325 0.039005874378671535 0.03847134396245438
0 0.4714640759150474 0.8323786918999267 0.03578852236782648 0.03804852973515651
0 0.4992092182557614 0.9046656726029036 0.03980569362855857 0.03889415818975225
0 0.6409489380930864 0.7763629328654368 0.0498599186624491 0.05284227696892813
0 0.13912788070492543 0.7848192174113949 0.03860370537731589 0.044385992422970054