0 0.156005859375 0.23485626283367556 0.0439453125 0.04260780287474333
0 0.093994140625 0.2589835728952772 0.041015625 0.044147843942505136
0 0.2041015625 0.23819301848049282 0.0400390625 0.037987679671457907
0 0.24267578125 0.2523100616016427 0.041015625 0.043121149897330596
0 0.27978515625 0.25205338809034905 0.03662109375 0.04158110882956879
0 0.338623046875 0.24204312114989732 0.03662109375 0.04260780287474333
0 0.151123046875 0.28388090349075973 0.0361328125 0.039527720739219716
0 0.17822265625 0.26283367556468173 0.0380859375 0.043121149897330596
0 0.212890625 0.2715605749486653 0.03759765625 0.039527720739219716
0 0.2529296875 0.32340862422997946 0.0380859375 0.039527720739219716
0 0.273681640625 0.34650924024640656 0.044921875 0.04055441478439425
0 0.31982421875 0.30261806981519507 0.037109375 0.04260780287474333
0 0.351806640625 0.28003080082135523 0.04296875 0.04209445585215606
0 0.309326171875 0.2643737166324435 0.041015625 0.04260780287474333
0 0.199951171875 0.3287987679671458 0.03271484375 0.039014373716632446
0 0.226806640625 0.3457392197125257 0.03564453125 0.045174537987679675
0 0.2490234375 0.37191991786447637 0.03857421875 0.04055441478439425
0 0.158935546875 0.3190451745379877 0.04052734375 0.037987679671457907
0 0.133544921875 0.3398357289527721 0.03515625 0.038501026694045176
0 0.10400390625 0.32700205338809035 0.0390625 0.03593429158110883
0 0.093505859375 0.3526694045174538 0.03955078125 0.038501026694045176
0 0.0576171875 0.3601129363449692 0.037109375 0.04209445585215606
0 0.049560546875 0.4004106776180698 0.0390625 0.04106776180698152
0 0.081298828125 0.3875770020533881 0.0380859375 0.043121149897330596
0 0.104248046875 0.39604722792607805 0.04150390625 0.044147843942505136
0 0.1337890625 0.3760266940451745 0.0361328125 0.037987679671457907
0 0.161376953125 0.3788501026694045 0.0390625 0.043121149897330596
0 0.18505859375 0.4032340862422998 0.0390625 0.04260780287474333
0 0.2275390625 0.4586755646817248 0.037109375 0.04004106776180698
0 0.246826171875 0.428388090349076 0.0390625 0.04106776180698152
0 0.278564453125 0.4353182751540041 0.03857421875 0.04158110882956879
0 0.3046875 0.4101642710472279 0.041015625 0.039527720739219716
0 0.323486328125 0.42736139630390146 0.03955078125 0.037987679671457907
0 0.4013671875 0.43403490759753593 0.0380859375 0.038501026694045176
0 0.4287109375 0.4455852156057495 0.03515625 0.038501026694045176
0 0.459716796875 0.3601129363449692 0.03466796875 0.038501026694045176
0 0.4794921875 0.38578028747433263 0.04248046875 0.045174537987679675
0 0.043701171875 0.4335215605749487 0.0361328125 0.03593429158110883
0 0.03955078125 0.468429158110883 0.03857421875 0.03542094455852156
0 0.069580078125 0.455082135523614 0.0400390625 0.037987679671457907
0 0.1064453125 0.4622689938398357 0.041015625 0.04106776180698152
0 0.144775390625 0.45354209445585214 0.0400390625 0.038501026694045176
0 0.164794921875 0.47510266940451745 0.0390625 0.04209445585215606
0 0.039794921875 0.5046201232032854 0.03857421875 0.04106776180698152
0 0.070068359375 0.5243839835728953 0.0390625 0.04106776180698152
0 0.0966796875 0.5451745379876797 0.03955078125 0.04055441478439425
0 0.068603515625 0.5626283367556468 0.0400390625 0.03696098562628337
0 0.087646484375 0.5854722792607803 0.0361328125 0.04004106776180698
0 0.127197265625 0.6049794661190965 0.0390625 0.044661190965092405
0 0.150390625 0.5908624229979466 0.0380859375 0.04260780287474333
0 0.18603515625 0.5392710472279261 0.03857421875 0.044147843942505136
0 0.215576171875 0.5205338809034907 0.0361328125 0.04106776180698152
0 0.244384765625 0.5231006160164271 0.0361328125 0.04568788501026694
0 0.290771484375 0.5315708418891171 0.04052734375 0.04055441478439425
0 0.319580078125 0.5215605749486653 0.0361328125 0.039014373716632446
0 0.304443359375 0.49075975359342916 0.037109375 0.04158110882956879
0 0.30029296875 0.45559548254620125 0.04052734375 0.04209445585215606
0 0.41796875 0.47997946611909653 0.03759765625 0.04055441478439425
0 0.44482421875 0.5010266940451745 0.0380859375 0.04004106776180698
0 0.490478515625 0.45046201232032856 0.0439453125 0.04106776180698152
0 0.492919921875 0.4124743326488706 0.04150390625 0.04106776180698152
0 0.355224609375 0.523870636550308 0.0400390625 0.038501026694045176
0 0.338623046875 0.5541581108829569 0.03759765625 0.04106776180698152
0 0.278076171875 0.5854722792607803 0.04052734375 0.04106776180698152
0 0.2119140625 0.5926591375770021 0.03955078125 0.039014373716632446
0 0.22802734375 0.6260266940451745 0.04052734375 0.04209445585215606
0 0.258544921875 0.614476386036961 0.03955078125 0.04209445585215606
0 0.298095703125 0.6108829568788501 0.041015625 0.047741273100616016
0 0.12744140625 0.641170431211499 0.04150390625 0.039527720739219716
0 0.088134765625 0.6984086242299795 0.037109375 0.03747433264887064
0 0.10205078125 0.7299794661190965 0.04052734375 0.043121149897330596
0 0.122314453125 0.6999486652977412 0.0341796875 0.04106776180698152
0 0.153564453125 0.7004620123203286 0.041015625 0.038501026694045176
0 0.185791015625 0.6832648870636551 0.04296875 0.044147843942505136
0 0.17626953125 0.6552874743326489 0.03955078125 0.04106776180698152
0 0.212646484375 0.6542607802874744 0.041015625 0.04260780287474333
0 0.21875 0.6858316221765913 0.0419921875 0.039527720739219716
0 0.240966796875 0.7091889117043121 0.0419921875 0.037987679671457907
0 0.25244140625 0.686858316221766 0.0380859375 0.039014373716632446
0 0.287841796875 0.7079055441478439 0.03955078125 0.038501026694045176
0 0.137451171875 0.7330595482546202 0.03515625 0.04209445585215606
0 0.168701171875 0.7235626283367557 0.0361328125 0.04004106776180698
0 0.1923828125 0.7543634496919918 0.0390625 0.03747433264887064
0 0.218505859375 0.7795174537987679 0.041015625 0.04209445585215606
0 0.185546875 0.7887577002053389 0.0419921875 0.04260780287474333
0 0.149169921875 0.795687885010267 0.03857421875 0.03696098562628337
0 0.17236328125 0.8226386036960985 0.04052734375 0.038501026694045176
0 0.207763671875 0.8108316221765913 0.0361328125 0.044661190965092405
0 0.24072265625 0.8388090349075975 0.041015625 0.037987679671457907
0 0.2744140625 0.8323921971252567 0.033203125 0.033367556468172486
0 0.2705078125 0.8629363449691991 0.0390625 0.03131416837782341
0 0.307373046875 0.851129363449692 0.03955078125 0.03696098562628337
0 0.2958984375 0.8850102669404517 0.04296875 0.04260780287474333
0 0.284423828125 0.9106776180698152 0.0390625 0.04158110882956879
0 0.312744140625 0.9232546201232033 0.0390625 0.04620123203285421
0 0.327880859375 0.8798767967145791 0.03515625 0.04568788501026694
0 0.321533203125 0.7802874743326489 0.0390625 0.04260780287474333
0 0.353759765625 0.7854209445585215 0.037109375 0.037987679671457907
0 0.3427734375 0.8198151950718686 0.0390625 0.04055441478439425
0 0.349853515625 0.851129363449692 0.03955078125 0.039527720739219716
0 0.467041015625 0.5539014373716632 0.0380859375 0.04260780287474333
0 0.43603515625 0.5723819301848049 0.03955078125 0.04055441478439425
0 0.399169921875 0.5870123203285421 0.0390625 0.037987679671457907
0 0.4248046875 0.6057494866529775 0.03515625 0.04158110882956879
0 0.45166015625 0.622946611909651 0.03759765625 0.038501026694045176
0 0.47265625 0.6414271047227926 0.0419921875 0.044661190965092405
0 0.45361328125 0.6614476386036962 0.03955078125 0.03490759753593429
0 0.48291015625 0.6763347022587269 0.0400390625 0.038501026694045176
0 0.35302734375 0.6768480492813141 0.03857421875 0.039014373716632446
0 0.381103515625 0.6922484599589322 0.041015625 0.04209445585215606
0 0.35400390625 0.715605749486653 0.03759765625 0.04158110882956879
0 0.3837890625 0.7240759753593429 0.041015625 0.039527720739219716
0 0.450439453125 0.6919917864476386 0.04052734375 0.043634496919917866
0 0.45361328125 0.7222792607802875 0.0390625 0.03696098562628337
0 0.45849609375 0.7551334702258727 0.0380859375 0.04568788501026694
0 0.43408203125 0.7908110882956879 0.0380859375 0.043121149897330596
0 0.413330078125 0.8190451745379876 0.0400390625 0.043634496919917866
0 0.42138671875 0.8534394250513347 0.0380859375 0.044147843942505136
0 0.536376953125 0.6226899383983573 0.033203125 0.043634496919917866
0 0.559814453125 0.5852156057494866 0.03857421875 0.043121149897330596
0 0.584716796875 0.5993326488706365 0.0361328125 0.047741273100616016
0 0.607666015625 0.6314168377823408 0.0341796875 0.045174537987679675
0 0.6748046875 0.5513347022587269 0.03955078125 0.044661190965092405
0 0.695068359375 0.5839322381930184 0.0380859375 0.04004106776180698
0 0.6884765625 0.6219199178644764 0.03955078125 0.043634496919917866
0 0.643310546875 0.6255133470225873 0.0390625 0.03542094455852156
0 0.666259765625 0.6498973305954825 0.0419921875 0.044147843942505136
0 0.769775390625 0.6062628336755647 0.03955078125 0.039014373716632446
0 0.767333984375 0.6393737166324436 0.0380859375 0.039527720739219716
0 0.800048828125 0.6534907597535934 0.04443359375 0.04106776180698152
0 0.7255859375 0.6298767967145791 0.0400390625 0.03747433264887064
0 0.736572265625 0.6558008213552361 0.03857421875 0.04158110882956879
0 0.52978515625 0.7979979466119097 0.03955078125 0.04158110882956879
0 0.486083984375 0.8580595482546202 0.03662109375 0.037987679671457907
0 0.416259765625 0.9240246406570842 0.03662109375 0.043634496919917866
0 0.4423828125 0.9373716632443532 0.03857421875 0.03696098562628337
0 0.3603515625 0.9460985626283368 0.04052734375 0.04106776180698152
0 0.39453125 0.9548254620123203 0.03369140625 0.04158110882956879
0 0.425048828125 0.9602156057494866 0.03662109375 0.039527720739219716
0 0.467041015625 0.9668891170431212 0.03662109375 0.045174537987679675
0 0.48095703125 0.8929671457905544 0.033203125 0.04158110882956879
0 0.505859375 0.9063141683778234 0.037109375 0.03696098562628337
0 0.52392578125 0.938911704312115 0.03857421875 0.043121149897330596
0 0.54248046875 0.9653490759753593 0.04296875 0.04722792607802875
0 0.594482421875 0.910164271047228 0.03662109375 0.043634496919917866
0 0.654296875 0.9096509240246407 0.04541015625 0.039527720739219716
0 0.642578125 0.9463552361396304 0.03564453125 0.039014373716632446
0 0.671875 0.9355749486652978 0.04443359375 0.04568788501026694
0 0.72216796875 0.6912217659137577 0.0390625 0.044661190965092405
0 0.70703125 0.726129363449692 0.04150390625 0.039014373716632446
0 0.670166015625 0.7227926078028748 0.04052734375 0.04260780287474333
0 0.628173828125 0.776694045174538 0.03857421875 0.04671457905544148
0 0.589599609375 0.7774640657084189 0.0400390625 0.044147843942505136
0 0.598876953125 0.8141683778234087 0.03955078125 0.044661190965092405
0 0.668701171875 0.7890143737166324 0.0390625 0.04620123203285421
0 0.68115234375 0.8098049281314168 0.04248046875 0.043121149897330596
0 0.71826171875 0.7877310061601642 0.0419921875 0.043634496919917866
0 0.75830078125 0.7700205338809035 0.03515625 0.039527720739219716
0 0.793701171875 0.7630903490759754 0.03662109375 0.039014373716632446
0 0.8134765625 0.7325462012320328 0.037109375 0.03234086242299795
0 0.848876953125 0.6950718685831622 0.04052734375 0.04209445585215606
0 0.88525390625 0.6712012320328542 0.0458984375 0.045174537987679675
0 0.851318359375 0.7328028747433265 0.0380859375 0.03696098562628337
0 0.8583984375 0.7656570841889117 0.03759765625 0.04158110882956879
0 0.82666015625 0.7679671457905544 0.0419921875 0.043121149897330596
0 0.8154296875 0.7926078028747433 0.04345703125 0.043634496919917866
0 0.779052734375 0.8000513347022588 0.0400390625 0.04106776180698152
0 0.746826171875 0.8051848049281314 0.0439453125 0.04106776180698152
0 0.767333984375 0.8341889117043121 0.0458984375 0.044147843942505136
0 0.798828125 0.8318788501026694 0.03955078125 0.04620123203285421
0 0.825927734375 0.8316221765913757 0.03857421875 0.039014373716632446
0 0.73876953125 0.8578028747433265 0.041015625 0.044147843942505136
0 0.7109375 0.8755133470225873 0.041015625 0.03593429158110883
0 0.174560546875 0.3470225872689938 0.04052734375 0.044147843942505136