0 0.753662109375 0.43634496919917864 0.03662109375 0.037987679671457907
0 0.17333984375 0.8305954825462012 0.03662109375 0.039014373716632446
0 0.30029296875 0.920687885010267 0.03662109375 0.039014373716632446
0 0.398193359375 0.9568788501026694 0.03564453125 0.03747433264887064
0 0.36279296875 0.9455852156057495 0.0361328125 0.039527720739219716
0 0.66357421875 0.8554928131416838 0.03662109375 0.04055441478439425
0 0.549072265625 0.8688398357289527 0.03466796875 0.03747433264887064
0 0.600341796875 0.4697125256673511 0.03662109375 0.03696098562628337
0 0.4638671875 0.9679158110882957 0.0341796875 0.03747433264887064
0 0.20263671875 0.856006160164271 0.03662109375 0.039014373716632446
0 0.650634765625 0.7944045174537988 0.0361328125 0.039014373716632446
0 0.5966796875 0.9253080082135524 0.0361328125 0.03747433264887064
0 0.947998046875 0.3896303901437372 0.03759765625 0.039014373716632446
0 0.40283203125 0.8852669404517454 0.03515625 0.039014373716632446
0 0.810546875 0.37089322381930184 0.0361328125 0.037987679671457907
0 0.452392578125 0.7150924024640657 0.03466796875 0.039527720739219716
0 0.86572265625 0.3452258726899384 0.0361328125 0.03747433264887064
0 0.774658203125 0.8590862422997947 0.037109375 0.03747433264887064
0 0.865478515625 0.5025667351129364 0.03857421875 0.04055441478439425
0 0.957763671875 0.5305441478439425 0.03759765625 0.04004106776180698
0 0.806884765625 0.8480492813141683 0.0361328125 0.038501026694045176
0 0.656005859375 0.5023100616016427 0.037109375 0.03593429158110883
0 0.92431640625 0.4463552361396304 0.03662109375 0.037987679671457907
0 0.9013671875 0.25179671457905545 0.0380859375 0.03696098562628337
0 0.60986328125 0.8901437371663244 0.03662109375 0.037987679671457907
0 0.575927734375 0.5392710472279261 0.0361328125 0.03747433264887064
0 0.517822265625 0.8698665297741273 0.03369140625 0.03696098562628337
0 0.46533203125 0.6152464065708418 0.03564453125 0.03747433264887064
0 0.417724609375 0.6919917864476386 0.03466796875 0.038501026694045176
0 0.69775390625 0.9224845995893224 0.037109375 0.039527720739219716
0 0.683837890625 0.4106776180698152 0.03564453125 0.03747433264887064
0 0.781494140625 0.24974332648870637 0.03662109375 0.037987679671457907
0 0.737060546875 0.2515400410677618 0.03662109375 0.037987679671457907
0 0.888916015625 0.4047741273100616 0.03564453125 0.037987679671457907
0 0.626220703125 0.632700205338809 0.03662109375 0.0364476386036961
0 0.50927734375 0.6932751540041068 0.03515625 0.039014373716632446
0 0.7041015625 0.7448665297741273 0.037109375 0.039527720739219716
0 0.85498046875 0.25051334702258726 0.03662109375 0.03747433264887064
0 0.922607421875 0.40939425051334705 0.03759765625 0.03747433264887064
0 0.902099609375 0.7163757700205339 0.03662109375 0.037987679671457907
0 0.509765625 0.8062114989733059 0.03466796875 0.03747433264887064
0 0.724365234375 0.8187885010266941 0.037109375 0.04004106776180698
0 0.269287109375 0.9052874743326489 0.03564453125 0.039014373716632446
0 0.83251953125 0.5313141683778234 0.03759765625 0.037987679671457907
0 0.732177734375 0.5166837782340863 0.03564453125 0.03747433264887064
0 0.92236328125 0.47741273100616016 0.037109375 0.037987679671457907
0 0.224365234375 0.6704312114989733 0.0361328125 0.039014373716632446
0 0.43115234375 0.9653490759753593 0.03515625 0.0364476386036961
0 0.2392578125 0.8852669404517454 0.0361328125 0.039014373716632446
0 0.5791015625 0.964835728952772 0.03662109375 0.03696098562628337
0 0.5498046875 0.39040041067761805 0.03515625 0.038501026694045176
0 0.633056640625 0.5290041067761807 0.03515625 0.03593429158110883
0 0.552734375 0.6719712525667351 0.03515625 0.039014373716632446
0 0.205322265625 0.8185318275154004 0.03564453125 0.04004106776180698
0 0.854248046875 0.7944045174537988 0.0380859375 0.039527720739219716
0 0.578369140625 0.40066735112936347 0.0341796875 0.0364476386036961
0 0.8828125 0.2276694045174538 0.0380859375 0.037987679671457907
0 0.796142578125 0.4928131416837782 0.037109375 0.039014373716632446
0 0.329345703125 0.9332648870636551 0.0361328125 0.03747433264887064
0 0.521484375 0.7374229979466119 0.03662109375 0.037987679671457907
0 0.723388671875 0.32186858316221767 0.037109375 0.03696098562628337
0 0.94384765625 0.6093429158110883 0.0361328125 0.04004106776180698
0 0.918212890625 0.5785420944558521 0.037109375 0.037987679671457907
0 0.705078125 0.5433778234086243 0.03759765625 0.03747433264887064
0 0.714111328125 0.48613963039014374 0.0361328125 0.0364476386036961
0 0.5927734375 0.6214065708418891 0.03662109375 0.038501026694045176
0 0.862548828125 0.4353182751540041 0.03515625 0.0364476386036961
0 0.42236328125 0.9127310061601642 0.0361328125 0.037987679671457907
0 0.414306640625 0.5759753593429158 0.03564453125 0.03747433264887064
0 0.602294921875 0.5993326488706365 0.037109375 0.03696098562628337
0 0.784423828125 0.3056981519507187 0.0380859375 0.03747433264887064
0 0.4580078125 0.5233572895277208 0.0361328125 0.037987679671457907
0 0.602783203125 0.9581622176591376 0.03564453125 0.03747433264887064
0 0.100341796875 0.7286960985626283 0.037109375 0.039527720739219716
0 0.912109375 0.622946611909651 0.037109375 0.039527720739219716
0 0.526123046875 0.4491786447638604 0.03515625 0.038501026694045176
0 0.391357421875 0.6036960985626283 0.03564453125 0.03696098562628337
0 0.5078125 0.4948665297741273 0.0361328125 0.038501026694045176
0 0.859130859375 0.1927618069815195 0.03857421875 0.038501026694045176
0 0.721923828125 0.3480492813141684 0.03662109375 0.03747433264887064
0 0.723388671875 0.7186858316221766 0.0380859375 0.039527720739219716
0 0.359375 0.49794661190965095 0.03662109375 0.038501026694045176
0 0.822265625 0.18865503080082136 0.037109375 0.038501026694045176
0 0.502197265625 0.3891170431211499 0.03662109375 0.037987679671457907
0 0.665283203125 0.936858316221766 0.037109375 0.037987679671457907
0 0.58154296875 0.32854209445585214 0.03564453125 0.0364476386036961
0 0.82080078125 0.24897330595482547 0.037109375 0.03747433264887064
0 0.609619140625 0.38526694045174537 0.03466796875 0.03747433264887064
0 0.3447265625 0.6768480492813141 0.0341796875 0.0364476386036961
0 0.753662109375 0.3655030800821355 0.03759765625 0.03593429158110883
0 0.34716796875 0.7425564681724846 0.03466796875 0.039014373716632446
0 0.697509765625 0.1943018480492813 0.03759765625 0.04004106776180698
0 0.84228515625 0.7592402464065708 0.0361328125 0.03747433264887064
0 0.181884765625 0.6280800821355236 0.03662109375 0.04055441478439425
0 0.274169921875 0.7222792607802875 0.03564453125 0.039527720739219716
0 0.778564453125 0.19070841889117043 0.037109375 0.038501026694045176
0 0.24658203125 0.7720739219712526 0.0361328125 0.038501026694045176
0 0.5390625 0.48254620123203285 0.03662109375 0.03747433264887064
0 0.929931640625 0.3141683778234086 0.03857421875 0.038501026694045176
0 0.80224609375 0.33572895277207393 0.0361328125 0.03747433264887064
0 0.136474609375 0.7279260780287474 0.0361328125 0.039014373716632446
0 0.2294921875 0.7061088295687885 0.03564453125 0.03747433264887064
0 0.392822265625 0.5087268993839835 0.03466796875 0.03747433264887064
0 0.277099609375 0.6052361396303901 0.0361328125 0.04004106776180698
0 0.637451171875 0.9486652977412731 0.03564453125 0.0364476386036961
0 0.740478515625 0.19173511293634496 0.03662109375 0.038501026694045176
0 0.951171875 0.5646817248459959 0.03662109375 0.039527720739219716
0 0.751708984375 0.47895277207392195 0.03466796875 0.0364476386036961
0 0.2646484375 0.5261806981519507 0.0498046875 0.049281314168377825
0 0.857421875 0.4027207392197125 0.0361328125 0.033880903490759756
0 0.84326171875 0.37089322381930184 0.044921875 0.052874743326488706
0 0.822509765625 0.39758726899383984 0.02880859375 0.037987679671457907
0 0.8779296875 0.36806981519507187 0.037109375 0.03490759753593429
0 0.900634765625 0.34265913757700206 0.03271484375 0.03593429158110883
0 0.86181640625 0.3092915811088296 0.044921875 0.04158110882956879
0 0.84130859375 0.27720739219712526 0.0361328125 0.04158110882956879
0 0.898193359375 0.5079568788501027 0.05078125 0.04620123203285421
0 0.894287109375 0.4353182751540041 0.03857421875 0.04106776180698152
0 0.903564453125 0.5528747433264887 0.03369140625 0.03696098562628337
0 0.87060546875 0.5623716632443532 0.04931640625 0.04722792607802875
0 0.888427734375 0.5929158110882957 0.037109375 0.039527720739219716
0 0.858642578125 0.5952258726899384 0.0419921875 0.049281314168377825
0 0.84912109375 0.6329568788501027 0.03955078125 0.039527720739219716
0 0.929931640625 0.6470739219712526 0.03515625 0.044661190965092405
0 0.8974609375 0.6524640657084189 0.04931640625 0.04055441478439425
0 0.8642578125 0.6586242299794661 0.03662109375 0.039014373716632446
0 0.886962890625 0.6922484599589322 0.041015625 0.0364476386036961
0 0.854736328125 0.6914784394250514 0.04150390625 0.047741273100616016
0 0.829345703125 0.6617043121149897 0.04052734375 0.04209445585215606
0 0.787353515625 0.6717145790554415 0.0439453125 0.043121149897330596
0 0.82177734375 0.6919917864476386 0.03955078125 0.03747433264887064
0 0.78173828125 0.6999486652977412 0.04296875 0.037987679671457907
0 0.752685546875 0.7174024640657084 0.04345703125 0.048254620123203286
0 0.79345703125 0.7281827515400411 0.03759765625 0.043121149897330596
0 0.83544921875 0.7207392197125256 0.0361328125 0.04158110882956879
0 0.818115234375 0.7571868583162218 0.0380859375 0.04106776180698152
0 0.78515625 0.7867043121149897 0.048828125 0.04209445585215606
0 0.827880859375 0.8193018480492813 0.0302734375 0.048254620123203286
0 0.793212890625 0.8210985626283368 0.03369140625 0.03696098562628337
0 0.7392578125 0.7510266940451745 0.044921875 0.047741273100616016
0 0.7373046875 0.6547741273100616 0.0361328125 0.030800821355236138
0 0.70361328125 0.646047227926078 0.04541015625 0.038501026694045176
0 0.796630859375 0.5202772073921971 0.041015625 0.04106776180698152
0 0.763671875 0.5017967145790554 0.04248046875 0.04671457905544148
0 0.72998046875 0.5454312114989733 0.04150390625 0.03593429158110883
0 0.62255859375 0.4951232032854209 0.0380859375 0.04158110882956879
0 0.604736328125 0.526694045174538 0.037109375 0.03747433264887064
0 0.56396484375 0.5749486652977412 0.03564453125 0.03542094455852156
0 0.542724609375 0.5485112936344969 0.04052734375 0.05082135523613963
0 0.39111328125 0.6429671457905544 0.0380859375 0.04620123203285421
0 0.57275390625 0.7707905544147844 0.03466796875 0.045174537987679675
0 0.53759765625 0.7677104722792608 0.03125 0.043634496919917866
0 0.6201171875 0.8015913757700205 0.033203125 0.043121149897330596
0 0.622802734375 0.8606262833675564 0.0390625 0.04671457905544148
0 0.712890625 0.8726899383983573 0.03955078125 0.03696098562628337
0 0.6435546875 0.8919404517453798 0.0361328125 0.044661190965092405
0 0.6318359375 0.9170944558521561 0.04736328125 0.049281314168377825
0 0.5537109375 0.9340349075975359 0.03662109375 0.04055441478439425
0 0.53955078125 0.9630390143737166 0.03759765625 0.052361396303901436
0 0.49853515625 0.9699691991786448 0.04443359375 0.045174537987679675
0 0.533203125 0.8364989733059548 0.0400390625 0.04260780287474333
0 0.4951171875 0.8264887063655031 0.041015625 0.045174537987679675
0 0.485107421875 0.8642197125256673 0.0302734375 0.04722792607802875
0 0.4541015625 0.848305954825462 0.02978515625 0.04158110882956879
0 0.475830078125 0.893993839835729 0.0439453125 0.044661190965092405
0 0.442138671875 0.87782340862423 0.03759765625 0.045174537987679675
0 0.451904296875 0.9327515400410678 0.04833984375 0.044147843942505136
0 0.356201171875 0.9111909650924025 0.046875 0.03747433264887064
0 0.24072265625 0.8503593429158111 0.03515625 0.050308008213552365
0 0.268310546875 0.7571868583162218 0.04052734375 0.04260780287474333
0 0.216064453125 0.7784907597535934 0.033203125 0.04158110882956879
0 0.177734375 0.794917864476386 0.04443359375 0.047741273100616016
0 0.781494140625 0.35831622176591377 0.0400390625 0.04722792607802875
0 0.83544921875 0.34060574948665295 0.029296875 0.04106776180698152