0 0.780517578125 0.13141683778234087 0.0419921875 0.044147843942505136
0 0.83984375 0.6244866529774127 0.0419921875 0.043634496919917866
0 0.62939453125 0.11396303901437371 0.04052734375 0.044147843942505136
0 0.943359375 0.6265400410677618 0.0400390625 0.04158110882956879
0 0.620361328125 0.15092402464065707 0.0400390625 0.04260780287474333
0 0.7978515625 0.49075975359342916 0.041015625 0.04209445585215606
0 0.818603515625 0.5531314168377823 0.04296875 0.044147843942505136
0 0.6796875 0.165041067761807 0.04052734375 0.043634496919917866
0 0.716064453125 0.5441478439425051 0.04052734375 0.04209445585215606
0 0.933349609375 0.6565708418891171 0.04150390625 0.04209445585215606
0 0.81201171875 0.5228439425051334 0.04150390625 0.04260780287474333
0 0.667724609375 0.6057494866529775 0.03955078125 0.04158110882956879
0 0.759033203125 0.4278747433264887 0.0400390625 0.043121149897330596
0 0.6279296875 0.41170431211498976 0.04052734375 0.043634496919917866
0 0.609619140625 0.5746919917864476 0.04052734375 0.04209445585215606
0 0.77734375 0.8087782340862423 0.0390625 0.04106776180698152
0 0.582275390625 0.4502053388090349 0.03955078125 0.04158110882956879
0 0.72412109375 0.4224845995893224 0.0419921875 0.044147843942505136
0 0.57958984375 0.300564681724846 0.041015625 0.043121149897330596
0 0.6162109375 0.5405544147843943 0.041015625 0.043121149897330596
0 0.512451171875 0.37063655030800824 0.03955078125 0.04260780287474333
0 0.827880859375 0.5893223819301848 0.0419921875 0.043634496919917866
0 0.763427734375 0.7058521560574949 0.04150390625 0.04260780287474333
0 0.590087890625 0.06955852156057495 0.0400390625 0.04158110882956879
0 0.92333984375 0.6901950718685832 0.04150390625 0.04260780287474333
0 0.519287109375 0.17530800821355236 0.041015625 0.043634496919917866
0 0.583740234375 0.03773100616016427 0.0400390625 0.043634496919917866
0 0.74658203125 0.5274640657084189 0.041015625 0.04158110882956879
0 0.877197265625 0.6332135523613963 0.0400390625 0.04209445585215606
0 0.51806640625 0.4748459958932238 0.04052734375 0.043121149897330596
0 0.603515625 0.6142197125256673 0.041015625 0.04260780287474333
0 0.7685546875 0.19763860369609856 0.0419921875 0.045174537987679675
0 0.844970703125 0.3177618069815195 0.04150390625 0.043634496919917866
0 0.7529296875 0.561858316221766 0.0419921875 0.043634496919917866
0 0.829345703125 0.6560574948665298 0.04052734375 0.04106776180698152
0 0.2890625 0.28234086242299794 0.04052734375 0.043121149897330596
0 0.589599609375 0.1735112936344969 0.0419921875 0.043121149897330596
0 0.777587890625 0.30236139630390146 0.04150390625 0.043121149897330596
0 0.6884765625 0.07135523613963039 0.0400390625 0.04260780287474333
0 0.855712890625 0.4240246406570842 0.04052734375 0.04158110882956879
0 0.44775390625 0.555441478439425 0.03955078125 0.04260780287474333
0 0.6708984375 0.7656570841889117 0.04052734375 0.04209445585215606
0 0.520263671875 0.027207392197125257 0.03955078125 0.04209445585215606
0 0.727294921875 0.5790554414784395 0.04052734375 0.043121149897330596
0 0.299072265625 0.22843942505133472 0.0400390625 0.04209445585215606
0 0.620849609375 0.29671457905544146 0.0390625 0.04055441478439425
0 0.671875 0.46791581108829566 0.0390625 0.04158110882956879
0 0.6884765625 0.11139630390143737 0.041015625 0.04260780287474333
0 0.66162109375 0.40939425051334705 0.04052734375 0.04158110882956879
0 0.82470703125 0.42736139630390146 0.04296875 0.045174537987679675
0 0.7607421875 0.7756673511293635 0.041015625 0.04209445585215606
0 0.914794921875 0.38193018480492813 0.04150390625 0.044147843942505136
0 0.886474609375 0.7648870636550308 0.04150390625 0.04209445585215606
0 0.275146484375 0.35241273100616016 0.0400390625 0.044147843942505136
0 0.311767578125 0.31596509240246407 0.041015625 0.043634496919917866
0 0.42333984375 0.03465092402464066 0.0400390625 0.043634496919917866
0 0.77685546875 0.7389630390143738 0.04150390625 0.04260780287474333
0 0.751953125 0.10908624229979466 0.04052734375 0.044147843942505136
0 0.579345703125 0.5952258726899384 0.03955078125 0.04260780287474333
0 0.9228515625 0.5595482546201233 0.0419921875 0.043634496919917866
0 0.65478515625 0.059548254620123205 0.04052734375 0.04260780287474333
0 0.692626953125 0.7040554414784395 0.0390625 0.04106776180698152
0 0.44091796875 0.3711498973305955 0.04052734375 0.04209445585215606
0 0.487060546875 0.04055441478439425 0.04052734375 0.04106776180698152
0 0.3369140625 0.3788501026694045 0.04150390625 0.043634496919917866
0 0.9423828125 0.40118069815195073 0.041015625 0.044147843942505136
0 0.70166015625 0.606006160164271 0.0400390625 0.04106776180698152
0 0.672607421875 0.31519507186858314 0.04150390625 0.044147843942505136
0 0.696533203125 0.6352669404517454 0.0400390625 0.04158110882956879
0 0.888427734375 0.5657084188911704 0.0419921875 0.043634496919917866
0 0.3818359375 0.044661190965092405 0.04296875 0.04568788501026694
0 0.446044921875 0.06416837782340862 0.0400390625 0.04260780287474333
0 0.830322265625 0.22073921971252566 0.04248046875 0.044661190965092405
0 0.956298828125 0.49948665297741274 0.041015625 0.043121149897330596
0 0.77685546875 0.16350102669404518 0.04248046875 0.044661190965092405
0 0.86669921875 0.792864476386037 0.0419921875 0.04158110882956879
0 0.76904296875 0.23305954825462014 0.0419921875 0.044661190965092405
0 0.859130859375 0.3798767967145791 0.0419921875 0.043121149897330596
0 0.287109375 0.11473305954825462 0.04150390625 0.045174537987679675
0 0.607421875 0.6511806981519507 0.04150390625 0.043121149897330596
0 0.570556640625 0.48973305954825463 0.04150390625 0.043121149897330596
0 0.726318359375 0.6840349075975359 0.04052734375 0.04004106776180698
0 0.838134765625 0.1845482546201232 0.04296875 0.04568788501026694
0 0.890625 0.260523613963039 0.04345703125 0.044147843942505136
0 0.425048828125 0.44224845995893225 0.03955078125 0.04106776180698152
0 0.62890625 0.08059548254620123 0.041015625 0.04260780287474333
0 0.8896484375 0.47664271047227924 0.04052734375 0.04260780287474333
0 0.828125 0.24845995893223818 0.0419921875 0.044661190965092405
0 0.624755859375 0.6845482546201233 0.0390625 0.04209445585215606
0 0.500244140625 0.5564681724845996 0.0400390625 0.04209445585215606
0 0.86376953125 0.6617043121149897 0.041015625 0.043121149897330596
0 0.9111328125 0.41812114989733057 0.041015625 0.045174537987679675
0 0.6630859375 0.3498459958932238 0.0400390625 0.04209445585215606
0 0.79296875 0.7725872689938398 0.041015625 0.04106776180698152
0 0.486083984375 0.6337268993839835 0.0400390625 0.044147843942505136
0 0.45654296875 0.029774127310061602 0.03857421875 0.04106776180698152
0 0.79541015625 0.2343429158110883 0.041015625 0.044661190965092405
0 0.9189453125 0.3239219712525667 0.04345703125 0.045174537987679675
0 0.39794921875 0.061601642710472276 0.04052734375 0.044661190965092405
0 0.48046875 0.5867556468172485 0.03759765625 0.04106776180698152
0 0.908935546875 0.2997946611909651 0.04296875 0.044147843942505136
0 0.595458984375 0.20713552361396304 0.0419921875 0.04568788501026694
0 0.81787109375 0.8429158110882957 0.0419921875 0.04209445585215606
0 0.586181640625 0.675564681724846 0.04150390625 0.043121149897330596
0 0.2900390625 0.07879876796714579 0.041015625 0.043121149897330596
0 0.25830078125 0.09342915811088295 0.04052734375 0.04260780287474333
0 0.329833984375 0.1696611909650924 0.04052734375 0.043634496919917866
0 0.841064453125 0.8185318275154004 0.0400390625 0.04106776180698152
0 0.72119140625 0.7610369609856262 0.04052734375 0.04260780287474333
0 0.7841796875 0.8449691991786448 0.0400390625 0.04106776180698152
0 0.242919921875 0.3557494866529774 0.04296875 0.045174537987679675
0 0.931884765625 0.35985626283367556 0.04150390625 0.04209445585215606
0 0.651611328125 0.7959445585215605 0.04248046875 0.045174537987679675
0 0.95068359375 0.4342915811088296 0.0419921875 0.044147843942505136
0 0.226318359375 0.11550308008213553 0.04052734375 0.043121149897330596
0 0.854736328125 0.3480492813141684 0.04150390625 0.043634496919917866
0 0.813232421875 0.16119096509240247 0.04248046875 0.045174537987679675
0 0.176513671875 0.20225872689938398 0.041015625 0.04260780287474333
0 0.364990234375 0.4027207392197125 0.041015625 0.043634496919917866
0 0.197998046875 0.138347022587269 0.041015625 0.043634496919917866
0 0.11962890625 0.23177618069815195 0.04345703125 0.044661190965092405
0 0.656494140625 0.056724845995893225 0.0390625 0.038501026694045176
0 0.42822265625 0.15605749486652978 0.04150390625 0.043121149897330596
0 0.708251953125 0.8275154004106776 0.0439453125 0.043634496919917866
0 0.45751953125 0.48023613963039014 0.0400390625 0.043121149897330596
0 0.2548828125 0.17838809034907596 0.04296875 0.044147843942505136
0 0.55712890625 0.6596509240246407 0.0390625 0.04106776180698152
0 0.761962890625 0.3970739219712526 0.03857421875 0.04106776180698152
0 0.80712890625 0.8074948665297741 0.0380859375 0.047741273100616016
0 0.853515625 0.7574435318275154 0.04296875 0.044661190965092405
0 0.821533203125 0.7512833675564682 0.04443359375 0.04722792607802875
0 0.80615234375 0.7217659137577002 0.04736328125 0.048254620123203286
0 0.904541015625 0.7371663244353183 0.04150390625 0.04620123203285421
0 0.87451171875 0.7294661190965093 0.041015625 0.050308008213552365
0 0.841552734375 0.7215092402464066 0.04052734375 0.049794661190965095
0 0.8955078125 0.6976386036960985 0.046875 0.04620123203285421
0 0.86083984375 0.6932751540041068 0.04345703125 0.04671457905544148
0 0.910400390625 0.6298767967145791 0.0439453125 0.04620123203285421
0 0.92138671875 0.5965092402464066 0.04052734375 0.04568788501026694
0 0.89306640625 0.6031827515400411 0.0400390625 0.048767967145790556
0 0.861328125 0.601129363449692 0.041015625 0.044661190965092405
0 0.956298828125 0.5479979466119097 0.04248046875 0.047741273100616016
0 0.93359375 0.5292607802874744 0.0390625 0.044661190965092405
0 0.905517578125 0.5164271047227926 0.0400390625 0.043634496919917866
0 0.87890625 0.5408110882956879 0.04296875 0.043121149897330596
0 0.847412109375 0.5310574948665298 0.04541015625 0.04568788501026694
0 0.734130859375 0.6160164271047228 0.0458984375 0.04106776180698152
0 0.7470703125 0.7410164271047228 0.04833984375 0.049794661190965095
0 0.63623046875 0.6314168377823408 0.04150390625 0.04671457905544148
0 0.9228515625 0.48716632443531827 0.04296875 0.04260780287474333
0 0.95458984375 0.4671457905544148 0.0419921875 0.04158110882956879
0 0.92236328125 0.455082135523614 0.0439453125 0.04260780287474333
0 0.87890625 0.32340862422997946 0.04150390625 0.043634496919917866
0 0.85693359375 0.2597535934291581 0.04150390625 0.039527720739219716
0 0.71435546875 0.15811088295687886 0.04052734375 0.048254620123203286
0 0.721923828125 0.12243326488706366 0.041015625 0.04722792607802875
0 0.71826171875 0.0885523613963039 0.046875 0.05082135523613963
0 0.66259765625 0.09830595482546202 0.0361328125 0.04568788501026694
0 0.620361328125 0.20046201232032854 0.0498046875 0.048254620123203286
0 0.62158203125 0.35164271047227924 0.03955078125 0.043634496919917866
0 0.597412109375 0.32828542094455854 0.04296875 0.043634496919917866
0 0.548828125 0.361652977412731 0.03955078125 0.04158110882956879
0 0.52490234375 0.33829568788501024 0.03857421875 0.04158110882956879
0 0.50830078125 0.30390143737166325 0.03515625 0.039014373716632446
0 0.46875 0.303388090349076 0.04052734375 0.04671457905544148
0 0.44140625 0.290041067761807 0.04345703125 0.044147843942505136
0 0.400390625 0.3893737166324435 0.04541015625 0.04620123203285421
0 0.371826171875 0.3311088295687885 0.0439453125 0.04722792607802875
0 0.3916015625 0.29876796714579057 0.041015625 0.043121149897330596
0 0.320068359375 0.28080082135523615 0.04541015625 0.04209445585215606
0 0.35107421875 0.2612936344969199 0.04345703125 0.04260780287474333
0 0.327880859375 0.4620123203285421 0.0517578125 0.048767967145790556
0 0.53173828125 0.5405544147843943 0.04296875 0.04671457905544148
0 0.578125 0.23998973305954827 0.041015625 0.04620123203285421
0 0.4853515625 0.07648870636550308 0.044921875 0.04671457905544148