0 0.88623046875 0.74435318275154 0.0439453125 0.04568788501026694
0 0.62255859375 0.705082135523614 0.0419921875 0.043121149897330596
0 0.73193359375 0.7484599589322382 0.0419921875 0.045174537987679675
0 0.8818359375 0.406570841889117 0.04296875 0.043121149897330596
0 0.86572265625 0.7138090349075975 0.04296875 0.043634496919917866
0 0.69775390625 0.7546201232032854 0.04345703125 0.044661190965092405
0 0.70556640625 0.920687885010267 0.04248046875 0.044661190965092405
0 0.53564453125 0.5308008213552361 0.04052734375 0.043634496919917866
0 0.7421875 0.8116016427104723 0.04150390625 0.043634496919917866
0 0.72021484375 0.49358316221765913 0.04052734375 0.04260780287474333
0 0.894287109375 0.4758726899383984 0.0419921875 0.044147843942505136
0 0.84716796875 0.39117043121149897 0.04150390625 0.043634496919917866
0 0.230224609375 0.7887577002053389 0.041015625 0.043121149897330596
0 0.883544921875 0.6493839835728953 0.04345703125 0.043634496919917866
0 0.781494140625 0.8221252566735113 0.04150390625 0.044147843942505136
0 0.438720703125 0.5567248459958932 0.04052734375 0.04260780287474333
0 0.840576171875 0.8090349075975359 0.0419921875 0.044147843942505136
0 0.47802734375 0.9717659137577002 0.0419921875 0.045174537987679675
0 0.772216796875 0.2751540041067762 0.04248046875 0.043634496919917866
0 0.360595703125 0.8126283367556468 0.041015625 0.043634496919917866
0 0.587158203125 0.8575462012320328 0.0400390625 0.043121149897330596
0 0.754150390625 0.462782340862423 0.04296875 0.044147843942505136
0 0.633544921875 0.9114476386036962 0.04052734375 0.043121149897330596
0 0.2548828125 0.7684804928131417 0.041015625 0.043121149897330596
0 0.621337890625 0.4992299794661191 0.04052734375 0.04260780287474333
0 0.87939453125 0.2171457905544148 0.04296875 0.043121149897330596
0 0.6103515625 0.7620636550308009 0.041015625 0.043121149897330596
0 0.39208984375 0.9240246406570842 0.041015625 0.044147843942505136
0 0.663330078125 0.8737166324435318 0.041015625 0.04260780287474333
0 0.865478515625 0.4912731006160164 0.04248046875 0.043634496919917866
0 0.69091796875 0.6919917864476386 0.04150390625 0.043121149897330596
0 0.816162109375 0.6635010266940452 0.04052734375 0.043121149897330596
0 0.557373046875 0.47125256673511295 0.04052734375 0.04209445585215606
0 0.897705078125 0.2456365503080082 0.0419921875 0.04209445585215606
0 0.73681640625 0.7802874743326489 0.04052734375 0.043121149897330596
0 0.59912109375 0.9242813141683778 0.0400390625 0.04260780287474333
0 0.818359375 0.8323921971252567 0.04248046875 0.044147843942505136
0 0.341064453125 0.9063141683778234 0.041015625 0.044147843942505136
0 0.602294921875 0.8906570841889117 0.04052734375 0.04260780287474333
0 0.78271484375 0.16529774127310062 0.0400390625 0.043121149897330596
0 0.42626953125 0.9348049281314168 0.03955078125 0.043634496919917866
0 0.854736328125 0.5734086242299795 0.04345703125 0.044147843942505136
0 0.949951171875 0.4040041067761807 0.04248046875 0.043634496919917866
0 0.869140625 0.34496919917864477 0.04296875 0.043634496919917866
0 0.732177734375 0.901694045174538 0.0419921875 0.044661190965092405
0 0.6298828125 0.7312628336755647 0.041015625 0.04158110882956879
0 0.91845703125 0.680441478439425 0.04150390625 0.04260780287474333
0 0.54736328125 0.9691991786447639 0.0419921875 0.043634496919917866
0 0.774169921875 0.7181724845995893 0.04150390625 0.043634496919917866
0 0.6494140625 0.6350102669404517 0.04052734375 0.04260780287474333
0 0.877197265625 0.375 0.04248046875 0.043634496919917866
0 0.49560546875 0.9355749486652978 0.041015625 0.044147843942505136
0 0.79052734375 0.5649383983572895 0.0419921875 0.044147843942505136
0 0.368408203125 0.4964065708418891 0.0419921875 0.043634496919917866
0 0.652587890625 0.3072381930184805 0.04150390625 0.043121149897330596
0 0.8623046875 0.24743326488706366 0.041015625 0.04209445585215606
0 0.78515625 0.4068275154004107 0.041015625 0.04158110882956879
0 0.285400390625 0.7076488706365504 0.04248046875 0.044661190965092405
0 0.810302734375 0.1406570841889117 0.04541015625 0.04620123203285421
0 0.63525390625 0.3639630390143737 0.041015625 0.04260780287474333
0 0.5791015625 0.29312114989733057 0.0419921875 0.043121149897330596
0 0.924560546875 0.30236139630390146 0.0439453125 0.044661190965092405
0 0.6201171875 0.2972279260780287 0.0400390625 0.04055441478439425
0 0.766845703125 0.3059548254620123 0.041015625 0.04158110882956879
0 0.48291015625 0.44840862422997946 0.03955078125 0.04055441478439425
0 0.916748046875 0.6052361396303901 0.04248046875 0.044661190965092405
0 0.57275390625 0.9419917864476386 0.041015625 0.043121149897330596
0 0.955322265625 0.5130903490759754 0.04296875 0.044661190965092405
0 0.344970703125 0.577258726899384 0.0419921875 0.043634496919917866
0 0.800048828125 0.7692505133470225 0.04248046875 0.043634496919917866
0 0.591064453125 0.3264887063655031 0.0400390625 0.04158110882956879
0 0.788818359375 0.24204312114989732 0.0419921875 0.044661190965092405
0 0.94482421875 0.37243326488706363 0.04150390625 0.044661190965092405
0 0.87109375 0.7720739219712526 0.04296875 0.04671457905544148
0 0.37841796875 0.5295174537987679 0.04150390625 0.04158110882956879
0 0.86865234375 0.3118583162217659 0.04150390625 0.04260780287474333
0 0.62255859375 0.330082135523614 0.03955078125 0.04158110882956879
0 0.522705078125 0.3475359342915811 0.04248046875 0.045174537987679675
0 0.24169921875 0.7335728952772074 0.0419921875 0.044147843942505136
0 0.691650390625 0.3200718685831622 0.0400390625 0.04055441478439425
0 0.653564453125 0.46534907597535935 0.0419921875 0.04209445585215606
0 0.707763671875 0.2671971252566735 0.041015625 0.04209445585215606
0 0.867431640625 0.5387577002053389 0.04248046875 0.04568788501026694
0 0.322509765625 0.7194558521560575 0.04345703125 0.04568788501026694
0 0.345703125 0.6968685831622177 0.04150390625 0.043121149897330596
0 0.590576171875 0.9617556468172485 0.04052734375 0.04158110882956879
0 0.505615234375 0.3891170431211499 0.03857421875 0.04106776180698152
0 0.631103515625 0.5649383983572895 0.041015625 0.04209445585215606
0 0.562255859375 0.8688398357289527 0.03955078125 0.044147843942505136
0 0.571533203125 0.9412217659137577 0.03955078125 0.04158110882956879
0 0.518798828125 0.43044147843942504 0.0400390625 0.04158110882956879
0 0.81494140625 0.18095482546201233 0.0419921875 0.044661190965092405
0 0.314208984375 0.9322381930184805 0.041015625 0.044661190965092405
0 0.890625 0.5495379876796714 0.04248046875 0.04620123203285421
0 0.74267578125 0.13809034907597537 0.03955078125 0.04158110882956879
0 0.69140625 0.21560574948665298 0.041015625 0.04260780287474333
0 0.3388671875 0.6206365503080082 0.04296875 0.044661190965092405
0 0.1923828125 0.7800308008213552 0.04248046875 0.045174537987679675
0 0.92431640625 0.43044147843942504 0.0419921875 0.04568788501026694
0 0.5205078125 0.31006160164271046 0.04150390625 0.043121149897330596
0 0.3740234375 0.9555954825462012 0.0400390625 0.043634496919917866
0 0.75048828125 0.428388090349076 0.04150390625 0.04209445585215606
0 0.591552734375 0.2389630390143737 0.041015625 0.043634496919917866
0 0.428466796875 0.7656570841889117 0.041015625 0.043634496919917866
0 0.748291015625 0.17248459958932238 0.0400390625 0.04106776180698152
0 0.7109375 0.14912731006160165 0.04345703125 0.044147843942505136
0 0.46875 0.3839835728952772 0.0419921875 0.043121149897330596
0 0.88916015625 0.580082135523614 0.04345703125 0.045174537987679675
0 0.442626953125 0.49820328542094455 0.0390625 0.04158110882956879
0 0.523681640625 0.26771047227926076 0.04052734375 0.044661190965092405
0 0.27734375 0.839835728952772 0.041015625 0.043634496919917866
0 0.407470703125 0.962782340862423 0.0419921875 0.044147843942505136
0 0.617431640625 0.2112422997946612 0.04150390625 0.044661190965092405
0 0.65771484375 0.20354209445585217 0.04248046875 0.04568788501026694
0 0.58837890625 0.6149897330595483 0.041015625 0.043634496919917866
0 0.83642578125 0.15990759753593428 0.05126953125 0.049281314168377825
0 0.83349609375 0.20662217659137577 0.046875 0.048767967145790556
0 0.802001953125 0.2148357289527721 0.0419921875 0.04568788501026694
0 0.760498046875 0.2292094455852156 0.04345703125 0.048767967145790556
0 0.90625 0.2728439425051335 0.05908203125 0.053901437371663245
0 0.710693359375 0.39117043121149897 0.046875 0.049281314168377825
0 0.952880859375 0.4430184804928131 0.04443359375 0.049794661190965095
0 0.9267578125 0.5315708418891171 0.05078125 0.050308008213552365
0 0.88916015625 0.516170431211499 0.048828125 0.048254620123203286
0 0.923828125 0.46457905544147843 0.0400390625 0.04209445585215606
0 0.556640625 0.4355749486652977 0.0478515625 0.054928131416837785
0 0.515380859375 0.4674024640657084 0.04736328125 0.050308008213552365
0 0.587890625 0.48716632443531827 0.0439453125 0.04620123203285421
0 0.55810546875 0.49974332648870634 0.03955078125 0.048767967145790556
0 0.536865234375 0.561088295687885 0.04931640625 0.04722792607802875
0 0.74755859375 0.5017967145790554 0.04541015625 0.050308008213552365
0 0.77294921875 0.5128336755646817 0.04736328125 0.052874743326488706
0 0.788818359375 0.6070328542094456 0.03955078125 0.05184804928131417
0 0.7578125 0.6293634496919918 0.0458984375 0.050308008213552365
0 0.7216796875 0.6719712525667351 0.0458984375 0.04158110882956879
0 0.716064453125 0.7153490759753593 0.0458984375 0.050308008213552365
0 0.743896484375 0.6996919917864476 0.04541015625 0.049794661190965095
0 0.919677734375 0.6501540041067762 0.04541015625 0.04568788501026694
0 0.94580078125 0.6206365503080082 0.04052734375 0.04158110882956879
0 0.94482421875 0.5893223819301848 0.0498046875 0.055441478439425054
0 0.443603515625 0.6147330595482546 0.04638671875 0.053388090349075976
0 0.417236328125 0.5859856262833676 0.04638671875 0.050308008213552365
0 0.407958984375 0.62782340862423 0.04052734375 0.053388090349075976
0 0.373779296875 0.6298767967145791 0.0478515625 0.048254620123203286
0 0.48828125 0.6121663244353183 0.0498046875 0.04722792607802875
0 0.470947265625 0.6373203285420944 0.04150390625 0.04158110882956879
0 0.49853515625 0.6575975359342916 0.04638671875 0.048254620123203286
0 0.549560546875 0.6511806981519507 0.0458984375 0.044147843942505136
0 0.5302734375 0.6799281314168378 0.05029296875 0.04722792607802875
0 0.594970703125 0.6855749486652978 0.0390625 0.04620123203285421
0 0.658935546875 0.6688911704312115 0.0556640625 0.049794661190965095
0 0.588134765625 0.707135523613963 0.03955078125 0.04260780287474333
0 0.557861328125 0.7189425051334702 0.046875 0.052361396303901436
0 0.5439453125 0.7466632443531828 0.0400390625 0.043121149897330596
0 0.485107421875 0.7081622176591376 0.044921875 0.049794661190965095
0 0.440185546875 0.6519507186858317 0.0498046875 0.048767967145790556
0 0.426025390625 0.6806981519507187 0.03662109375 0.04004106776180698
0 0.440673828125 0.74152977412731 0.0380859375 0.044147843942505136
0 0.33544921875 0.7874743326488707 0.04296875 0.043121149897330596
0 0.275390625 0.8003080082135524 0.046875 0.04722792607802875
0 0.49853515625 0.7820841889117043 0.0517578125 0.049281314168377825
0 0.497802734375 0.8364989733059548 0.041015625 0.047741273100616016
0 0.536865234375 0.839835728952772 0.04736328125 0.047741273100616016
0 0.5224609375 0.8629363449691991 0.04736328125 0.047741273100616016
0 0.671875 0.7761806981519507 0.04443359375 0.04568788501026694
0 0.67919921875 0.8121149897330595 0.044921875 0.0513347022587269
0 0.687744140625 0.8501026694045175 0.0517578125 0.054414784394250515
0 0.7255859375 0.8667864476386037 0.0419921875 0.050308008213552365
0 0.80615234375 0.8013347022587269 0.05419921875 0.0513347022587269
0 0.76025390625 0.8783367556468172 0.05224609375 0.048767967145790556
0 0.629638671875 0.8762833675564682 0.044921875 0.045174537987679675
0 0.5830078125 0.8221252566735113 0.04150390625 0.044147843942505136
0 0.567626953125 0.8983572895277208 0.04541015625 0.04568788501026694
0 0.40673828125 0.7979979466119097 0.0576171875 0.061088295687885014
0 0.90234375 0.7145790554414785 0.04541015625 0.05082135523613963