0 0.600341796875 0.43403490759753593 0.0400390625 0.04106776180698152
0 0.556884765625 0.040811088295687886 0.03955078125 0.043634496919917866
0 0.653564453125 0.057238193018480495 0.03857421875 0.04158110882956879
0 0.569580078125 0.38424024640657084 0.04052734375 0.04260780287474333
0 0.685302734375 0.06955852156057495 0.0390625 0.04158110882956879
0 0.68701171875 0.5315708418891171 0.0419921875 0.04260780287474333
0 0.7568359375 0.10882956878850103 0.041015625 0.043121149897330596
0 0.185546875 0.2587268993839836 0.0400390625 0.04260780287474333
0 0.765625 0.4548254620123203 0.0400390625 0.04106776180698152
0 0.47216796875 0.030287474332648872 0.0390625 0.04260780287474333
0 0.6875 0.11088295687885011 0.04052734375 0.04055441478439425
0 0.939208984375 0.3788501026694045 0.04150390625 0.043634496919917866
0 0.628173828125 0.08290554414784394 0.04150390625 0.043634496919917866
0 0.886474609375 0.3942505133470226 0.0419921875 0.043634496919917866
0 0.794189453125 0.5444045174537988 0.0400390625 0.04055441478439425
0 0.523193359375 0.02797741273100616 0.04150390625 0.043634496919917866
0 0.75048828125 0.5577515400410678 0.041015625 0.04106776180698152
0 0.725830078125 0.09111909650924024 0.041015625 0.04260780287474333
0 0.624267578125 0.047741273100616016 0.0400390625 0.04158110882956879
0 0.575439453125 0.4540554414784394 0.0400390625 0.04106776180698152
0 0.692626953125 0.21637577002053388 0.04150390625 0.043121149897330596
0 0.86181640625 0.3180184804928131 0.04052734375 0.04106776180698152
0 0.954833984375 0.5590349075975359 0.04150390625 0.04260780287474333
0 0.844482421875 0.3424024640657084 0.0400390625 0.04106776180698152
0 0.69189453125 0.31365503080082136 0.04052734375 0.043634496919917866
0 0.860595703125 0.42068788501026694 0.0400390625 0.04055441478439425
0 0.175048828125 0.29799794661190965 0.0419921875 0.043634496919917866
0 0.753662109375 0.3452258726899384 0.0400390625 0.043121149897330596
0 0.53076171875 0.1293634496919918 0.03955078125 0.043634496919917866
0 0.5361328125 0.2559034907597536 0.03955078125 0.04106776180698152
0 0.723876953125 0.6098562628336756 0.041015625 0.04158110882956879
0 0.704345703125 0.4622689938398357 0.0419921875 0.04209445585215606
0 0.84912109375 0.48408624229979463 0.041015625 0.04209445585215606
0 0.5947265625 0.06827515400410678 0.0400390625 0.04055441478439425
0 0.641845703125 0.641170431211499 0.0400390625 0.04158110882956879
0 0.586669921875 0.0364476386036961 0.03955078125 0.04158110882956879
0 0.27001953125 0.09163244353182752 0.041015625 0.043121149897330596
0 0.43115234375 0.45046201232032856 0.0400390625 0.043121149897330596
0 0.80908203125 0.15272073921971252 0.041015625 0.04260780287474333
0 0.694580078125 0.5970225872689938 0.03955078125 0.04106776180698152
0 0.328125 0.0587782340862423 0.04052734375 0.04158110882956879
0 0.173828125 0.2112422997946612 0.04052734375 0.043634496919917866
0 0.5498046875 0.5459445585215605 0.041015625 0.043634496919917866
0 0.58447265625 0.4879363449691992 0.04296875 0.045174537987679675
0 0.692138671875 0.4989733059548255 0.04052734375 0.043634496919917866
0 0.53857421875 0.3703798767967146 0.03955078125 0.04209445585215606
0 0.8212890625 0.46047227926078027 0.041015625 0.043121149897330596
0 0.232421875 0.11473305954825462 0.04150390625 0.04209445585215606
0 0.457275390625 0.5349075975359343 0.041015625 0.04260780287474333
0 0.9248046875 0.49691991786447637 0.04150390625 0.04209445585215606
0 0.783447265625 0.5123203285420944 0.041015625 0.04004106776180698
0 0.208251953125 0.21534907597535935 0.041015625 0.044147843942505136
0 0.27587890625 0.3834702258726899 0.04345703125 0.045174537987679675
0 0.726318359375 0.32828542094455854 0.04052734375 0.044147843942505136
0 0.656494140625 0.5952258726899384 0.041015625 0.04260780287474333
0 0.39794921875 0.039527720739219716 0.041015625 0.04260780287474333
0 0.32763671875 0.43865503080082136 0.03955078125 0.04209445585215606
0 0.31982421875 0.31724845995893225 0.0400390625 0.043634496919917866
0 0.882080078125 0.4709958932238193 0.04150390625 0.043121149897330596
0 0.92822265625 0.3413757700205339 0.0390625 0.04106776180698152
0 0.464111328125 0.28952772073921973 0.03759765625 0.04106776180698152
0 0.63330078125 0.4186344969199179 0.0400390625 0.04055441478439425
0 0.72021484375 0.5728952772073922 0.04052734375 0.04158110882956879
0 0.404296875 0.28952772073921973 0.041015625 0.043634496919917866
0 0.954833984375 0.4792094455852156 0.04150390625 0.043634496919917866
0 0.271240234375 0.42530800821355236 0.04052734375 0.043121149897330596
0 0.802490234375 0.2061088295687885 0.041015625 0.043634496919917866
0 0.64697265625 0.6732546201232033 0.0400390625 0.04158110882956879
0 0.367919921875 0.425564681724846 0.04052734375 0.04260780287474333
0 0.749267578125 0.6925051334702259 0.0390625 0.04004106776180698
0 0.21923828125 0.31288501026694043 0.0400390625 0.043634496919917866
0 0.715087890625 0.6434804928131417 0.041015625 0.04209445585215606
0 0.86376953125 0.5546714579055442 0.041015625 0.04260780287474333
0 0.582763671875 0.6786447638603696 0.0400390625 0.043121149897330596
0 0.375244140625 0.49332648870636553 0.041015625 0.044661190965092405
0 0.659423828125 0.5097535934291582 0.04150390625 0.043121149897330596
0 0.156005859375 0.18480492813141683 0.0390625 0.04158110882956879
0 0.49560546875 0.5390143737166324 0.0400390625 0.04209445585215606
0 0.54248046875 0.6201232032854209 0.04052734375 0.04209445585215606
0 0.618896484375 0.6937885010266941 0.041015625 0.043634496919917866
0 0.178955078125 0.1570841889117043 0.03857421875 0.04209445585215606
0 0.955078125 0.4527720739219713 0.04150390625 0.04055441478439425
0 0.1328125 0.21149897330595482 0.041015625 0.04209445585215606
0 0.917724609375 0.6029260780287474 0.03955078125 0.04055441478439425
0 0.557373046875 0.6491273100616016 0.04052734375 0.04158110882956879
0 0.885498046875 0.6129363449691991 0.04150390625 0.043121149897330596
0 0.78369140625 0.13295687885010268 0.04052734375 0.043121149897330596
0 0.89306640625 0.2702772073921971 0.0439453125 0.04620123203285421
0 0.908447265625 0.6360369609856262 0.04150390625 0.04209445585215606
0 0.876220703125 0.2874743326488706 0.041015625 0.044661190965092405
0 0.725341796875 0.7158624229979466 0.04248046875 0.044147843942505136
0 0.84765625 0.8203285420944558 0.0400390625 0.04004106776180698
0 0.7841796875 0.8267453798767967 0.04736328125 0.053388090349075976
0 0.841796875 0.7856776180698152 0.04931640625 0.050308008213552365
0 0.88623046875 0.5785420944558521 0.04248046875 0.049281314168377825
0 0.92724609375 0.5315708418891171 0.05078125 0.048254620123203286
0 0.885498046875 0.43737166324435317 0.04150390625 0.04722792607802875
0 0.91650390625 0.4196611909650924 0.0341796875 0.048254620123203286
0 0.906494140625 0.37782340862423 0.0400390625 0.047741273100616016
0 0.79833984375 0.39399383983572894 0.04248046875 0.044147843942505136
0 0.767578125 0.3773100616016427 0.04345703125 0.04260780287474333
0 0.790283203125 0.35523613963039014 0.037109375 0.04620123203285421
0 0.795654296875 0.2954312114989733 0.04638671875 0.05082135523613963
0 0.760498046875 0.2946611909650924 0.04443359375 0.047741273100616016
0 0.72265625 0.29286447638603696 0.04638671875 0.048767967145790556
0 0.736083984375 0.2587268993839836 0.0458984375 0.05082135523613963
0 0.7763671875 0.2620636550308008 0.05322265625 0.049281314168377825
0 0.75732421875 0.23536960985626285 0.044921875 0.04568788501026694
0 0.79150390625 0.23382956878850103 0.0400390625 0.044147843942505136
0 0.82958984375 0.22664271047227927 0.048828125 0.04106776180698152
0 0.849853515625 0.20944558521560575 0.048828125 0.054928131416837785
0 0.827880859375 0.18737166324435317 0.05126953125 0.05646817248459959
0 0.767822265625 0.20713552361396304 0.04736328125 0.0513347022587269
0 0.747314453125 0.18583162217659138 0.03173828125 0.049281314168377825
0 0.779296875 0.1696611909650924 0.04736328125 0.047741273100616016
0 0.74951171875 0.14964065708418892 0.04150390625 0.04209445585215606
0 0.720703125 0.15580082135523615 0.03466796875 0.04209445585215606
0 0.708740234375 0.17967145790554415 0.03271484375 0.048767967145790556
0 0.67919921875 0.17248459958932238 0.03125 0.038501026694045176
0 0.65869140625 0.199435318275154 0.03466796875 0.038501026694045176
0 0.627685546875 0.1948151950718686 0.03076171875 0.0364476386036961
0 0.59130859375 0.2068788501026694 0.03466796875 0.044147843942505136
0 0.75048828125 0.5246406570841889 0.05029296875 0.061088295687885014
0 0.67041015625 0.4697125256673511 0.0556640625 0.049281314168377825
0 0.72705078125 0.4697125256673511 0.04248046875 0.04004106776180698
0 0.7373046875 0.4309548254620123 0.0390625 0.04568788501026694
0 0.70556640625 0.41786447638603696 0.04833984375 0.044147843942505136
0 0.662841796875 0.36704312114989734 0.04248046875 0.04055441478439425
0 0.570068359375 0.3521560574948665 0.046875 0.052361396303901436
0 0.34521484375 0.406570841889117 0.0439453125 0.04722792607802875
0 0.52587890625 0.30159137577002054 0.04345703125 0.04620123203285421
0 0.494140625 0.31237166324435317 0.0400390625 0.0513347022587269
0 0.55078125 0.28850102669404515 0.0439453125 0.04209445585215606
0 0.5732421875 0.25924024640657084 0.0419921875 0.04722792607802875
0 0.5546875 0.19763860369609856 0.04541015625 0.04722792607802875
0 0.510986328125 0.19609856262833675 0.04052734375 0.04620123203285421
0 0.48193359375 0.175564681724846 0.04248046875 0.039527720739219716
0 0.4853515625 0.14450718685831623 0.04638671875 0.04671457905544148
0 0.52685546875 0.1645277207392197 0.0478515625 0.049281314168377825
0 0.556640625 0.15631416837782341 0.04931640625 0.052361396303901436
0 0.58447265625 0.18095482546201233 0.048828125 0.04209445585215606
0 0.621826171875 0.1696611909650924 0.0419921875 0.054414784394250515
0 0.64892578125 0.16658110882956878 0.03515625 0.043634496919917866
0 0.653564453125 0.14014373716632444 0.0380859375 0.055441478439425054
0 0.718994140625 0.12012320328542095 0.04248046875 0.04620123203285421
0 0.66064453125 0.09240246406570841 0.048828125 0.048767967145790556
0 0.531005859375 0.10087268993839836 0.05126953125 0.054414784394250515
0 0.523681640625 0.0669917864476386 0.0390625 0.05184804928131417
0 0.455078125 0.1583675564681725 0.04833984375 0.050308008213552365
0 0.456298828125 0.11344969199178645 0.041015625 0.049794661190965095
0 0.429931640625 0.13321355236139631 0.03466796875 0.043634496919917866
0 0.41748046875 0.1668377823408624 0.046875 0.050308008213552365
0 0.3857421875 0.18506160164271046 0.04443359375 0.04671457905544148
0 0.3798828125 0.22433264887063656 0.0439453125 0.049794661190965095
0 0.346923828125 0.21252566735112938 0.0498046875 0.058521560574948665
0 0.315673828125 0.20046201232032854 0.03662109375 0.049281314168377825
0 0.262939453125 0.20585215605749488 0.04541015625 0.052361396303901436
0 0.23046875 0.19019507186858317 0.04248046875 0.0513347022587269
0 0.207275390625 0.18172484599589322 0.03857421875 0.05646817248459959
0 0.232421875 0.15143737166324436 0.04150390625 0.055441478439425054
0 0.47802734375 0.08162217659137577 0.04736328125 0.058521560574948665
0 0.455078125 0.0669917864476386 0.04150390625 0.054414784394250515
0 0.42333984375 0.09753593429158111 0.04296875 0.050308008213552365
0 0.41650390625 0.059291581108829566 0.05029296875 0.057494866529774126
0 0.401123046875 0.11190965092402463 0.0419921875 0.052361396303901436
0 0.3681640625 0.10369609856262833 0.04638671875 0.061601642710472276
0 0.34033203125 0.08803901437371663 0.0400390625 0.050308008213552365
0 0.32958984375 0.12833675564681724 0.03759765625 0.047741273100616016
0 0.2978515625 0.10985626283367557 0.0498046875 0.049281314168377825
0 0.302978515625 0.07109856262833676 0.04248046875 0.043121149897330596
0 0.29931640625 0.14912731006160165 0.03955078125 0.0513347022587269
0 0.259765625 0.12217659137577003 0.0478515625 0.053388090349075976
0 0.3173828125 0.16632443531827515 0.048828125 0.044147843942505136
0 0.211181640625 0.13680698151950718 0.04736328125 0.049281314168377825