0 0.85986328125 0.7854209445585215 0.04052734375 0.04158110882956879
0 0.6015625 0.7174024640657084 0.03857421875 0.04004106776180698
0 0.7060546875 0.7725872689938398 0.03857421875 0.04158110882956879
0 0.888916015625 0.4489219712525667 0.03955078125 0.039527720739219716
0 0.842529296875 0.75282340862423 0.0400390625 0.04004106776180698
0 0.671142578125 0.7751540041067762 0.0400390625 0.04106776180698152
0 0.66259765625 0.9409650924024641 0.0390625 0.04106776180698152
0 0.532470703125 0.5346509240246407 0.037109375 0.04004106776180698
0 0.7099609375 0.8364989733059548 0.0380859375 0.04004106776180698
0 0.7197265625 0.5177104722792608 0.037109375 0.039527720739219716
0 0.89453125 0.5192505133470225 0.0390625 0.04055441478439425
0 0.85595703125 0.4299281314168378 0.03857421875 0.04004106776180698
0 0.202880859375 0.7574435318275154 0.0380859375 0.04004106776180698
0 0.866455078125 0.6907084188911704 0.0400390625 0.04004106776180698
0 0.748046875 0.851129363449692 0.03857421875 0.04055441478439425
0 0.433349609375 0.5497946611909651 0.037109375 0.039014373716632446
0 0.807861328125 0.8447125256673511 0.03857421875 0.04106776180698152
0 0.43115234375 0.9666324435318275 0.03857421875 0.04209445585215606
0 0.793212890625 0.30621149897330596 0.0390625 0.04004106776180698
0 0.330322265625 0.7954312114989733 0.03759765625 0.04055441478439425
0 0.55126953125 0.8652464065708418 0.03662109375 0.04004106776180698
0 0.75634765625 0.4910164271047228 0.0400390625 0.04055441478439425
0 0.591796875 0.9240246406570842 0.037109375 0.039527720739219716
0 0.229736328125 0.7402464065708418 0.03759765625 0.04004106776180698
0 0.620849609375 0.5125770020533881 0.037109375 0.039014373716632446
0 0.9052734375 0.260523613963039 0.0400390625 0.039527720739219716
0 0.583740234375 0.7728439425051334 0.0380859375 0.04004106776180698
0 0.3505859375 0.9099075975359343 0.03759765625 0.04055441478439425
0 0.625244140625 0.8896303901437371 0.0380859375 0.039014373716632446
0 0.8642578125 0.5313141683778234 0.0390625 0.04004106776180698
0 0.670654296875 0.7117556468172485 0.03857421875 0.039527720739219716
0 0.79833984375 0.6973819301848049 0.037109375 0.04004106776180698
0 0.56005859375 0.4779260780287474 0.037109375 0.039014373716632446
0 0.9208984375 0.29081108829568786 0.0390625 0.038501026694045176
0 0.707763671875 0.8049281314168378 0.037109375 0.04004106776180698
0 0.556396484375 0.9327515400410678 0.037109375 0.039014373716632446
0 0.78369140625 0.8655030800821355 0.0390625 0.04055441478439425
0 0.301513671875 0.8865503080082136 0.03759765625 0.04106776180698152
0 0.562744140625 0.8998973305954825 0.03759765625 0.039014373716632446
0 0.814453125 0.19815195071868583 0.03662109375 0.039527720739219716
0 0.38330078125 0.9242813141683778 0.0361328125 0.04055441478439425
0 0.845458984375 0.6119096509240246 0.04052734375 0.04055441478439425
0 0.95703125 0.4540554414784394 0.0390625 0.04004106776180698
0 0.882568359375 0.38655030800821355 0.0400390625 0.04004106776180698
0 0.69091796875 0.9247946611909651 0.03857421875 0.04106776180698152
0 0.60595703125 0.74435318275154 0.03759765625 0.038501026694045176
0 0.898193359375 0.7253593429158111 0.03857421875 0.039014373716632446
0 0.50048828125 0.9717659137577002 0.03857421875 0.04004106776180698
0 0.7509765625 0.74717659137577 0.0380859375 0.04055441478439425
0 0.635009765625 0.6506673511293635 0.037109375 0.039014373716632446
0 0.8876953125 0.41709445585215604 0.0390625 0.04055441478439425
0 0.452392578125 0.9327515400410678 0.0380859375 0.04055441478439425
0 0.782470703125 0.5965092402464066 0.03857421875 0.04055441478439425
0 0.36962890625 0.4820328542094456 0.03857421875 0.04055441478439425
0 0.6708984375 0.32494866529774125 0.0380859375 0.039527720739219716
0 0.88525390625 0.2887577002053388 0.03759765625 0.038501026694045176
0 0.79296875 0.43865503080082136 0.0380859375 0.037987679671457907
0 0.265869140625 0.6830082135523614 0.0390625 0.04106776180698152
0 0.84423828125 0.17659137577002054 0.0419921875 0.04260780287474333
0 0.648193359375 0.3796201232032854 0.03759765625 0.039014373716632446
0 0.59912109375 0.30313141683778233 0.03857421875 0.039527720739219716
0 0.94189453125 0.35010266940451745 0.041015625 0.04055441478439425
0 0.6396484375 0.31134496919917864 0.037109375 0.03747433264887064
0 0.78466796875 0.3362422997946612 0.0380859375 0.037987679671457907
0 0.488037109375 0.44686858316221767 0.03662109375 0.03696098562628337
0 0.90380859375 0.6504106776180698 0.0390625 0.04106776180698152
0 0.5283203125 0.9476386036960985 0.03759765625 0.039527720739219716
0 0.951416015625 0.563141683778234 0.03955078125 0.04106776180698152
0 0.338134765625 0.5598049281314168 0.03857421875 0.04055441478439425
0 0.771484375 0.800564681724846 0.03955078125 0.04004106776180698
0 0.60791015625 0.3375256673511294 0.037109375 0.038501026694045176
0 0.81298828125 0.2751540041067762 0.03857421875 0.04106776180698152
0 0.954833984375 0.4219712525667351 0.0380859375 0.04106776180698152
0 0.842041015625 0.8113449691991786 0.03955078125 0.043121149897330596
0 0.376220703125 0.516170431211499 0.03857421875 0.037987679671457907
0 0.885498046875 0.3531827515400411 0.03857421875 0.039014373716632446
0 0.638671875 0.3444558521560575 0.03662109375 0.038501026694045176
0 0.537841796875 0.3508726899383984 0.0390625 0.04158110882956879
0 0.219970703125 0.7037987679671458 0.03857421875 0.04106776180698152
0 0.70849609375 0.3421457905544148 0.037109375 0.03747433264887064
0 0.65625 0.48228952772073924 0.03857421875 0.038501026694045176
0 0.72998046875 0.2913244353182752 0.0380859375 0.038501026694045176
0 0.861572265625 0.5787987679671458 0.03857421875 0.04209445585215606
0 0.3017578125 0.6989219712525667 0.0400390625 0.04209445585215606
0 0.326904296875 0.6789014373716632 0.0380859375 0.039527720739219716
0 0.544189453125 0.9691991786447639 0.037109375 0.037987679671457907
0 0.5166015625 0.39040041067761805 0.03515625 0.037987679671457907
0 0.6240234375 0.5787987679671458 0.03759765625 0.038501026694045176
0 0.525390625 0.8737166324435318 0.0361328125 0.04055441478439425
0 0.52734375 0.946611909650924 0.03662109375 0.038501026694045176
0 0.525634765625 0.4330082135523614 0.037109375 0.037987679671457907
0 0.844970703125 0.21740246406570843 0.03857421875 0.04106776180698152
0 0.272216796875 0.909394250513347 0.03759765625 0.04106776180698152
0 0.883544921875 0.5921457905544147 0.0390625 0.04260780287474333
0 0.77734375 0.1668377823408624 0.03662109375 0.038501026694045176
0 0.718505859375 0.23819301848049282 0.03759765625 0.039527720739219716
0 0.32763671875 0.6021560574948666 0.03955078125 0.04106776180698152
0 0.166259765625 0.7448665297741273 0.0390625 0.04158110882956879
0 0.928955078125 0.47741273100616016 0.03857421875 0.04260780287474333
0 0.539306640625 0.3133983572895277 0.0380859375 0.039527720739219716
0 0.32958984375 0.9391683778234087 0.03662109375 0.04004106776180698
0 0.75634765625 0.4561088295687885 0.03857421875 0.039014373716632446
0 0.616943359375 0.25051334702258726 0.03759765625 0.04004106776180698
0 0.402587890625 0.7561601642710473 0.03759765625 0.04055441478439425
0 0.779541015625 0.2014887063655031 0.037109375 0.037987679671457907
0 0.74462890625 0.1740246406570842 0.04052734375 0.04004106776180698
0 0.48046875 0.3811601642710472 0.03857421875 0.039527720739219716
0 0.879150390625 0.6224332648870636 0.0400390625 0.04158110882956879
0 0.443115234375 0.4917864476386037 0.0361328125 0.037987679671457907
0 0.546630859375 0.2715605749486653 0.037109375 0.04158110882956879
0 0.244873046875 0.8136550308008214 0.03759765625 0.04004106776180698
0 0.362060546875 0.9502053388090349 0.03857421875 0.04055441478439425
0 0.6455078125 0.22561601642710472 0.0380859375 0.04106776180698152
0 0.686279296875 0.2225359342915811 0.0390625 0.04260780287474333
0 0.576416015625 0.6239733059548255 0.03759765625 0.04055441478439425
0 0.868408203125 0.1986652977412731 0.0478515625 0.045174537987679675
0 0.860595703125 0.24486652977412732 0.04345703125 0.044661190965092405
0 0.82861328125 0.24974332648870637 0.03857421875 0.04209445585215606
0 0.7861328125 0.25924024640657084 0.03955078125 0.045174537987679675
0 0.9267578125 0.31878850102669404 0.05517578125 0.048767967145790556
0 0.720458984375 0.41478439425051333 0.04345703125 0.045174537987679675
0 0.9560546875 0.49306981519507187 0.04052734375 0.04620123203285421
0 0.921142578125 0.5782854209445585 0.04736328125 0.04568788501026694
0 0.885498046875 0.5587782340862423 0.04541015625 0.044147843942505136
0 0.925048828125 0.5112936344969199 0.037109375 0.039014373716632446
0 0.562744140625 0.4419917864476386 0.0439453125 0.05082135523613963
0 0.5185546875 0.46919917864476385 0.04345703125 0.04620123203285421
0 0.588623046875 0.49691991786447637 0.04052734375 0.04260780287474333
0 0.557861328125 0.5061601642710473 0.03564453125 0.04568788501026694
0 0.53076171875 0.5646817248459959 0.0458984375 0.04260780287474333
0 0.74609375 0.5290041067761807 0.04150390625 0.04671457905544148
0 0.77001953125 0.542864476386037 0.04345703125 0.048767967145790556
0 0.776611328125 0.6383470225872689 0.03515625 0.048767967145790556
0 0.74365234375 0.6570841889117043 0.0419921875 0.04620123203285421
0 0.703369140625 0.6953285420944558 0.04296875 0.03747433264887064
0 0.693359375 0.7379363449691991 0.0419921875 0.04620123203285421
0 0.72265625 0.7256160164271047 0.04150390625 0.04620123203285421
0 0.90234375 0.6955852156057495 0.04248046875 0.04158110882956879
0 0.93115234375 0.6691478439425051 0.037109375 0.038501026694045176
0 0.933349609375 0.6378336755646817 0.0458984375 0.0513347022587269
0 0.4326171875 0.6078028747433265 0.0419921875 0.049794661190965095
0 0.4091796875 0.5764887063655031 0.04248046875 0.04620123203285421
0 0.395751953125 0.6167864476386037 0.03662109375 0.050308008213552365
0 0.361572265625 0.6152464065708418 0.04443359375 0.044147843942505136
0 0.47705078125 0.6103696098562629 0.04638671875 0.04260780287474333
0 0.45751953125 0.6332135523613963 0.03857421875 0.037987679671457907
0 0.482666015625 0.6565708418891171 0.04296875 0.044147843942505136
0 0.534423828125 0.6558008213552361 0.04248046875 0.04055441478439425
0 0.51220703125 0.6822381930184805 0.046875 0.043121149897330596
0 0.575927734375 0.6950718685831622 0.03564453125 0.043121149897330596
0 0.641357421875 0.6855749486652978 0.05224609375 0.045174537987679675
0 0.567138671875 0.7158624229979466 0.03662109375 0.039014373716632446
0 0.535888671875 0.7240759753593429 0.04296875 0.048254620123203286
0 0.519287109375 0.7502566735112937 0.037109375 0.04004106776180698
0 0.464599609375 0.7055954825462012 0.041015625 0.04620123203285421
0 0.42529296875 0.6445071868583162 0.04638671875 0.044661190965092405
0 0.408447265625 0.6714579055441479 0.03369140625 0.03747433264887064
0 0.4169921875 0.733829568788501 0.03466796875 0.04106776180698152
0 0.307861328125 0.7679671457905544 0.03955078125 0.039527720739219716
0 0.246826171875 0.7741273100616016 0.04345703125 0.043121149897330596
0 0.470458984375 0.7802874743326489 0.04833984375 0.044661190965092405
0 0.46435546875 0.8344455852156057 0.037109375 0.044661190965092405
0 0.502685546875 0.8421457905544147 0.04345703125 0.044147843942505136
0 0.486328125 0.8634496919917864 0.0439453125 0.043634496919917866
0 0.6435546875 0.7936344969199178 0.041015625 0.04209445585215606
0 0.647216796875 0.8303388090349076 0.04052734375 0.047741273100616016
0 0.65185546875 0.8688398357289527 0.0478515625 0.050308008213552365
0 0.68798828125 0.8896303901437371 0.0380859375 0.04671457905544148
0 0.7744140625 0.8334188911704312 0.05078125 0.04671457905544148
0 0.72119140625 0.9047741273100616 0.048828125 0.044147843942505136
0 0.591552734375 0.8886036960985626 0.04150390625 0.04106776180698152
0 0.550537109375 0.8295687885010267 0.0380859375 0.04055441478439425
0 0.527587890625 0.903747433264887 0.04248046875 0.04158110882956879
0 0.377685546875 0.7859342915811088 0.05322265625 0.05646817248459959
0 0.87890625 0.757700205338809 0.04150390625 0.04722792607802875