0 0.16089019430637144 0.8105728795033269 0.036773610483506525 0.038438088910869236
0 0.5332037957523724 0.9014351818774816 0.035002259376412104 0.03837157880769872
0 0.3237324898328061 0.8644745674013276 0.03534116583822866 0.037440437363312415
0 0.466064166290104 0.969712553503611 0.03622232263895164 0.037312167878626575
0 0.22021690013556258 0.21637636850011738 0.03595119746949843 0.03679908993988295
0 0.5405286940804338 0.712527485986763 0.03527790329868963 0.038499848292384564
0 0.5219746949841845 0.8501036343948537 0.035002259376412104 0.03673733055836762
0 0.184446452779033 0.8398373248983281 0.03649796656122911 0.038599613447140226
0 0.3034658834161772 0.5225888834969024 0.035951197469498375 0.037858500868955335
0 0.33764572977858115 0.5128356519391202 0.034487121554450995 0.03686560004305347
0 0.5917984636240399 0.9265902530408795 0.03555354722096693 0.038499848292384564
0 0.34692272932670587 0.7751562495650586 0.03622232263895164 0.03866137282865579
0 0.7167962042476277 0.882441796700661 0.036073203795752296 0.037312167878626575
0 0.21813827383642115 0.8434288704695327 0.03628558517849073 0.03917445076739918
0 0.17981021238138276 0.3875781247825293 0.03549028468142795 0.036190997568038744
0 0.07238590149118844 0.49743381233350437 0.035155896972435624 0.037027124579324576
0 0.29077270673294175 0.6796714950205571 0.036163578852236755 0.037440437363312415
0 0.3347175779484862 0.6216651836126084 0.034699502937189375 0.037440437363312415
0 0.2707501129688206 0.5616018097280305 0.03588793492995934 0.03660906107368154
0 0.3811025756891098 0.9543107138979949 0.03643922277451428 0.036960614476154174
0 0.412110257568911 0.6273090409387871 0.03506552191595125 0.03612448746486834
0 0.4499502937189336 0.8773110173132257 0.03430185268865793 0.035644664577710095
0 0.28759602349751473 0.9183762552993281 0.03769091730682328 0.039849053242414015
0 0.20385901491188432 0.7725861091496858 0.03649796656122911 0.03792501097212562
0 0.4323723452327158 0.48562826902074824 0.034487121554450995 0.03737867798179697
0 0.11657930411206507 0.36344920949661835 0.03534116583822866 0.037668472002753924
0 0.136475372797108 0.33239374203766986 0.03595119746949843 0.03679908993988295
0 0.604979665612291 0.8511297902723407 0.03643922277451428 0.037155394064010305
0 0.2766109353818346 0.7089311896939032 0.034821509263443295 0.03619099756803886
0 0.09417532760957976 0.7089311896939032 0.03582919114324448 0.03721715344552587
0 0.3566877541798464 0.9435313264627259 0.03634432896520556 0.038210054271427735
0 0.23816086760054223 0.4132462738846707 0.03527790329868952 0.036542550970511144
0 0.3569317668323543 0.48254505066663206 0.03384545865341171 0.034780033236494076
0 0.801269769543606 0.8116037861024691 0.03677361048350658 0.03638577715589522
0 0.7465838228648893 0.6247436512450695 0.036285585178490676 0.03756870684799826
0 0.10284229552643472 0.3955355835547089 0.03534116583822863 0.03648079158899581
0 0.44213737008585635 0.7500011784016606 0.03561229100768193 0.03792501097212562
0 0.4731450519656575 0.9024660884766237 0.03488025305015818 0.03830981942618339
0 0.25170808856755533 0.46945681250701704 0.037202892001807486 0.036609061073681656
0 0.4455580659737912 0.431470042153376 0.0354902846814279 0.03599621798018238
0 0.21191595119746953 0.5233585004050176 0.03649796656122911 0.03924096087056969
0 0.3854993221870764 0.578542883149877 0.034699502937189375 0.03619099756803886
0 0.383298689561681 0.917350099421841 0.03573429733393585 0.03779674148743977
0 0.7880840488025305 0.7674553297622506 0.035829191143244454 0.03779674148743977
0 0.21521012200632625 0.5667373398371208 0.03616357885223681 0.038020025405226324
0 0.7075192046995029 0.9194024111768151 0.034699502937189264 0.037668472002753924
0 0.2004383190239494 0.7120144080480194 0.03616357885223681 0.037155394064010305
0 0.26074107546317216 0.20366818807290502 0.037261635788522374 0.037796741487439826
0 0.30810664256665166 0.4309569642146324 0.03600994125621326 0.035996217980182495
0 0.18762313601446 0.579569039027364 0.03600994125621326 0.03679908993988295
0 0.10522367826479892 0.6781322612043265 0.03607320379575238 0.03830981942618339
0 0.0719611387257117 0.4604731978573503 0.03475824672390421 0.03779674148743977
0 0.20532309082693176 0.4165812804865036 0.03390420244012654 0.035711174680880496
0 0.18567103479439676 0.3567744455712975 0.03506552191595119 0.034780033236494076
0 0.5922864889290557 0.5379859723808632 0.03372345232715768 0.037312167878626575
0 0.3718255761409851 0.4532853559932859 0.03442385901491185 0.0366708204551971
0 0.4108901943063714 0.5143748857553508 0.035829191143244454 0.03612448746486834
0 0.2301039313149571 0.8773110173132257 0.038237686398554016 0.038438088910869236
0 0.49682783551739723 0.5687896515920948 0.034699502937189375 0.03779674148743977
0 0.8374017171260733 0.8198130331223655 0.03534116583822855 0.03432871467926602
0 0.6455083596927248 0.7623197996531602 0.03710799819249888 0.037312167878626575
0 0.17236330772706734 0.3259755170817208 0.035002259376412104 0.03558290519619465
0 0.6499005874378672 0.9435313264627259 0.03488025305015818 0.03773023138426925
0 0.11102123813827385 0.7428133365375962 0.034943515589697244 0.037668472002753924
0 0.1210347943967465 0.42171681059559396 0.03588793492995934 0.036542550970511255
0 0.2963849977406236 0.29183683126865606 0.033904202440126485 0.03593445859866705
0 0.5083009489380931 0.3901435144762469 0.035002259376412104 0.038020025405226324
0 0.0746452779032987 0.5308028812384538 0.03628558517849073 0.03830981942618339
0 0.12744238590149118 0.27207382918372025 0.034423859014911906 0.03558290519619465
0 0.23950293718933574 0.24460990729597645 0.03607320379575241 0.036737330558367504
0 0.18652507907817442 0.22382074933355356 0.034423859014911906 0.03509833158738128
0 0.4782693176683236 0.936856562537405 0.0342385901491189 0.036960614476154174
0 0.2556168097605061 0.8947651686738157 0.038178942611839184 0.039397734685185724
0 0.3618165386353367 0.342146973595452 0.03622232263895164 0.03686560004305347
0 0.8559557162223227 0.6801845729593007 0.03698599186624496 0.03866137282865579
0 0.18969724356077725 0.4579078081636327 0.035219159511974685 0.03577293406239594
0 0.22717126073203797 0.18198114371768095 0.037202892001807486 0.03837157880769878
0 0.3535155896972436 0.3806468218878366 0.034487121554450995 0.037155394064010416
0 0.7456032535020335 0.8947651686738157 0.0365612291007682 0.038599613447140226
0 0.5224627202892003 0.9373696404761486 0.03372345232715768 0.03673733055836762
0 0.6459963849977406 0.552361656108992 0.03430185268865804 0.03679908993988295
0 0.6948260280162676 0.5616018097280305 0.03573429733393585 0.037312167878626575
0 0.7739267962042476 0.6488725665309804 0.0368956168097605 0.03901292623112819
0 0.15979213737008585 0.6483594885922368 0.0365612291007682 0.03773023138426925
0 0.36132851333032084 0.6042110322520184 0.035829191143244454 0.038020025405226324
0 0.09948938093086308 0.338807216271964 0.03634432896520559 0.03785850086895522
0 0.12103479439674651 0.6504118003472109 0.035490284681427925 0.037155394064010305
0 0.4587392679620425 0.6411716467281725 0.03555354722096704 0.038020025405226324
0 0.08947582467239042 0.44430174134361916 0.0375960234975147 0.03773023138426937
0 0.8520515137821961 0.7833654965849549 0.034699502937189264 0.03814829488991217
0 0.1754134658834162 0.4158116635783883 0.03448712155445094 0.032803733028000485
0 0.19225937641211027 0.1904516804286042 0.03475824672390421 0.03564466457771004
0 0.3994125621328513 0.6001016580204152 0.034238590149118786 0.035996217980182495
0 0.3283687302304564 0.35497867278569517 0.03506552191595125 0.03756870684799826
0 0.12622232263895164 0.20970160457479653 0.03573429733393585 0.0366708204551971
0 0.8798825124265703 0.7648851893468779 0.03726163578852226 0.03878964231334164
0 0.4094215996384998 0.5148879636940943 0.033660189787618644 0.036542550970511255
0 0.44311342069588794 0.37679873734726016 0.03732489832806141 0.038438088910869236
0 0.8359376412110259 0.8162214875511608 0.03506552191595125 0.03702712457932446
0 0.1414776321735201 0.6791584170818136 0.03555354722096704 0.037506947466482934
0 0.26562584726615457 0.267969205673772 0.03539990962494355 0.03538812560833829
0 0.19335743334839584 0.5384990503196067 0.037596023497514675 0.03756870684799826
0 0.04168549480343425 0.5141183467859791 0.03534116583822865 0.03583944416556634
0 0.2663578852236783 0.3113432943842202 0.03634432896520556 0.03679908993988295
0 0.730469950293719 0.5913745823401201 0.035829191143244454 0.03773023138426925
0 0.053190239493899685 0.5924007382176072 0.03738364211477632 0.037858500868955335
0 0.15454134658834162 0.19648509693049565 0.03539990962494355 0.03756870684799826
0 0.5605467690917307 0.48305812860537556 0.034821509263443406 0.03785850086895522
0 0.4323723452327158 0.9661210079324062 0.03436059647537282 0.035644664577710095
0 0.3137189335743335 0.26142271123313704 0.03634432896520556 0.03808178478674177
0 0.38403524627202895 0.30980406056798965 0.03567555354722096 0.03814829488991228
0 0.05023045639403524 0.3880912027212728 0.03683687302304564 0.03878964231334164
0 0.16430637144148216 0.5200187430815296 0.03534116583822866 0.036960614476154174
0 0.24523723452327162 0.2959462055002594 0.03790329868956166 0.03721715344552587
0 0.5499096249435156 0.5592359503438243 0.03763669227293276 0.045725695929689364
0 0.5762584726615454 0.5719868872659319 0.0384726615454134 0.0448420617018533
0 0.6279032986895617 0.6049616462735136 0.03972887483054688 0.04220541118331019
0 0.6559195661997289 0.6161733493793905 0.030528694080433905 0.041768344791047234
0 0.6555038409399007 0.6570580599426016 0.031364663352914546 0.035611409526124724
0 0.6262313601446001 0.6414519393058193 0.03638047898779928 0.04308429468949108
0 0.6258111161319476 0.6775004152242072 0.030528694080433905 0.041326527677129084
0 0.6550835969272482 0.6933298197787761 0.03554450971531864 0.04660457943587048
0 0.2695210122006327 0.5280189583486047 0.030528694080433794 0.034290708906025695
0 0.2824853140533213 0.4937282494425789 0.03638047898779939 0.041326527677129084
0 0.12231812019882513 0.4642737751813764 0.04390872119295075 0.03693211014622387
0 0.10475372797107999 0.4805402461282083 0.042236782647989135 0.03781099365240487
0 0.0717171260732038 0.4976856005812211 0.03972887483054677 0.03517434313386176
0 0.5283732489832806 0.6495851747792353 0.04307275192046989 0.05407746459923683
0 0.52356529597831 0.6805788828566683 0.0384726615454134 0.03517434313386176
0 0.49011296882060545 0.6959664702973192 0.03512878445549028 0.041326527677129084
0 0.4639765024853141 0.7142139921742996 0.03805693628558515 0.03385364251376273
0 0.4171396294622684 0.7777406421453962 0.04307275192047 0.04308429468949108
0 0.563709896068685 0.7702677569820298 0.04181653863533663 0.04044764417094797
0 0.5476095797559873 0.7342192810636421 0.03972887483054688 0.04220541118331019
0 0.7652779032986896 0.682559933786817 0.0384726615454134 0.04264722829722811
0 0.7723859014911885 0.7186084097052048 0.03763669227293276 0.04616276232195233
0 0.7684139177586986 0.7968670475285576 0.04140081337550838 0.03912694355084894
0 0.725756891098057 0.7430128668471075 0.03638047898779928 0.04044764417094797
0 0.6973203795752373 0.7197105771291723 0.04140081337550838 0.041326527677129084
0 0.42381834613646635 0.8974825814604944 0.03892905558065973 0.03749269530151784
0 0.4475508359692725 0.929431184590589 0.031143244464527764 0.041188756749133096
0 0.6280027112516946 0.7422242470523721 0.03641662901039311 0.04383015798933139
0 0.6170763669227293 0.7776076219390553 0.035661997288748415 0.03855210623058999
0 0.540347943967465 0.7972803603125456 0.043949389968368724 0.039872806850689016
0 0.5757614098508812 0.6024152594664159 0.039430637144148184 0.039872806850689016
0 0.3654225033890646 0.7467136790163779 0.03666967916854946 0.03696536519780912
0 0.32812923633077273 0.7426233076713948 0.04445549028468143 0.03723140561049096
0 0.13336195210122007 0.7772085613200326 0.035661997288748304 0.036704075506782244
0 0.305020334387709 0.6247246483584493 0.0404338002711252 0.043302827885622674
0 0.32034342521464076 0.6516564894208295 0.03591504744690466 0.03696536519780912
0 0.3514866696791686 0.6500744991097036 0.03792589245368283 0.0390794363342987
0 0.2573023045639403 0.6189192664959995 0.04445549028468143 0.03696536519780912
0 0.24411658382286489 0.5835358916093163 0.03817442385901493 0.041188756749133096
0 0.3179575237234523 0.8335853752003052 0.036163578852236755 0.033269303750193636
0 0.35412110257568913 0.833846664891332 0.036163578852236755 0.0401340965417159
0 0.3704473565295978 0.8016367720702106 0.035661997288748304 0.0390794363342987
0 0.19790781744238592 0.8063874937252431 0.03516041572525985 0.03168731343906773
0 0.32122006326253955 0.9341866569672767 0.037672842295526476 0.03696536519780912
0 0.31619972887483055 0.8990645717716202 0.03867600542250338 0.04277549778191396
0 0.18409399005874377 0.7411695868449548 0.034658834161771346 0.03960676643800719
0 0.2164934478084049 0.6818900820334574 0.034157252598282895 0.03723140561049096
0 0.21887934929959332 0.4814808890159047 0.036918210573881616 0.03670407550678236
0 0.1328603705377316 0.5683525851998319 0.03365567103479439 0.03723140561049096
0 0.3940533212833258 0.48069226922116937 0.037672842295526476 0.04250945736923224
0 0.41967013104383194 0.4569244087810409 0.037672842295526476 0.03828606581790816
0 0.33804789877993674 0.5390453833099355 0.037171260732037914 0.03353534416287547
0 0.37509263443289653 0.625123708977472 0.033904202440126485 0.037758735714199444
0 0.6782331676457298 0.7531841619105325 0.03641662901039311 0.03723140561049096
0 0.7032218707636693 0.7720635297676323 0.033154089471305825 0.03696536519780912
0 0.6708224130140081 0.8276422224098593 0.03968368730230454 0.03723140561049096
0 0.6651739719837325 0.8632868869875693 0.03641662901039311 0.036704075506782244
0 0.6830049706281067 0.8859953364986254 0.03591504744690477 0.04409619840201322
0 0.6796113872571171 0.9340536367609358 0.036163578852236755 0.03881339592161687
0 0.5836737460460913 0.8404501679918273 0.03516041572525985 0.03749269530151784
0 0.5584319927699954 0.935108296968353 0.029887031179394397 0.03775873571419967
0 0.5050655219159512 0.9154355585948628 0.029633981021238043 0.03221464354277644
0 0.21925440578400363 0.2746059638258526 0.035661997288748304 0.03696536519780912