0 0.24523723452327162 0.4409667347417862 0.03600994125621326 0.03737867798179697
0 0.8320334387708992 0.8244354852927123 0.036222322638951754 0.03830981942618339
0 0.7065431540894713 0.9168370214830974 0.036009941256213374 0.038438088910869236
0 0.6093764121102576 0.9548237918367385 0.03488025305015818 0.03708888396084002
0 0.6445323090826932 0.9430182485239824 0.03561229100768193 0.03866137282865579
0 0.3422864889290556 0.8583176321364051 0.035829191143244454 0.039849053242414015
0 0.4570311793944871 0.8696100975104177 0.03408947130591955 0.03686560004305347
0 0.39916854948034347 0.4715091242619912 0.035829191143244454 0.03631926705272471
0 0.5439448712155446 0.9671471638098932 0.03366018978761853 0.03708888396084002
0 0.8032218707636692 0.8506167123335971 0.036009941256213374 0.03830981942618339
0 0.3542476276547673 0.7972281023743402 0.03555354722096704 0.03814829488991217
0 0.4104021690013557 0.9271033309796229 0.03539990962494355 0.03673733055836762
0 0.05023045639403525 0.3978444342790548 0.03698599186624492 0.03830981942618339
0 0.6035155896972435 0.883467952578148 0.034609127880705026 0.03837157880769872
0 0.18737912336195212 0.3765421983778884 0.03567555354722096 0.037155394064010416
0 0.551269769543606 0.7140667198029935 0.0342385901491189 0.03872788293182631
0 0.13183461364663354 0.351900205153234 0.03573429733393585 0.0366708204551971
0 0.23132399457749664 0.8639614894625839 0.03628558517849073 0.03702712457932446
0 0.13452327157704475 0.5092393556462605 0.03811568007230004 0.03962576932462735
0 0.04281518300948938 0.5390121282583502 0.036895616809760515 0.039464244788356244
0 0.19897424310890194 0.8536951799660583 0.03573429733393585 0.03792501097212562
0 0.34399457749661094 0.5051347321363123 0.03628558517849079 0.03545463571150869
0 0.07488929055580659 0.45405497290140123 0.03600994125621329 0.037088883960839904
0 0.09466335291459559 0.25924212999347707 0.03738364211477632 0.036062728083352896
0 0.3967284229552644 0.892195028258443 0.035829191143244454 0.03708888396084002
0 0.42480343425214645 0.5405561127962358 0.03534116583822866 0.03702712457932446
0 0.4882828739267962 0.8701231754491613 0.0332625395390872 0.036542550970511255
0 0.5366199728874831 0.614477341748544 0.034821509263443184 0.03702712457932446
0 0.58544961590601 0.6904508824558261 0.03408947130591966 0.038020025405226324
0 0.30932670582919114 0.9260771751021359 0.03671486669679169 0.03866137282865579
0 0.31469950293718935 0.41401589079278595 0.035155896972435596 0.037088883960839904
0 0.21447808404880253 0.2550044862771879 0.03622232263895164 0.037088883960839904
0 0.2587889742431089 0.25590237266998905 0.036163578852236755 0.037506947466482816
0 0.10967916854948034 0.4119588283161568 0.035155896972435596 0.037506947466482816
0 0.3759783099864437 0.6350099607415951 0.03607320379575241 0.03558290519619453
0 0.4938951649344781 0.6935341008099424 0.034487121554450995 0.038599613447140226
0 0.3000497062810664 0.74846194458543 0.03643922277451428 0.03888465674644234
0 0.14098960686850429 0.257056798032162 0.03616357885223681 0.037027124579324576
0 0.07598734749209218 0.41709435842524717 0.03677361048350655 0.036960614476154056
0 0.10144148215092635 0.7238199513607756 0.03600994125621329 0.03737867798179685
0 0.49535924084952554 0.8064682559933787 0.0342385901491189 0.036960614476154174
0 0.2810076818798012 0.8228962514764817 0.03634432896520556 0.03924096087056969
0 0.7373068233167647 0.9009221039387381 0.035002259376412104 0.038599613447140226
0 0.16808856755535473 0.5374728944421195 0.036985991866244905 0.03721715344552587
0 0.26806597379123365 0.5210448989590166 0.03521915951197474 0.03686560004305347
0 0.07720741075463174 0.4851151910820047 0.03661997288748306 0.03731216787862646
0 0.77831902394939 0.6652958112924283 0.03555354722096693 0.03837157880769872
0 0.5766606416629011 0.964063945455777 0.034699502937189264 0.035644664577710095
0 0.767089923181202 0.8803894849456869 0.03567555354722107 0.038438088910869236
0 0.42871215544509716 0.9661210079324062 0.03607320379575241 0.03606272808335278
0 0.44848621780388614 0.3914262093231057 0.03436059647537282 0.03785850086895522
0 0.36743334839584274 0.5313159591771973 0.03454586534116588 0.03538812560833817
0 0.4501943063714415 0.6729967310952362 0.034487121554450995 0.03814829488991217
0 0.7998056936285586 0.8131430199186995 0.03506552191595125 0.039397734685185724
0 0.15063262539539088 0.8008196479455449 0.03732489832806146 0.03866137282865579
0 0.41992318120198824 0.40220559675837475 0.033601446000903756 0.03593445859866705
0 0.1127925892453683 0.23472840625350852 0.03769091730682331 0.037155394064010416
0 0.20373700858563037 0.4982034292416197 0.0365612291007682 0.03837157880769872
0 0.6777361048350655 0.9301865493337391 0.03561229100768193 0.03702712457932446
0 0.48242205151378215 0.7376778064285058 0.036009941256213374 0.03721715344552587
0 0.2736827835517397 0.3259755170817208 0.036497966561229056 0.036257507671209256
0 0.05792137370085857 0.6175558093810052 0.035675553547220976 0.03952600416987181
0 0.08313149570718482 0.5862438029526849 0.03634432896520559 0.03756870684799826
0 0.29565295978309986 0.5472261259999017 0.0368956168097605 0.0366708204551971
0 0.28564392227745145 0.4899894315000683 0.03555354722096704 0.03583944416556634
0 0.4091775869859919 0.6232044174288389 0.03607320379575241 0.03808178478674189
0 0.13635336647085405 0.44199289061927327 0.03454586534116583 0.03599621798018238
0 0.5844735652959784 0.9111931641569186 0.03527790329868963 0.03721715344552587
0 0.5869136918210573 0.5744335089182737 0.03494351558969733 0.03702712457932446
0 0.3994125621328513 0.6011278138979022 0.0365612291007682 0.03648079158899569
0 0.21228197017623135 0.31083021644547665 0.037474017171260754 0.03679908993988295
0 0.5424807953004971 0.5225888834969024 0.03549028468142801 0.03756870684799826
0 0.4047853592408495 0.9599593219458288 0.034821509263443295 0.0366708204551971
0 0.9033212833258021 0.7212545616670579 0.03671486669679158 0.03872788293182631
0 0.08990510619069138 0.6303922592929033 0.03643922277451425 0.039112691385883844
0 0.4731450519656575 0.4496938104220813 0.034487121554450995 0.03779674148743977
0 0.6103524627202892 0.6016408918366457 0.034821509263443406 0.03619099756803886
0 0.4921870763669227 0.49512496160915853 0.03573429733393585 0.038020025405226324
0 0.13586534116583823 0.19930702559358504 0.03774966109353817 0.03785850086895522
0 0.275634884771803 0.3521567441226057 0.036163578852236755 0.036960614476154056
0 0.28027564392227744 0.7227937954832886 0.03753727971079979 0.038599613447140226
0 0.6406235878897425 0.4953815005785303 0.036222322638951754 0.037925010972125736
0 0.17260732037957524 0.19468457342323828 0.0365612291007682 0.038020025405226324
0 0.49585178490736553 0.38911735859875984 0.03607320379575241 0.03731216787862646
0 0.3420424762765477 0.9399397808915212 0.03628558517849079 0.03756870684799826
0 0.4155264347040217 0.330080140591669 0.03521915951197474 0.03558290519619465
0 0.17516945323090827 0.25487621679250205 0.03628558517849073 0.036670820455197047
0 0.3884274740171713 0.38732158581315745 0.03402620876638052 0.03679908993988295
0 0.6582015363759602 0.6740228869727233 0.03372345232715768 0.035996217980182495
0 0.244139177586986 0.37012397342193926 0.037261635788522374 0.035198096742136996
0 0.6567374604609127 0.7397348689051348 0.03396746497966552 0.038438088910869236
0 0.2973610483506552 0.19789606126204035 0.03698599186624496 0.03917445076739929
0 0.16198825124265703 0.7653982672856213 0.03555354722096704 0.03673733055836762
0 0.8203117939448712 0.622178261551352 0.03573429733393585 0.04007233716020057
0 0.7294938996836873 0.7181713433129419 0.03488025305015818 0.03872788293182631
0 0.21630817894261184 0.19597201899175212 0.03628558517849073 0.038020025405226324
0 0.7578129236330773 0.7674553297622506 0.03549028468142801 0.03773023138426925
0 0.46069136918210574 0.48331466757474734 0.03600994125621326 0.037027124579324576
0 0.06707636692272932 0.3221274325411443 0.037749661093538195 0.03785850086895522
0 0.19519204699502937 0.34137735668733665 0.03555354722096704 0.03679908993988295
0 0.8671893357433348 0.7212545616670579 0.03567555354722107 0.038438088910869236
0 0.7739267962042476 0.7012302698910953 0.03506552191595125 0.03708888396084002
0 0.6074197921373701 0.5066739659525429 0.03408947130591966 0.03679908993988295
0 0.724609127880705 0.6011278138979022 0.03567555354722107 0.03962576932462747
0 0.37011748757342977 0.9512322462655338 0.03488025305015818 0.03583944416556646
0 0.25439674649796656 0.1962285579611239 0.03588793492995934 0.03802002540522638
0 0.050049706281066426 0.5728942751020432 0.036073203795752365 0.03901292623112819
0 0.24804789877993672 0.4835712065441191 0.03417984636240401 0.03577293406239594
0 0.7357071848169905 0.5217480057639615 0.04892001807501134 0.04846686232464308
0 0.1411206507004067 0.4092366648078231 0.03575237234523271 0.03313628354385284
0 0.15476276547672843 0.3770932820898722 0.044215996384997736 0.05192538768950693
0 0.17592860370537733 0.40355005098674906 0.02822413014008135 0.03758770973461843
0 0.11995029371893359 0.3751122311597236 0.03669227293267058 0.034124433648099514
0 0.09690013556258473 0.35013768741921686 0.03198825124265703 0.03560665880446977
0 0.13500677812923634 0.31601800449277234 0.044215996384997736 0.040552160047358815
0 0.1549977406235879 0.28362283352710466 0.03527790329868957 0.04104623509948215
0 0.10207862629914144 0.5153202793647024 0.049864437415273355 0.04549766129024786
0 0.10466335291459558 0.4426199858777376 0.03810212381382738 0.040552160047358815
0 0.09737460460912789 0.5603238656028268 0.0329281518300949 0.03659480890871645
0 0.13053773158608226 0.569226717984358 0.04845006778129235 0.046485811394494536
0 0.11313149570718484 0.6001349130720003 0.03622232263895164 0.03906993489098856
0 0.14300045187528243 0.6018641757544323 0.04139629462268413 0.04846686232464308
0 0.15311342069588793 0.6394518854890506 0.03904202440126525 0.038575859838865224
0 0.07267510167193855 0.6550295017959027 0.0343380027112517 0.04401543613387761
0 0.1051333032083145 0.65972796551273 0.04845006778129238 0.039564009943111905
0 0.13853140533212832 0.6651675418077425 0.03622232263895164 0.038575859838865224
0 0.11619069136918211 0.699291975455842 0.04045639403524626 0.03560665880446977
0 0.14840939900587438 0.6980520371038784 0.04092634432896519 0.04697988644661788
0 0.1733438770899232 0.6676379170683594 0.03998192498870312 0.041540310151605496
0 0.21544509715318572 0.6770348445020139 0.043276095797559866 0.04253321097750736
0 0.18133755083596928 0.6978049995778166 0.03904202440126525 0.03659480890871645
0 0.2215589697243561 0.704978589276916 0.042336195210121996 0.03708888396084002
0 0.2509579755987348 0.7220384307401383 0.04280614550384099 0.0474787122203964
0 0.210266606416629 0.7334164091039415 0.03669227293267058 0.04253321097750736
0 0.1681699051061907 0.7267368944569655 0.03527790329868957 0.04104623509948215
0 0.18627654767284232 0.7630894165612755 0.03763217352010845 0.040552160047358815
0 0.21967464979665613 0.7920165607187694 0.047980117487573415 0.04104623509948215
0 0.17757794848621783 0.8251528442626223 0.029633981021238154 0.047972787272519746
0 0.21215092634432897 0.8263880318929306 0.0329281518300949 0.03659480890871645
0 0.264835065521916 0.7554217518100527 0.044215996384997736 0.04697988644661788
0 0.26530501581563487 0.658986852934545 0.035752372345232764 0.030167082509457384
0 0.29893809308630814 0.649836963026952 0.044685946678716726 0.037587709734618314
0 0.20368278355173972 0.5257053569026037 0.04045639403524626 0.040552160047358815
0 0.23637596023497517 0.5066644645092329 0.04186624491640306 0.0459917363423712
0 0.27071396294622685 0.5496917505388635 0.04092634432896525 0.03511258375234643
0 0.3772616357885224 0.49726753707557825 0.0376321735201085 0.04104623509948215
0 0.39560777225485766 0.5286698072153441 0.03669227293267063 0.03659480890871645
0 0.4372345232715771 0.5761485194357404 0.03527790329868952 0.03461850870022286
0 0.4581699051061907 0.5491976754867401 0.03951197469498413 0.049949087481013336
0 0.6112833258020787 0.6409341106454209 0.03716222322638951 0.04549766129024786
0 0.4318255761409851 0.7719875182211516 0.03386805241753277 0.044509511186000945
0 0.46687302304563943 0.7682819553302263 0.030573881608676023 0.0430272860296307
0 0.385020334387709 0.8036415766086342 0.03245820153637591 0.04253321097750736
0 0.38314053321283326 0.8627405539972406 0.03810212381382738 0.0459917363423712
0 0.2932941708088567 0.8765841569000057 0.03904202440126525 0.036100733856593105
0 0.36291459557162226 0.8943898616630682 0.03527790329868952 0.04401543613387761
0 0.37514234071396296 0.9193644054035748 0.04657026660641661 0.04846686232464308
0 0.45346588341617716 0.9349420217104268 0.035752372345232764 0.04005808499523524
0 0.46804789877993674 0.9636268790635141 0.03669227293267063 0.05192538768950693
0 0.5092092182557615 0.9698075679367115 0.043746046091278856 0.044509511186000945
0 0.4722819701762314 0.8370201469568938 0.03951197469498413 0.04203438520372907
0 0.5103840939900588 0.8263880318929306 0.04045639403524626 0.044509511186000945
0 0.5209670131043832 0.863975741627549 0.029633981021238043 0.046485811394494536
0 0.5517803886127428 0.8474099752164502 0.029164030727519163 0.04104623509948215
0 0.5306100316312697 0.8934017115588213 0.04327609579755998 0.04401543613387761
0 0.5640081337550836 0.8768311944260674 0.03669227293267063 0.044509511186000945
0 0.555305015815635 0.9317257831499698 0.04751016719385448 0.04352136108175427
0 0.6505648441030276 0.90848525281355 0.04610031631269762 0.03659480890871645
0 0.7651061906913692 0.8456759618123632 0.03433800271125165 0.04945501242888999
0 0.73594215996385 0.7529513765494359 0.03998192498870301 0.04203438520372907
0 0.788626299141437 0.7732274565731152 0.03245820153637591 0.04104623509948215
0 0.8271983732489833 0.789052110406029 0.043746046091278856 0.04697988644661788
0 0.21615002259376412 0.3634919659915137 0.03904202440126525 0.046485811394494536
0 0.16205151378219612 0.34667916205435306 0.028694080433800284 0.040552160047358815