0 0.3271484375 0.9355749486652978 0.041015625 0.043121149897330596
0 0.140625 0.47895277207392195 0.041015625 0.04260780287474333
0 0.476806640625 0.9083675564681725 0.03955078125 0.043121149897330596
0 0.040771484375 0.5066735112936345 0.0390625 0.04055441478439425
0 0.475830078125 0.8703798767967146 0.03857421875 0.04158110882956879
0 0.216064453125 0.5949691991786448 0.0400390625 0.04106776180698152
0 0.179931640625 0.5413244353182751 0.0419921875 0.043121149897330596
0 0.4150390625 0.8739733059548255 0.0390625 0.04260780287474333
0 0.28076171875 0.5202772073921971 0.03955078125 0.04106776180698152
0 0.042236328125 0.47510266940451745 0.04052734375 0.04055441478439425
0 0.194091796875 0.5685318275154004 0.0400390625 0.04158110882956879
0 0.31103515625 0.4471252566735113 0.03857421875 0.04055441478439425
0 0.27001953125 0.6445071868583162 0.0390625 0.04209445585215606
0 0.400146484375 0.6219199178644764 0.03955078125 0.04260780287474333
0 0.375 0.459958932238193 0.03955078125 0.04106776180698152
0 0.15234375 0.2836242299794661 0.0380859375 0.04004106776180698
0 0.433837890625 0.571611909650924 0.03857421875 0.04055441478439425
0 0.304931640625 0.6393737166324436 0.041015625 0.043121149897330596
0 0.475830078125 0.7145790554414785 0.0400390625 0.04209445585215606
0 0.377685546875 0.49460985626283366 0.0400390625 0.04209445585215606
0 0.521728515625 0.6280800821355236 0.03857421875 0.04158110882956879
0 0.161376953125 0.5089835728952772 0.04052734375 0.04209445585215606
0 0.192626953125 0.3785934291581109 0.0400390625 0.04158110882956879
0 0.5263671875 0.9399383983572895 0.0390625 0.04055441478439425
0 0.043212890625 0.4396817248459959 0.0400390625 0.04106776180698152
0 0.566650390625 0.8177618069815195 0.03955078125 0.04260780287474333
0 0.540771484375 0.9684291581108829 0.0390625 0.04260780287474333
0 0.255859375 0.544917864476386 0.0400390625 0.04055441478439425
0 0.1025390625 0.48126283367556466 0.0390625 0.04106776180698152
0 0.4892578125 0.5292607802874744 0.03955078125 0.04209445585215606
0 0.37060546875 0.4201745379876797 0.03955078125 0.04158110882956879
0 0.3212890625 0.8685831622176592 0.041015625 0.044147843942505136
0 0.216064453125 0.7751540041067762 0.04052734375 0.04260780287474333
0 0.24072265625 0.5138603696098563 0.04052734375 0.04260780287474333
0 0.142578125 0.4455852156057495 0.03955078125 0.04004106776180698
0 0.759765625 0.6481006160164271 0.03955078125 0.04158110882956879
0 0.49951171875 0.839835728952772 0.041015625 0.04209445585215606
0 0.284912109375 0.7702772073921971 0.04052734375 0.04209445585215606
0 0.43115234375 0.9666324435318275 0.0390625 0.04106776180698152
0 0.177978515625 0.6760780287474333 0.03955078125 0.04004106776180698
0 0.535888671875 0.43146817248459957 0.03857421875 0.04158110882956879
0 0.26611328125 0.29414784394250515 0.03955078125 0.04106776180698152
0 0.6044921875 0.9602156057494866 0.03857421875 0.04106776180698152
0 0.2607421875 0.48973305954825463 0.03955078125 0.04209445585215606
0 0.76416015625 0.7027720739219713 0.0390625 0.04106776180698152
0 0.437255859375 0.7304928131416838 0.0380859375 0.039527720739219716
0 0.34326171875 0.5808521560574949 0.0380859375 0.04055441478439425
0 0.420654296875 0.9281314168377823 0.0400390625 0.04158110882956879
0 0.368408203125 0.6339835728952772 0.03955078125 0.04055441478439425
0 0.206787109375 0.6640143737166324 0.0419921875 0.044147843942505136
0 0.17724609375 0.3105749486652977 0.0400390625 0.04106776180698152
0 0.13232421875 0.7335728952772074 0.04052734375 0.04260780287474333
0 0.05908203125 0.35728952772073924 0.04052734375 0.04106776180698152
0 0.7548828125 0.5767453798767967 0.0390625 0.043121149897330596
0 0.729248046875 0.6224332648870636 0.0400390625 0.04260780287474333
0 0.69580078125 0.9253080082135524 0.0390625 0.04260780287474333
0 0.171142578125 0.3506160164271047 0.0400390625 0.04106776180698152
0 0.3603515625 0.9489219712525667 0.0390625 0.043121149897330596
0 0.398681640625 0.43146817248459957 0.03857421875 0.04158110882956879
0 0.077880859375 0.5654517453798767 0.041015625 0.04260780287474333
0 0.466552734375 0.9681724845995893 0.03955078125 0.04106776180698152
0 0.26123046875 0.35959958932238195 0.0380859375 0.04004106776180698
0 0.590576171875 0.606776180698152 0.03955078125 0.04055441478439425
0 0.6328125 0.9378850102669405 0.03955078125 0.04004106776180698
0 0.688720703125 0.5693018480492813 0.0400390625 0.04260780287474333
0 0.100830078125 0.723305954825462 0.03955078125 0.043121149897330596
0 0.278564453125 0.4563655030800821 0.0390625 0.04004106776180698
0 0.382568359375 0.7276694045174538 0.0400390625 0.043121149897330596
0 0.275390625 0.42684804928131415 0.0390625 0.04004106776180698
0 0.109619140625 0.5492813141683778 0.04052734375 0.04209445585215606
0 0.733154296875 0.9032340862422998 0.04150390625 0.044147843942505136
0 0.666259765625 0.9032340862422998 0.0390625 0.04158110882956879
0 0.255615234375 0.8642197125256673 0.04150390625 0.043634496919917866
0 0.0615234375 0.632700205338809 0.03955078125 0.04209445585215606
0 0.322021484375 0.903747433264887 0.041015625 0.043634496919917866
0 0.07080078125 0.32469199178644764 0.041015625 0.04055441478439425
0 0.311279296875 0.8347022587268994 0.041015625 0.043634496919917866
0 0.186279296875 0.7194558521560575 0.041015625 0.04209445585215606
0 0.8056640625 0.8085215605749486 0.0400390625 0.044147843942505136
0 0.35693359375 0.38578028747433263 0.04052734375 0.04209445585215606
0 0.434814453125 0.5302874743326489 0.04052734375 0.04209445585215606
0 0.234130859375 0.3886036960985626 0.03955078125 0.039014373716632446
0 0.2578125 0.9011806981519507 0.0419921875 0.044661190965092405
0 0.1875 0.8434291581108829 0.04248046875 0.043121149897330596
0 0.587158203125 0.5338809034907598 0.03857421875 0.04004106776180698
0 0.486083984375 0.9404517453798767 0.0400390625 0.04158110882956879
0 0.131591796875 0.635523613963039 0.03955078125 0.04106776180698152
0 0.25048828125 0.8367556468172485 0.041015625 0.043634496919917866
0 0.331787109375 0.35882956878850103 0.0380859375 0.04106776180698152
0 0.485107421875 0.44584188911704314 0.0390625 0.04106776180698152
0 0.10791015625 0.44994866529774125 0.03955078125 0.04209445585215606
0 0.126220703125 0.6976386036960985 0.0400390625 0.044147843942505136
0 0.382568359375 0.6914784394250514 0.0390625 0.04106776180698152
0 0.14697265625 0.3228952772073922 0.0400390625 0.04004106776180698
0 0.478271484375 0.36729979466119095 0.03857421875 0.043121149897330596
0 0.6650390625 0.9394250513347022 0.03759765625 0.04004106776180698
0 0.28564453125 0.8411190965092402 0.0400390625 0.043121149897330596
0 0.1435546875 0.7905544147843943 0.04248046875 0.044147843942505136
0 0.713134765625 0.8919404517453798 0.03955078125 0.043634496919917866
0 0.49609375 0.41093429158110883 0.03662109375 0.04004106776180698
0 0.159423828125 0.8108316221765913 0.0419921875 0.043121149897330596
0 0.48486328125 0.8090349075975359 0.041015625 0.044147843942505136
0 0.104736328125 0.26232032854209447 0.041015625 0.04055441478439425
0 0.37109375 0.35626283367556466 0.0400390625 0.04209445585215606
0 0.812255859375 0.8439425051334702 0.0400390625 0.04209445585215606
0 0.839111328125 0.8208418891170431 0.0390625 0.04158110882956879
0 0.750244140625 0.768223819301848 0.0390625 0.04260780287474333
0 0.088623046875 0.2926078028747433 0.0390625 0.04004106776180698
0 0.218994140625 0.3131416837782341 0.03955078125 0.04106776180698152
0 0.136474609375 0.2507700205338809 0.03857421875 0.039527720739219716
0 0.784912109375 0.5641683778234087 0.0419921875 0.044147843942505136
0 0.12158203125 0.7597535934291582 0.04052734375 0.04106776180698152
0 0.276611328125 0.2594969199178645 0.04150390625 0.044147843942505136
0 0.083984375 0.6937885010266941 0.041015625 0.04260780287474333
0 0.864013671875 0.7902977412731006 0.0390625 0.04209445585215606
0 0.198974609375 0.7487166324435318 0.04052734375 0.04260780287474333
0 0.28759765625 0.9163244353182751 0.04150390625 0.044147843942505136
0 0.888916015625 0.6922484599589322 0.0400390625 0.04158110882956879
0 0.655517578125 0.5544147843942505 0.03955078125 0.04260780287474333
0 0.885009765625 0.7600102669404517 0.0400390625 0.04260780287474333
0 0.935791015625 0.6475872689938398 0.0419921875 0.043634496919917866
0 0.4658203125 0.9715092402464066 0.03857421875 0.03747433264887064
0 0.6591796875 0.8100616016427105 0.04052734375 0.04158110882956879
0 0.2138671875 0.2456365503080082 0.04296875 0.04260780287474333
0 0.546142578125 0.5066735112936345 0.0390625 0.04209445585215606
0 0.820068359375 0.7379363449691991 0.0419921875 0.043121149897330596
0 0.4033203125 0.3629363449691992 0.03759765625 0.04004106776180698
0 0.275146484375 0.6747946611909651 0.03759765625 0.04004106776180698
0 0.124267578125 0.2933778234086242 0.037109375 0.04671457905544148
0 0.092529296875 0.35497946611909653 0.0419921875 0.043121149897330596
0 0.125244140625 0.35164271047227924 0.04296875 0.04620123203285421
0 0.1474609375 0.3757700205338809 0.0458984375 0.04671457905544148
0 0.049072265625 0.3891170431211499 0.04052734375 0.045174537987679675
0 0.079833984375 0.38783367556468173 0.03955078125 0.049281314168377825
0 0.11376953125 0.3860369609856263 0.03955078125 0.048767967145790556
0 0.06787109375 0.42453798767967144 0.04541015625 0.045174537987679675
0 0.102294921875 0.4188911704312115 0.04248046875 0.045174537987679675
0 0.071533203125 0.4940965092402464 0.04248046875 0.045174537987679675
0 0.069580078125 0.5292607802874744 0.03955078125 0.044661190965092405
0 0.094970703125 0.5148870636550308 0.03857421875 0.047741273100616016
0 0.126220703125 0.5074435318275154 0.03955078125 0.043634496919917866
0 0.048828125 0.5859856262833676 0.041015625 0.04671457905544148
0 0.075439453125 0.5975359342915811 0.03759765625 0.043634496919917866
0 0.105712890625 0.6016427104722792 0.0390625 0.04260780287474333
0 0.125244140625 0.5705852156057495 0.0419921875 0.04209445585215606
0 0.157958984375 0.5705852156057495 0.04443359375 0.044661190965092405
0 0.24462890625 0.4563655030800821 0.044921875 0.039527720739219716
0 0.19921875 0.3398357289527721 0.04736328125 0.048767967145790556
0 0.33447265625 0.41324435318275154 0.0400390625 0.04568788501026694
0 0.0966796875 0.6350102669404517 0.0419921875 0.04158110882956879
0 0.071533203125 0.6632443531827515 0.041015625 0.04055441478439425
0 0.105712890625 0.6655544147843943 0.04296875 0.04158110882956879
0 0.18212890625 0.7795174537987679 0.04052734375 0.04260780287474333
0 0.219970703125 0.8344455852156057 0.04052734375 0.038501026694045176
0 0.383544921875 0.8906570841889117 0.0390625 0.04671457905544148
0 0.385498046875 0.9271047227926078 0.03955078125 0.04620123203285421
0 0.39794921875 0.9586755646817249 0.0458984375 0.049281314168377825
0 0.448974609375 0.9332648870636551 0.03515625 0.044661190965092405
0 0.462890625 0.8226386036960985 0.048828125 0.04671457905544148
0 0.421875 0.6778747433264887 0.03857421875 0.04260780287474333
0 0.451416015625 0.6932751540041068 0.04150390625 0.04260780287474333
0 0.4892578125 0.6470739219712526 0.0380859375 0.04055441478439425
0 0.518310546875 0.6627310061601642 0.03759765625 0.04055441478439425
0 0.54345703125 0.6909650924024641 0.0341796875 0.037987679671457907
0 0.58154296875 0.6799281314168378 0.0390625 0.04568788501026694
0 0.611328125 0.6848049281314168 0.0419921875 0.043121149897330596
0 0.624755859375 0.5775154004106776 0.04443359375 0.044661190965092405
0 0.66748046875 0.6252566735112937 0.04296875 0.04568788501026694
0 0.656982421875 0.6619609856262834 0.0400390625 0.04158110882956879
0 0.73046875 0.6586242299794661 0.04443359375 0.04106776180698152
0 0.705810546875 0.686088295687885 0.04248046875 0.04106776180698152
0 0.67529296875 0.486652977412731 0.05029296875 0.04722792607802875
0 0.458740234375 0.4702258726899384 0.04150390625 0.04568788501026694
0 0.4931640625 0.7725872689938398 0.03955078125 0.045174537987679675
0 0.625 0.9029774127310062 0.0439453125 0.04568788501026694