0 0.6748046875 0.7828542094455853 0.03759765625 0.039527720739219716
0 0.74609375 0.896047227926078 0.0380859375 0.04004106776180698
0 0.927734375 0.6606776180698152 0.0361328125 0.038501026694045176
0 0.749267578125 0.5600616016427105 0.03759765625 0.04004106776180698
0 0.422607421875 0.8675564681724846 0.03564453125 0.037987679671457907
0 0.609375 0.7823408624229979 0.03564453125 0.03747433264887064
0 0.553955078125 0.9681724845995893 0.0361328125 0.037987679671457907
0 0.48486328125 0.9730492813141683 0.03662109375 0.038501026694045176
0 0.647216796875 0.4414784394250513 0.03564453125 0.0364476386036961
0 0.915283203125 0.688911704312115 0.037109375 0.038501026694045176
0 0.688720703125 0.7225359342915811 0.03662109375 0.038501026694045176
0 0.778564453125 0.43788501026694043 0.037109375 0.03696098562628337
0 0.56396484375 0.8228952772073922 0.03564453125 0.03747433264887064
0 0.65380859375 0.622946611909651 0.037109375 0.039014373716632446
0 0.8095703125 0.6863449691991786 0.0380859375 0.038501026694045176
0 0.592041015625 0.38424024640657084 0.0361328125 0.03747433264887064
0 0.9501953125 0.5667351129363449 0.0380859375 0.038501026694045176
0 0.855712890625 0.787217659137577 0.0390625 0.038501026694045176
0 0.666748046875 0.4247946611909651 0.03662109375 0.03747433264887064
0 0.431396484375 0.6352669404517454 0.03369140625 0.03696098562628337
0 0.496826171875 0.9286447638603696 0.0341796875 0.03696098562628337
0 0.82861328125 0.46688911704312114 0.0361328125 0.03747433264887064
0 0.717041015625 0.2802874743326489 0.037109375 0.03696098562628337
0 0.908203125 0.6095995893223819 0.03857421875 0.03696098562628337
0 0.6044921875 0.8909137577002053 0.03466796875 0.03696098562628337
0 0.900634765625 0.6434804928131417 0.0380859375 0.039527720739219716
0 0.882080078125 0.5046201232032854 0.03662109375 0.0364476386036961
0 0.622314453125 0.49589322381930184 0.037109375 0.03696098562628337
0 0.391357421875 0.9337782340862423 0.03564453125 0.038501026694045176
0 0.687744140625 0.4540554414784394 0.0341796875 0.03696098562628337
0 0.573486328125 0.5002566735112937 0.03515625 0.037987679671457907
0 0.511474609375 0.41683778234086244 0.03564453125 0.03593429158110883
0 0.462158203125 0.48331622176591377 0.03515625 0.0364476386036961
0 0.703369140625 0.8049281314168378 0.037109375 0.039527720739219716
0 0.677001953125 0.2828542094455852 0.037109375 0.037987679671457907
0 0.722412109375 0.7238193018480493 0.03662109375 0.039527720739219716
0 0.62158203125 0.9532854209445585 0.0361328125 0.039527720739219716
0 0.783203125 0.5600616016427105 0.03857421875 0.039014373716632446
0 0.413330078125 0.7823408624229979 0.0361328125 0.038501026694045176
0 0.95654296875 0.4491786447638604 0.03662109375 0.039014373716632446
0 0.337890625 0.9419917864476386 0.0361328125 0.039527720739219716
0 0.7216796875 0.4576488706365503 0.0361328125 0.03696098562628337
0 0.77197265625 0.4938398357289528 0.0361328125 0.037987679671457907
0 0.760009765625 0.2104722792607803 0.03857421875 0.04004106776180698
0 0.277099609375 0.8434291581108829 0.0361328125 0.037987679671457907
0 0.923095703125 0.5089835728952772 0.03662109375 0.038501026694045176
0 0.87109375 0.22304928131416837 0.0380859375 0.0364476386036961
0 0.851318359375 0.4391683778234086 0.03662109375 0.0364476386036961
0 0.8515625 0.5259240246406571 0.037109375 0.037987679671457907
0 0.916748046875 0.4086242299794661 0.03759765625 0.03747433264887064
0 0.891357421875 0.25051334702258726 0.0361328125 0.0364476386036961
0 0.59375 0.5977926078028748 0.03564453125 0.0364476386036961
0 0.4892578125 0.6794147843942505 0.03515625 0.037987679671457907
0 0.51904296875 0.6311601642710473 0.03515625 0.03747433264887064
0 0.898681640625 0.7248459958932238 0.037109375 0.039014373716632446
0 0.684814453125 0.893993839835729 0.03515625 0.038501026694045176
0 0.71533203125 0.9150410677618069 0.03564453125 0.03696098562628337
0 0.389404296875 0.5441478439425051 0.03515625 0.03593429158110883
0 0.593994140625 0.9260780287474333 0.03759765625 0.039014373716632446
0 0.246337890625 0.8942505133470225 0.03759765625 0.039527720739219716
0 0.19189453125 0.7700205338809035 0.03662109375 0.037987679671457907
0 0.2744140625 0.5836755646817249 0.037109375 0.038501026694045176
0 0.642822265625 0.3008213552361396 0.03759765625 0.037987679671457907
0 0.830078125 0.3408624229979466 0.03662109375 0.03696098562628337
0 0.251708984375 0.8177618069815195 0.03466796875 0.039527720739219716
0 0.57763671875 0.7158624229979466 0.03466796875 0.03696098562628337
0 0.586181640625 0.9620123203285421 0.03564453125 0.037987679671457907
0 0.765380859375 0.40708418891170434 0.0361328125 0.03747433264887064
0 0.713134765625 0.8816735112936345 0.03564453125 0.04055441478439425
0 0.210693359375 0.670687885010267 0.03564453125 0.039014373716632446
0 0.6953125 0.24974332648870637 0.0361328125 0.03747433264887064
0 0.94580078125 0.38732032854209447 0.0380859375 0.038501026694045176
0 0.445068359375 0.4509753593429158 0.03515625 0.03542094455852156
0 0.61962890625 0.3290554414784394 0.037109375 0.037987679671457907
0 0.678466796875 0.9314681724845996 0.037109375 0.039014373716632446
0 0.638427734375 0.8326488706365504 0.0361328125 0.038501026694045176
0 0.77294921875 0.8734599589322382 0.03759765625 0.04055441478439425
0 0.65283203125 0.9042607802874744 0.037109375 0.03747433264887064
0 0.75830078125 0.46072895277207393 0.03662109375 0.038501026694045176
0 0.4677734375 0.9371149897330595 0.03271484375 0.03593429158110883
0 0.539794921875 0.5582648870636551 0.03466796875 0.03696098562628337
0 0.501220703125 0.7756673511293635 0.0361328125 0.03747433264887064
0 0.736328125 0.8205852156057495 0.03515625 0.039014373716632446
0 0.81396484375 0.31134496919917864 0.03564453125 0.03747433264887064
0 0.157470703125 0.8180184804928131 0.03759765625 0.038501026694045176
0 0.82177734375 0.23382956878850103 0.03759765625 0.039527720739219716
0 0.151611328125 0.7461498973305954 0.0361328125 0.039527720739219716
0 0.810546875 0.747946611909651 0.03759765625 0.037987679671457907
0 0.126953125 0.7143223819301848 0.03662109375 0.039014373716632446
0 0.831787109375 0.276694045174538 0.037109375 0.037987679671457907
0 0.1611328125 0.7084188911704312 0.037109375 0.039527720739219716
0 0.8408203125 0.20277207392197125 0.03759765625 0.039527720739219716
0 0.626708984375 0.6845482546201233 0.03662109375 0.04055441478439425
0 0.639892578125 0.8013347022587269 0.03564453125 0.038501026694045176
0 0.65869140625 0.25436344969199176 0.03564453125 0.039527720739219716
0 0.398681640625 0.8133983572895277 0.03564453125 0.04158110882956879
0 0.360107421875 0.521047227926078 0.03759765625 0.039527720739219716
0 0.852294921875 0.2523100616016427 0.03564453125 0.03593429158110883
0 0.596435546875 0.25539014373716634 0.0361328125 0.04055441478439425
0 0.576904296875 0.7174024640657084 0.03369140625 0.0364476386036961
0 0.7958984375 0.2091889117043121 0.03759765625 0.039014373716632446
0 0.9365234375 0.3470225872689938 0.0380859375 0.04055441478439425
0 0.374267578125 0.9561088295687885 0.03759765625 0.04055441478439425
0 0.77001953125 0.24306981519507187 0.03662109375 0.03696098562628337
0 0.924560546875 0.3131416837782341 0.037109375 0.038501026694045176
0 0.5546875 0.9666324435318275 0.03466796875 0.037987679671457907
0 0.656005859375 0.9417351129363449 0.0390625 0.03747433264887064
0 0.886962890625 0.3105749486652977 0.04345703125 0.04620123203285421
0 0.90087890625 0.3467659137577002 0.0400390625 0.039527720739219716
0 0.884521484375 0.3660164271047228 0.037109375 0.03747433264887064
0 0.845947265625 0.41042094455852157 0.05810546875 0.054928131416837785
0 0.807861328125 0.37243326488706363 0.04052734375 0.04722792607802875
0 0.659912109375 0.3311088295687885 0.03466796875 0.043121149897330596
0 0.642333984375 0.35626283367556466 0.03076171875 0.03542094455852156
0 0.60400390625 0.3608829568788501 0.0390625 0.04158110882956879
0 0.6533203125 0.38732032854209447 0.04638671875 0.045174537987679675
0 0.69921875 0.43044147843942504 0.03564453125 0.043634496919917866
0 0.81494140625 0.5284907597535934 0.04248046875 0.04004106776180698
0 0.8134765625 0.561858316221766 0.041015625 0.044147843942505136
0 0.850830078125 0.5603182751540041 0.03857421875 0.04055441478439425
0 0.9345703125 0.47150924024640656 0.0400390625 0.045174537987679675
0 0.95166015625 0.41478439425051333 0.0478515625 0.049794661190965095
0 0.87255859375 0.590605749486653 0.04150390625 0.04106776180698152
0 0.93115234375 0.5885523613963038 0.0400390625 0.04106776180698152
0 0.9375 0.6224332648870636 0.046875 0.044661190965092405
0 0.831787109375 0.5908624229979466 0.0400390625 0.044147843942505136
0 0.8720703125 0.6178131416837782 0.0400390625 0.04004106776180698
0 0.838134765625 0.6301334702258727 0.05029296875 0.04260780287474333
0 0.82470703125 0.6568275154004107 0.04345703125 0.04055441478439425
0 0.842041015625 0.6917351129363449 0.03564453125 0.044147843942505136
0 0.824462890625 0.7823408624229979 0.03564453125 0.0364476386036961
0 0.77587890625 0.6809548254620124 0.037109375 0.039014373716632446
0 0.736328125 0.6794147843942505 0.0380859375 0.04055441478439425
0 0.748291015625 0.5972792607802875 0.037109375 0.04209445585215606
0 0.837890625 0.5007700205338809 0.04296875 0.04620123203285421
0 0.8115234375 0.4353182751540041 0.0390625 0.04004106776180698
0 0.6171875 0.42890143737166325 0.03857421875 0.043121149897330596
0 0.582763671875 0.4160677618069815 0.04345703125 0.04260780287474333
0 0.521240234375 0.45328542094455854 0.03759765625 0.04260780287474333
0 0.48388671875 0.459958932238193 0.0439453125 0.048767967145790556
0 0.621337890625 0.5490246406570842 0.03955078125 0.037987679671457907
0 0.685546875 0.5710985626283368 0.0439453125 0.04055441478439425
0 0.69091796875 0.5990759753593429 0.03759765625 0.045174537987679675
0 0.446044921875 0.5536447638603696 0.0390625 0.04055441478439425
0 0.409423828125 0.5659650924024641 0.04248046875 0.043121149897330596
0 0.46533203125 0.62217659137577 0.041015625 0.04722792607802875
0 0.604248046875 0.7102156057494866 0.0390625 0.047741273100616016
0 0.63916015625 0.8701232032854209 0.0439453125 0.052874743326488706
0 0.6279296875 0.9158110882956879 0.04052734375 0.045174537987679675
0 0.563720703125 0.930441478439425 0.0390625 0.045174537987679675
0 0.528564453125 0.9306981519507187 0.04248046875 0.050308008213552365
0 0.511962890625 0.9022073921971252 0.0439453125 0.04620123203285421
0 0.473876953125 0.7882443531827515 0.0439453125 0.048767967145790556
0 0.444091796875 0.7782340862422998 0.03271484375 0.04671457905544148
0 0.419921875 0.747946611909651 0.03076171875 0.037987679671457907
0 0.41943359375 0.707135523613963 0.04150390625 0.04620123203285421
0 0.3876953125 0.6776180698151951 0.04248046875 0.04671457905544148
0 0.36328125 0.6611909650924025 0.03466796875 0.04722792607802875
0 0.33203125 0.6681211498973306 0.0302734375 0.04106776180698152
0 0.2998046875 0.6542607802874744 0.0439453125 0.04620123203285421
0 0.29296875 0.6119096509240246 0.0341796875 0.03593429158110883
0 0.308349609375 0.5752053388090349 0.03515625 0.04620123203285421
0 0.261474609375 0.6668377823408624 0.04150390625 0.04568788501026694
0 0.2470703125 0.6894250513347022 0.0400390625 0.04620123203285421
0 0.212646484375 0.7048254620123203 0.04052734375 0.04722792607802875
0 0.18505859375 0.6799281314168378 0.03564453125 0.04568788501026694
0 0.300048828125 0.7256160164271047 0.04345703125 0.03696098562628337
0 0.27197265625 0.7025154004106776 0.02880859375 0.04106776180698152
0 0.321044921875 0.760523613963039 0.04443359375 0.043121149897330596
0 0.361083984375 0.7743839835728953 0.04833984375 0.04568788501026694
0 0.348388671875 0.8431724845995893 0.03759765625 0.037987679671457907
0 0.418212890625 0.8308521560574949 0.041015625 0.044661190965092405
0 0.353271484375 0.8819301848049281 0.03857421875 0.045174537987679675
0 0.28076171875 0.8026180698151951 0.0361328125 0.04568788501026694
0 0.224365234375 0.7941478439425051 0.03466796875 0.04004106776180698
0 0.225830078125 0.7548767967145791 0.03955078125 0.04158110882956879