0 0.3298328061455038 0.7859356370003275 0.03704925440578399 0.03901292623112819
0 0.26049706281066426 0.9004090259999945 0.037383642114776294 0.03952600416987181
0 0.07501129688206055 0.6683790296465445 0.03561229100768187 0.038020025405226324
0 0.25170808856755533 0.5646802773604916 0.03677361048350658 0.03952600416987181
0 0.5834975146859467 0.8660185519392131 0.03494351558969733 0.03737867798179685
0 0.3952643470402169 0.7843964031840969 0.035155896972435596 0.036960614476154174
0 0.45385901491188435 0.9691994755648673 0.03539990962494355 0.037506947466482934
0 0.522950745594216 0.9727910211360721 0.036073203795752296 0.03773023138426925
0 0.35180750112968817 0.44430174134361916 0.03521915951197474 0.03583944416556634
0 0.08788974243108902 0.6966125684424035 0.03671486669679169 0.037858500868955335
0 0.31494351558969724 0.7258722631157497 0.036163578852236755 0.03779674148743977
0 0.2204609127880705 0.4430190464967604 0.03634432896520562 0.03612448746486834
0 0.4414053321283326 0.8239224073539687 0.03488025305015818 0.03708888396084002
0 0.3481427925892454 0.6257698071225566 0.03671486669679169 0.038210054271427735
0 0.1934794396746498 0.6919901162720568 0.03732489832806146 0.03756870684799826
0 0.40600542250338906 0.3860388909662986 0.03539990962494355 0.036737330558367504
0 0.05108450067781292 0.5749465868570173 0.037474017171260726 0.037858500868955335
0 0.14904654315408947 0.7936365568031355 0.03832806145503842 0.037668472002753924
0 0.33203343877089925 0.42787374586051624 0.03588793492995934 0.036609061073681656
0 0.5707998192498871 0.6339838048641081 0.03301852688657925 0.03648079158899569
0 0.5102530501581564 0.9286425647958535 0.03372345232715768 0.03638577715589522
0 0.17089923181201988 0.47304835807822176 0.03561229100768187 0.037027124579324576
0 0.27929507455942165 0.28439245043521993 0.03628558517849079 0.036257507671209256
0 0.09368730230456394 0.6170427314422615 0.037749661093538195 0.03631926705272471
0 0.40210122006326254 0.8927081061971865 0.03402620876638052 0.03619099756803886
0 0.10192950745594216 0.6509248782859546 0.03732489832806146 0.038599613447140226
0 0.11798011748757342 0.5115482063706064 0.036163578852236755 0.03583944416556634
0 0.37768639855399916 0.4982034292416197 0.0365612291007682 0.03631926705272471
0 0.6157207410754632 0.9317257831499698 0.03521915951197463 0.038020025405226324
0 0.3115228197017623 0.4573899795032341 0.033601446000903756 0.03612448746486834
0 0.4265115228197018 0.5015384358434526 0.034699502937189375 0.037440437363312415
0 0.4870582919114324 0.41709435842524717 0.03527790329868952 0.03545463571150869
0 0.5375960234975147 0.48254505066663206 0.03442385901491196 0.03577293406239594
0 0.30175779484862175 0.8085205677483529 0.03628558517849079 0.03866137282865579
0 0.3193357433348396 0.2861929739424773 0.0365612291007682 0.03756870684799826
0 0.2812516945323091 0.7279245748707238 0.035951197469498375 0.038951166849612855
0 0.38598734749209224 0.9553368697754822 0.0354902846814279 0.038951166849612855
0 0.21789426118391325 0.5651933552992351 0.03790329868956166 0.038499848292384564
0 0.591310438319024 0.7808001068912372 0.03534116583822855 0.037668472002753924
0 0.04257117035698147 0.4576465184726059 0.036073203795752365 0.03821005427142762
0 0.6694351558969724 0.9389136250140341 0.03549028468142801 0.039112691385883844
0 0.2775869859918662 0.46175589270420914 0.03567555354722096 0.036257507671209256
0 0.22802530501581564 0.4987165071803632 0.03573429733393585 0.037088883960839904
0 0.23522819701762313 0.21522194313794443 0.037690917306823335 0.0393027202520852
0 0.7285178490736557 0.8393242469595845 0.03539990962494355 0.037312167878626575
0 0.07720741075463174 0.5166837364796967 0.03616357885223678 0.03808178478674189
0 0.12432896520560326 0.22984941511379 0.03769091730682331 0.03599621798018244
0 0.14782647989154993 0.44558443619047794 0.03616357885223681 0.03599621798018238
0 0.14880253050158157 0.5323421150546843 0.03661997288748303 0.03756870684799826
0 0.08178490736556711 0.41632474151713184 0.0368956168097605 0.0366708204551971
0 0.1044916403072752 0.25782641494027736 0.03573429733393585 0.03583944416556634
0 0.40795752372345234 0.5995885800816716 0.03488025305015818 0.03558290519619453
0 0.5136737460460913 0.6791584170818136 0.034609127880705026 0.037506947466482934
0 0.4831540894713059 0.6314184151703903 0.03454586534116588 0.03702712457932446
0 0.1050429281518301 0.7320339491023271 0.03661997288748306 0.038438088910869236
0 0.3217758698599187 0.8973305583675333 0.03454586534116588 0.037858500868955335
0 0.29150474469046544 0.9188893332380715 0.03521915951197474 0.03648079158899569
0 0.6113285133303208 0.5420953466124664 0.034609127880705026 0.035198096742136996
0 0.4130863081789426 0.9276164089183664 0.03710799819249888 0.03830981942618339
0 0.7602530501581564 0.8896296385647253 0.036836873023045724 0.03872788293182631
0 0.8124988703117939 0.7643721114081343 0.03588793492995923 0.03721715344552587
0 0.727049254405784 0.579569039027364 0.03661997288748298 0.03808178478674189
0 0.35400361500225935 0.30338583561204047 0.03704925440578399 0.03756870684799826
0 0.16723452327157703 0.34702121401351543 0.03600994125621326 0.036542550970511255
0 0.7534161771351107 0.8131430199186995 0.03408947130591966 0.038951166849612855
0 0.42602349751468593 0.7171451874354547 0.03402620876638052 0.036257507671209145
0 0.42138725711703573 0.9635508675170334 0.034821509263443295 0.037440437363312415
0 0.23315408947130595 0.4119588283161568 0.03539990962494355 0.03686560004305347
0 0.2932128332580208 0.8855250150547772 0.034943515589697216 0.0396875287061428
0 0.7919927699954813 0.6652958112924283 0.03521915951197463 0.03830981942618339
0 0.30053773158608227 0.25333698297627144 0.03555354722096704 0.036737330558367566
0 0.052336195210122005 0.3955355835547089 0.037596023497514675 0.037925010972125736
0 0.5541979213737009 0.449950349391453 0.034487121554450884 0.03503657220586589
0 0.3774423859014912 0.3313675861601828 0.03628558517849079 0.03737867798179697
0 0.3286127428829643 0.9348042507824309 0.0365612291007682 0.03814829488991217
0 0.36718933574333484 0.8352148727279813 0.03539990962494355 0.038020025405226324
0 0.23339810212381384 0.8783371731907127 0.03677361048350658 0.03991081262392935
0 0.35400361500225935 0.9070837899253154 0.03634432896520556 0.0366708204551971
0 0.2409670131043832 0.4656039772447856 0.03616357885223681 0.03808178478674177
0 0.5395526434704022 0.9363434845986616 0.03216448260280158 0.035098331587381335
0 0.4611793944871216 0.5590364200343129 0.034238590149118786 0.03619099756803886
0 0.5034161771351107 0.775669327503802 0.03549028468142801 0.03702712457932446
0 0.26904202440126523 0.8249485632314557 0.03442385901491185 0.038499848292384564
0 0.18298237686398555 0.3172484414014257 0.035155896972435596 0.03679908993988295
0 0.8476547672842295 0.8116037861024691 0.03698599186624496 0.03779674148743977
0 0.17382738364211478 0.2398591856409438 0.03710799819249888 0.03878964231334164
0 0.852539539087212 0.7397348689051348 0.03573429733393585 0.03872788293182631
0 0.19360144600090376 0.7535927239728653 0.037202892001807486 0.03721715344552587
0 0.8764663352914596 0.7073919558776726 0.03588793492995923 0.03837157880769872
0 0.16467239042024404 0.2828532166189893 0.03649796656122911 0.03731216787862646
0 0.8422864889290557 0.7022564257685824 0.03643922277451428 0.03872788293182631
0 0.1542973339358337 0.20918852663605297 0.03683687302304567 0.03866137282865579
0 0.37646633529145956 0.6868593368846215 0.035829191143244454 0.0396875287061428
0 0.36523271577044736 0.8039028662996611 0.035155896972435596 0.03779674148743977
0 0.3371577044735653 0.2573133370015338 0.035155896972435596 0.03866137282865579
0 0.6064437415273385 0.8116037861024691 0.03494351558969733 0.04081344973838546
0 0.6401355625847266 0.518479509265299 0.0368956168097605 0.03878964231334164
0 0.1436782647989155 0.25885732153941937 0.03506552191595119 0.03525985612365238
0 0.3994125621328513 0.2573133370015338 0.03555354722096704 0.03991081262392935
0 0.4267600542250339 0.7186844212516852 0.03295978309986447 0.03577293406239594
0 0.1993402620876638 0.21470886519920093 0.036985991866244905 0.038309819426183334
0 0.06109805693628559 0.35497867278569517 0.037261635788522374 0.039849053242413904
0 0.633298689561681 0.9537976359592515 0.03710799819249888 0.03975403880931331
0 0.22570718481699054 0.24794491389780937 0.03622232263895164 0.0365425509705112
0 0.07238590149118844 0.3208399869726305 0.03661997288748306 0.037925010972125736
0 0.4531269769543606 0.9676602417486366 0.033904202440126485 0.037155394064010305
0 0.35131947582467243 0.944557482340213 0.03845006778129234 0.03686560004305347
0 0.10990962494351558 0.31765225274210357 0.042516945323090805 0.04564968438320883
0 0.09656574785359241 0.3542660645374403 0.03934929959331224 0.038993923344508026
0 0.11330320831450519 0.37305041796143934 0.036638047898779946 0.03661381179533673
0 0.15265250790781745 0.41679981368263513 0.0574423859014912 0.05373541264007434
0 0.18996836873023046 0.3780434264208787 0.03980117487573431 0.046599828714215294
0 0.3371938544961591 0.33405649461693127 0.0339222774514234 0.0423241792246859
0 0.35528694080433804 0.35878400083137635 0.030302756439222756 0.03471352313332368
0 0.3937324898328062 0.3628268649598091 0.038445549028468085 0.040894212006521075
0 0.3448847718029824 0.390172018806177 0.04568459105286937 0.044224467886698954
0 0.29965205603253503 0.43415419988846937 0.03482602801626755 0.04279925139018919
0 0.18567103479439676 0.5342519051600075 0.042065070040668784 0.0394689955100112
0 0.18748305467690918 0.5675402117968215 0.04025756891098059 0.04327432355569248
0 0.15016719385449617 0.5668276035485664 0.03799367374604612 0.03994406767551449
0 0.06490736556710347 0.47956634818892657 0.03934929959331224 0.044224467886698954
0 0.04704021690013556 0.4229805025558326 0.04704021690013557 0.0489799402633867
0 0.12890646181653864 0.5974982625534572 0.04070944419340261 0.04041913984101778
0 0.07033438770899232 0.5965481182224508 0.03934929959331224 0.04041913984101778
0 0.06468142792589245 0.6305490331075194 0.04613646633529145 0.04374939572119577
0 0.1698418436511523 0.597023190387954 0.03934929959331224 0.04327432355569248
0 0.13004066877541798 0.6246058803170736 0.03934929959331224 0.03946899551001143
0 0.16418888386805244 0.6362546498152136 0.04975598734749209 0.04184435633752766
0 0.17798463624039765 0.6628824446916717 0.04296882060551288 0.03994406767551449
0 0.16124717577948486 0.6980710399904986 0.034826028016267496 0.04374939572119577
0 0.18024401265250792 0.788187479064813 0.034826028016267496 0.03566366746433015
0 0.2272842295526435 0.6859471983268554 0.036638047898779946 0.038518851179004845
0 0.2666335291459557 0.6838093735820907 0.03754179846362404 0.03994406767551449
0 0.25329417080885674 0.6017786627646416 0.036186172616357926 0.041369284172024366
0 0.16215092634432896 0.5069115020352946 0.042065070040668784 0.04564968438320871
0 0.18748305467690918 0.4410522477315768 0.03844554902846814 0.03946899551001132
0 0.3817487573429733 0.4310662308126982 0.03799367374604612 0.0423241792246859
0 0.4158969724356078 0.41751242193089 0.04296882060551288 0.04184435633752766
0 0.4780885675553547 0.4536511615607234 0.03708992318120197 0.04184435633752766
0 0.5154044283777677 0.45959431435116926 0.04296882060551299 0.04802979593238012
0 0.37948486217803884 0.5511359699219934 0.03889742431089016 0.03708888396084002
0 0.3157117035698147 0.5744382596399288 0.04342069588793496 0.03994406767551449
0 0.31073655671034794 0.6024912710128966 0.03708992318120197 0.044699540052202356
0 0.55475372797108 0.5525611864185034 0.038445549028468085 0.03994406767551449
0 0.591617713511071 0.5642147066382985 0.04161319475824676 0.0423241792246859
0 0.5366651604157253 0.6215131605196473 0.040257568910980535 0.046599828714215294
0 0.399159511974695 0.71209992103781 0.038445549028468085 0.047074900879718586
0 0.367049254405784 0.8725935507097783 0.04296882060551288 0.05231019614356446
0 0.3790329868956168 0.9180056990102353 0.03980117487573431 0.044224467886699065
0 0.44348847718029827 0.9315547571703885 0.038445549028468085 0.044699540052202356
0 0.4785404428377768 0.9310796850048852 0.04161319475824676 0.04945501242888999
0 0.4948260280162675 0.9023140653836625 0.043420695887934846 0.04517461221770565
0 0.5307817442385901 0.7877076561776547 0.04296882060551277 0.04802979593238012
0 0.5606371441482152 0.7772465670932728 0.032114776321735095 0.046124756548712
0 0.5841572525982829 0.7463383720056304 0.030302756439222867 0.03756870684799826
0 0.5839313149570718 0.7056816960818609 0.04070944419340261 0.04564968438320871
0 0.6151378219611388 0.6754861092424732 0.04161319475824676 0.046124756548712
0 0.6393357433348396 0.6586067952021423 0.0339222774514234 0.046599828714215294
0 0.6707727067329418 0.6650250201580914 0.02985088115680079 0.04041913984101778
0 0.7026615454134659 0.6505210669452768 0.04296882060551299 0.04564968438320871
0 0.7087663804789879 0.6081968877205909 0.03347040216900132 0.035188595298826855
0 0.6929371893357433 0.5715830759252541 0.034374152733845476 0.04564968438320871
0 0.741333032083145 0.6624073725261683 0.04070944419340261 0.044699540052202356
0 0.7560325350203344 0.6847595179130971 0.03934929959331224 0.04564968438320871
0 0.7906326253953909 0.6995010072086635 0.03980117487573431 0.046599828714215294
0 0.8179981924988704 0.6740608927459635 0.03482602801626755 0.04517461221770542
0 0.70356529597831 0.7218484018739371 0.04296882060551277 0.03613873962983344
0 0.7313827383642115 0.6983133267949053 0.028043380027112486 0.04041913984101778
0 0.6832128332580208 0.7572745332555155 0.04387257117035692 0.0423241792246859
0 0.6434071396294623 0.7717784864683302 0.04749209218255768 0.044699540052202356
0 0.6572028920018076 0.840255388403971 0.03708992318120208 0.03708888396084002
0 0.5873203795752373 0.8293192271540858 0.040257568910980535 0.04374939572119577
0 0.6531314957071849 0.879249311748479 0.03799367374604601 0.044699540052202356
0 0.7241436963398102 0.7986485681491949 0.03527790329868963 0.04517461221770565
0 0.7804563940352464 0.7891376233958196 0.0339222774514234 0.0394689955100112
0 0.7784229552643471 0.7499061639685599 0.03889742431089016 0.040894212006521075