0 0.586669921875 0.4232546201232033 0.04248046875 0.04209445585215606
0 0.884521484375 0.7607802874743327 0.0439453125 0.044661190965092405
0 0.839111328125 0.7592402464065708 0.044921875 0.043634496919917866
0 0.802001953125 0.7543634496919918 0.041015625 0.043634496919917866
0 0.78515625 0.7153490759753593 0.03564453125 0.03593429158110883
0 0.742431640625 0.7248459958932238 0.04150390625 0.04106776180698152
0 0.863525390625 0.7328028747433265 0.03759765625 0.037987679671457907
0 0.84521484375 0.6991786447638604 0.03857421875 0.03696098562628337
0 0.79736328125 0.6830082135523614 0.03515625 0.038501026694045176
0 0.743896484375 0.6383470225872689 0.03564453125 0.037987679671457907
0 0.719482421875 0.622946611909651 0.04150390625 0.04158110882956879
0 0.868896484375 0.6753080082135524 0.04150390625 0.04158110882956879
0 0.869140625 0.6475872689938398 0.04150390625 0.037987679671457907
0 0.843994140625 0.6373203285420944 0.04052734375 0.04209445585215606
0 0.821044921875 0.614476386036961 0.0390625 0.043121149897330596
0 0.919921875 0.702258726899384 0.0390625 0.039014373716632446
0 0.9326171875 0.6709445585215605 0.0419921875 0.044661190965092405
0 0.89892578125 0.667864476386037 0.04052734375 0.04055441478439425
0 0.91943359375 0.6386036960985626 0.044921875 0.045174537987679675
0 0.948486328125 0.6257700205338809 0.03564453125 0.043121149897330596
0 0.824951171875 0.5782854209445585 0.046875 0.045174537987679675
0 0.7958984375 0.5562114989733059 0.04052734375 0.04055441478439425
0 0.763916015625 0.5367043121149897 0.0390625 0.039014373716632446
0 0.736083984375 0.553388090349076 0.0390625 0.033880903490759756
0 0.72802734375 0.5213039014373717 0.03955078125 0.04004106776180698
0 0.82666015625 0.5064168377823408 0.03662109375 0.038501026694045176
0 0.826416015625 0.47664271047227924 0.03955078125 0.043121149897330596
0 0.826171875 0.4432751540041068 0.04150390625 0.043634496919917866
0 0.85791015625 0.4622689938398357 0.04296875 0.03593429158110883
0 0.85205078125 0.4306981519507187 0.0380859375 0.03747433264887064
0 0.883544921875 0.4414784394250513 0.0390625 0.039527720739219716
0 0.889404296875 0.40939425051334705 0.04443359375 0.04158110882956879
0 0.913330078125 0.388347022587269 0.04443359375 0.044661190965092405
0 0.94580078125 0.4004106776180698 0.0380859375 0.043121149897330596
0 0.95166015625 0.4419917864476386 0.03857421875 0.04260780287474333
0 0.9208984375 0.4620123203285421 0.041015625 0.04260780287474333
0 0.9580078125 0.47895277207392195 0.04150390625 0.037987679671457907
0 0.956298828125 0.5115503080082136 0.0419921875 0.04106776180698152
0 0.925048828125 0.49589322381930184 0.0380859375 0.04004106776180698
0 0.923583984375 0.5315708418891171 0.0390625 0.04055441478439425
0 0.92333984375 0.5644250513347022 0.03515625 0.039527720739219716
0 0.923828125 0.32931211498973306 0.04541015625 0.044661190965092405
0 0.89990234375 0.3531827515400411 0.03564453125 0.038501026694045176
0 0.86669921875 0.3665297741273101 0.04296875 0.04158110882956879
0 0.8349609375 0.3606262833675565 0.041015625 0.04568788501026694
0 0.823974609375 0.385523613963039 0.04296875 0.04055441478439425
0 0.803466796875 0.4160677618069815 0.03955078125 0.04055441478439425
0 0.7802734375 0.3957905544147844 0.04345703125 0.04055441478439425
0 0.790283203125 0.37294661190965095 0.041015625 0.044147843942505136
0 0.797607421875 0.334958932238193 0.04296875 0.045174537987679675
0 0.908447265625 0.29645790554414786 0.0390625 0.044147843942505136
0 0.839111328125 0.2910677618069815 0.046875 0.04260780287474333
0 0.87744140625 0.23280287474332648 0.04443359375 0.04568788501026694
0 0.838623046875 0.24152977412731005 0.041015625 0.04106776180698152
0 0.787841796875 0.23870636550308008 0.04345703125 0.039014373716632446
0 0.74072265625 0.2777207392197125 0.03466796875 0.04260780287474333
0 0.710693359375 0.2849075975359343 0.04736328125 0.048254620123203286
0 0.659912109375 0.34856262833675566 0.04345703125 0.044147843942505136
0 0.664794921875 0.3177618069815195 0.04052734375 0.04004106776180698
0 0.63134765625 0.32571868583162217 0.04443359375 0.04568788501026694
0 0.61474609375 0.3557494866529774 0.0380859375 0.037987679671457907
0 0.695556640625 0.41683778234086244 0.04248046875 0.039527720739219716
0 0.623046875 0.44096509240246407 0.037109375 0.04004106776180698
0 0.615966796875 0.4055441478439425 0.0400390625 0.043121149897330596
0 0.554931640625 0.4427618069815195 0.03857421875 0.03593429158110883
0 0.541259765625 0.42530800821355236 0.0380859375 0.04158110882956879
0 0.64404296875 0.5556981519507187 0.041015625 0.04209445585215606
0 0.59033203125 0.5459445585215605 0.03759765625 0.04055441478439425
0 0.576171875 0.516170431211499 0.0361328125 0.04209445585215606
0 0.573974609375 0.47869609856262835 0.041015625 0.04055441478439425
0 0.631591796875 0.688911704312115 0.04638671875 0.04260780287474333
0 0.55859375 0.6360369609856262 0.0400390625 0.04055441478439425
0 0.588623046875 0.6072895277207392 0.03564453125 0.04004106776180698
0 0.5478515625 0.598305954825462 0.0390625 0.04260780287474333
0 0.507568359375 0.6321868583162218 0.041015625 0.04158110882956879
0 0.51171875 0.5947125256673511 0.03564453125 0.038501026694045176
0 0.5322265625 0.5664784394250514 0.03955078125 0.037987679671457907
0 0.449951171875 0.5723819301848049 0.03759765625 0.04568788501026694
0 0.407470703125 0.5798254620123203 0.04052734375 0.04722792607802875
0 0.431640625 0.510523613963039 0.03564453125 0.043121149897330596
0 0.414306640625 0.5420944558521561 0.03955078125 0.039014373716632446
0 0.39501953125 0.5051334702258727 0.03759765625 0.04055441478439425
0 0.36083984375 0.5053901437371663 0.03564453125 0.04055441478439425
0 0.514892578125 0.44994866529774125 0.0380859375 0.039014373716632446
0 0.470947265625 0.4509753593429158 0.03955078125 0.044147843942505136
0 0.447265625 0.4358316221765914 0.0400390625 0.04106776180698152
0 0.41357421875 0.46329568788501024 0.04345703125 0.043121149897330596
0 0.413330078125 0.42915811088295686 0.0390625 0.043121149897330596
0 0.427001953125 0.39604722792607805 0.037109375 0.04260780287474333
0 0.40869140625 0.3714065708418891 0.03662109375 0.044661190965092405
0 0.39990234375 0.33598562628336753 0.03955078125 0.043121149897330596
0 0.375 0.3108316221765914 0.037109375 0.044147843942505136
0 0.3505859375 0.3154517453798768 0.03759765625 0.049281314168377825
0 0.308837890625 0.3193018480492813 0.03955078125 0.044147843942505136
0 0.60400390625 0.2990246406570842 0.0390625 0.039014373716632446
0 0.61669921875 0.26745379876796715 0.0400390625 0.03593429158110883
0 0.584716796875 0.27002053388090347 0.0439453125 0.04260780287474333
0 0.5693359375 0.2469199178644764 0.04345703125 0.04260780287474333
0 0.536376953125 0.25308008213552363 0.03759765625 0.044147843942505136
0 0.535888671875 0.28850102669404515 0.04296875 0.04671457905544148
0 0.567626953125 0.3557494866529774 0.0400390625 0.039527720739219716
0 0.4931640625 0.38270020533880905 0.0400390625 0.038501026694045176
0 0.500244140625 0.3506160164271047 0.04443359375 0.045174537987679675
0 0.33203125 0.44224845995893225 0.04541015625 0.04260780287474333
0 0.28466796875 0.4407084188911704 0.04248046875 0.04620123203285421
0 0.308837890625 0.4163244353182752 0.0390625 0.04106776180698152
0 0.33056640625 0.3862936344969199 0.04150390625 0.039527720739219716
0 0.2890625 0.3862936344969199 0.04443359375 0.04158110882956879
0 0.25146484375 0.3832135523613963 0.037109375 0.043634496919917866
0 0.240966796875 0.4201745379876797 0.037109375 0.04004106776180698
0 0.679931640625 0.2464065708418891 0.04248046875 0.039014373716632446
0 0.735595703125 0.21765913757700206 0.03662109375 0.037987679671457907
0 0.74365234375 0.19019507186858317 0.0380859375 0.03490759753593429
0 0.701416015625 0.21509240246406572 0.04296875 0.04106776180698152
0 0.688232421875 0.186088295687885 0.0400390625 0.044661190965092405
0 0.665771484375 0.2166324435318275 0.04150390625 0.04004106776180698
0 0.65576171875 0.18916837782340862 0.0390625 0.04158110882956879
0 0.6298828125 0.17890143737166325 0.0400390625 0.037987679671457907
0 0.603515625 0.2037987679671458 0.041015625 0.04260780287474333
0 0.833251953125 0.1801848049281314 0.0400390625 0.043121149897330596
0 0.8115234375 0.1540041067761807 0.0458984375 0.04620123203285421
0 0.78125 0.13218685831622176 0.0390625 0.04209445585215606
0 0.75341796875 0.15734086242299794 0.041015625 0.039527720739219716
0 0.6513671875 0.1524640657084189 0.0400390625 0.03747433264887064
0 0.63525390625 0.12551334702258726 0.04296875 0.04260780287474333
0 0.607421875 0.11447638603696099 0.03857421875 0.04158110882956879
0 0.57275390625 0.13937371663244352 0.0419921875 0.039014373716632446
0 0.54345703125 0.14194045174537986 0.04443359375 0.039527720739219716
0 0.544677734375 0.11319301848049282 0.04150390625 0.04004106776180698
0 0.535888671875 0.07879876796714579 0.041015625 0.04209445585215606
0 0.501220703125 0.07392197125256673 0.03515625 0.04158110882956879
0 0.466552734375 0.059034907597535935 0.04541015625 0.04106776180698152
0 0.462158203125 0.030800821355236138 0.0478515625 0.044661190965092405
0 0.49267578125 0.028490759753593428 0.03515625 0.043121149897330596
0 0.55859375 0.03131416837782341 0.03955078125 0.039527720739219716
0 0.568359375 0.06493839835728953 0.03857421875 0.04055441478439425
0 0.599365234375 0.040811088295687886 0.04150390625 0.043634496919917866
0 0.631103515625 0.047741273100616016 0.04150390625 0.043121149897330596
0 0.62939453125 0.08572895277207392 0.0390625 0.043121149897330596
0 0.6591796875 0.09907597535934291 0.04052734375 0.04260780287474333
0 0.697021484375 0.07340862422997947 0.0380859375 0.039014373716632446
0 0.723388671875 0.09240246406570841 0.04345703125 0.04158110882956879
0 0.54736328125 0.17864476386036962 0.04296875 0.043634496919917866
0 0.51123046875 0.18352156057494867 0.046875 0.044147843942505136
0 0.480224609375 0.16350102669404518 0.04345703125 0.04260780287474333
0 0.455810546875 0.15143737166324436 0.04345703125 0.04260780287474333
0 0.48046875 0.29876796714579057 0.04248046875 0.049281314168377825
0 0.392578125 0.26899383983572894 0.03759765625 0.04158110882956879
0 0.414794921875 0.24897330595482547 0.03955078125 0.04158110882956879
0 0.457763671875 0.23254620123203285 0.04052734375 0.043634496919917866
0 0.452392578125 0.11113963039014374 0.0380859375 0.04158110882956879
0 0.41748046875 0.10754620123203286 0.0341796875 0.039014373716632446
0 0.406982421875 0.08085215605749486 0.04296875 0.044147843942505136
0 0.361572265625 0.047484599589322385 0.04052734375 0.044147843942505136
0 0.4287109375 0.03747433264887064 0.0390625 0.04260780287474333
0 0.296142578125 0.07802874743326489 0.04150390625 0.043121149897330596
0 0.266845703125 0.09060574948665298 0.04443359375 0.045174537987679675
0 0.36962890625 0.15503080082135523 0.037109375 0.04055441478439425
0 0.363037109375 0.19455852156057496 0.0400390625 0.04106776180698152
0 0.3388671875 0.17684804928131417 0.04150390625 0.044661190965092405
0 0.364013671875 0.2425564681724846 0.04248046875 0.045174537987679675
0 0.325927734375 0.28927104722792607 0.0361328125 0.04106776180698152
0 0.272216796875 0.24306981519507187 0.04052734375 0.04055441478439425
0 0.207275390625 0.22946611909650924 0.0419921875 0.047741273100616016
0 0.27734375 0.16914784394250512 0.04345703125 0.044147843942505136
0 0.219482421875 0.16709445585215607 0.03173828125 0.04055441478439425
0 0.18896484375 0.151694045174538 0.041015625 0.048254620123203286
0 0.236083984375 0.35010266940451745 0.04150390625 0.043634496919917866
0 0.205322265625 0.33187885010266943 0.041015625 0.049281314168377825
0 0.173095703125 0.33059548254620125 0.0400390625 0.04620123203285421
0 0.158935546875 0.2959445585215606 0.04736328125 0.04620123203285421
0 0.080078125 0.30518480492813144 0.041015625 0.049281314168377825
0 0.13916015625 0.20893223819301848 0.041015625 0.047741273100616016
0 0.162109375 0.17659137577002054 0.0390625 0.044147843942505136