0 0.3271484375 0.9055441478439425 0.04248046875 0.045174537987679675
0 0.742919921875 0.8950205338809035 0.0419921875 0.044147843942505136
0 0.6015625 0.5829055441478439 0.04052734375 0.043121149897330596
0 0.408447265625 0.8934804928131417 0.041015625 0.044147843942505136
0 0.86181640625 0.361652977412731 0.0419921875 0.044661190965092405
0 0.61279296875 0.9558521560574949 0.04150390625 0.043634496919917866
0 0.768310546875 0.5749486652977412 0.04150390625 0.043121149897330596
0 0.736083984375 0.7731006160164271 0.04150390625 0.044661190965092405
0 0.298828125 0.8901437371663244 0.04150390625 0.044661190965092405
0 0.764892578125 0.6506673511293635 0.04150390625 0.044147843942505136
0 0.53759765625 0.5913757700205339 0.04052734375 0.043634496919917866
0 0.678466796875 0.6065195071868583 0.04052734375 0.043634496919917866
0 0.3046875 0.7461498973305954 0.041015625 0.043634496919917866
0 0.54443359375 0.9686858316221766 0.04248046875 0.043634496919917866
0 0.615478515625 0.5295174537987679 0.0400390625 0.04209445585215606
0 0.6875 0.6383470225872689 0.04150390625 0.043634496919917866
0 0.5791015625 0.9640657084188912 0.041015625 0.043121149897330596
0 0.56591796875 0.47664271047227924 0.041015625 0.043634496919917866
0 0.790771484375 0.7251026694045175 0.04248046875 0.044147843942505136
0 0.6455078125 0.8801334702258727 0.041015625 0.043121149897330596
0 0.304443359375 0.6167864476386037 0.0419921875 0.043634496919917866
0 0.857177734375 0.43762833675564683 0.0419921875 0.043634496919917866
0 0.668212890625 0.6617043121149897 0.04052734375 0.04158110882956879
0 0.677001953125 0.7802874743326489 0.0400390625 0.04260780287474333
0 0.91748046875 0.4032340862422998 0.04150390625 0.044147843942505136
0 0.591552734375 0.6437371663244353 0.041015625 0.044661190965092405
0 0.58349609375 0.7281827515400411 0.04052734375 0.04260780287474333
0 0.6123046875 0.4612422997946612 0.04052734375 0.04260780287474333
0 0.5517578125 0.9060574948665298 0.0400390625 0.04158110882956879
0 0.930419921875 0.6506673511293635 0.0400390625 0.043121149897330596
0 0.50927734375 0.9720225872689938 0.03955078125 0.04209445585215606
0 0.746337890625 0.7179158110882957 0.04345703125 0.04620123203285421
0 0.796142578125 0.4807494866529774 0.04150390625 0.04209445585215606
0 0.61572265625 0.4260780287474333 0.04150390625 0.04209445585215606
0 0.880615234375 0.6943018480492813 0.041015625 0.044147843942505136
0 0.888427734375 0.6301334702258727 0.04296875 0.043634496919917866
0 0.647216796875 0.5944558521560575 0.041015625 0.04260780287474333
0 0.6513671875 0.7168891170431212 0.04052734375 0.04260780287474333
0 0.510498046875 0.48767967145790553 0.04052734375 0.04260780287474333
0 0.5712890625 0.8767967145790554 0.04248046875 0.044661190965092405
0 0.80224609375 0.5859856262833676 0.041015625 0.043121149897330596
0 0.268310546875 0.9086242299794661 0.04150390625 0.044661190965092405
0 0.69482421875 0.9260780287474333 0.04296875 0.044661190965092405
0 0.567626953125 0.936858316221766 0.0400390625 0.04106776180698152
0 0.74462890625 0.24948665297741274 0.04052734375 0.04209445585215606
0 0.8984375 0.7209958932238193 0.041015625 0.044147843942505136
0 0.785400390625 0.3154517453798768 0.0400390625 0.04260780287474333
0 0.92431640625 0.5074435318275154 0.04150390625 0.044147843942505136
0 0.844970703125 0.2933778234086242 0.04052734375 0.04260780287474333
0 0.864501953125 0.2584702258726899 0.04052734375 0.04260780287474333
0 0.8232421875 0.20662217659137577 0.041015625 0.04158110882956879
0 0.8876953125 0.42171457905544146 0.041015625 0.04158110882956879
0 0.90966796875 0.3182751540041068 0.04248046875 0.043634496919917866
0 0.67431640625 0.5718685831622177 0.041015625 0.04260780287474333
0 0.460205078125 0.8028747433264887 0.04052734375 0.04260780287474333
0 0.404052734375 0.9625256673511293 0.04150390625 0.044147843942505136
0 0.683349609375 0.40374743326488705 0.04150390625 0.04158110882956879
0 0.832275390625 0.2648870636550308 0.04150390625 0.043634496919917866
0 0.86376953125 0.5110369609856262 0.041015625 0.044147843942505136
0 0.6796875 0.4730492813141684 0.04296875 0.043121149897330596
0 0.61181640625 0.8816735112936345 0.041015625 0.04158110882956879
0 0.2890625 0.8429158110882957 0.041015625 0.044147843942505136
0 0.848388671875 0.800564681724846 0.04150390625 0.043121149897330596
0 0.748779296875 0.44994866529774125 0.0419921875 0.043121149897330596
0 0.755859375 0.37808008213552363 0.041015625 0.043634496919917866
0 0.816162109375 0.4047741273100616 0.0400390625 0.04055441478439425
0 0.5849609375 0.44609856262833675 0.04052734375 0.04158110882956879
0 0.881103515625 0.7535934291581109 0.04150390625 0.04260780287474333
0 0.702392578125 0.26155030800821355 0.04052734375 0.04158110882956879
0 0.439453125 0.9684291581108829 0.03955078125 0.043121149897330596
0 0.237548828125 0.8914271047227926 0.04248046875 0.045174537987679675
0 0.165283203125 0.742299794661191 0.041015625 0.043634496919917866
0 0.30126953125 0.9296714579055442 0.04248046875 0.044147843942505136
0 0.258056640625 0.8267453798767967 0.0400390625 0.043634496919917866
0 0.796630859375 0.19378850102669404 0.0419921875 0.043634496919917866
0 0.372314453125 0.9548254620123203 0.041015625 0.044147843942505136
0 0.902099609375 0.6617043121149897 0.041015625 0.044147843942505136
0 0.28857421875 0.6491273100616016 0.04150390625 0.043121149897330596
0 0.58154296875 0.75564681724846 0.04150390625 0.04260780287474333
0 0.784423828125 0.4196611909650924 0.04150390625 0.04260780287474333
0 0.718505859375 0.42915811088295686 0.04052734375 0.04106776180698152
0 0.646240234375 0.946611909650924 0.04150390625 0.043121149897330596
0 0.5009765625 0.8090349075975359 0.041015625 0.04158110882956879
0 0.11181640625 0.7220225872689938 0.041015625 0.043121149897330596
0 0.78955078125 0.516170431211499 0.04150390625 0.04260780287474333
0 0.883056640625 0.5603182751540041 0.041015625 0.043121149897330596
0 0.13037109375 0.74717659137577 0.041015625 0.043634496919917866
0 0.280029296875 0.7695071868583162 0.04150390625 0.044661190965092405
0 0.477783203125 0.5107802874743327 0.041015625 0.04260780287474333
0 0.686279296875 0.34034907597535935 0.041015625 0.04260780287474333
0 0.733642578125 0.5166837782340863 0.0419921875 0.04260780287474333
0 0.6494140625 0.27618069815195073 0.04296875 0.044147843942505136
0 0.186767578125 0.8105749486652978 0.0419921875 0.045174537987679675
0 0.34814453125 0.5518480492813141 0.04052734375 0.043634496919917866
0 0.664794921875 0.32263860369609854 0.04052734375 0.04260780287474333
0 0.83642578125 0.17248459958932238 0.04150390625 0.04260780287474333
0 0.7666015625 0.8403490759753593 0.04052734375 0.04158110882956879
0 0.620361328125 0.35959958932238195 0.0400390625 0.04055441478439425
0 0.776611328125 0.26026694045174537 0.0400390625 0.04209445585215606
0 0.61083984375 0.3326488706365503 0.03955078125 0.04055441478439425
0 0.728759765625 0.2849075975359343 0.0400390625 0.04158110882956879
0 0.447998046875 0.4530287474332649 0.041015625 0.04260780287474333
0 0.752197265625 0.21534907597535935 0.041015625 0.04209445585215606
0 0.80517578125 0.27951745379876797 0.0400390625 0.04209445585215606
0 0.815185546875 0.43480492813141686 0.0390625 0.04055441478439425
0 0.80517578125 0.1570841889117043 0.04296875 0.043634496919917866
0 0.80029296875 0.8506160164271047 0.04296875 0.044661190965092405
0 0.1875 0.8472792607802875 0.0419921875 0.044147843942505136
0 0.432861328125 0.6747946611909651 0.04443359375 0.045174537987679675
0 0.913818359375 0.28336755646817247 0.04248046875 0.044147843942505136
0 0.936279296875 0.34291581108829566 0.04248046875 0.044147843942505136
0 0.69140625 0.3742299794661191 0.0419921875 0.044147843942505136
0 0.68505859375 0.21329568788501027 0.04345703125 0.045174537987679675
0 0.669921875 0.24358316221765913 0.04248046875 0.045174537987679675
0 0.858154296875 0.19224845995893225 0.03857421875 0.04106776180698152
0 0.563232421875 0.34496919917864477 0.04052734375 0.044147843942505136
0 0.9521484375 0.41581108829568786 0.0419921875 0.043634496919917866
0 0.95556640625 0.4527720739219713 0.0419921875 0.044147843942505136
0 0.154541015625 0.8162217659137577 0.041015625 0.044147843942505136
0 0.440185546875 0.9668891170431212 0.041015625 0.044147843942505136
0 0.836669921875 0.33444558521560575 0.0478515625 0.049794661190965095
0 0.77294921875 0.3459958932238193 0.04296875 0.048254620123203286
0 0.810302734375 0.23767967145790556 0.0439453125 0.044661190965092405
0 0.916015625 0.3690965092402464 0.0478515625 0.045174537987679675
0 0.851806640625 0.4047741273100616 0.0498046875 0.049281314168377825
0 0.712646484375 0.3157084188911704 0.03955078125 0.044661190965092405
0 0.7685546875 0.5048767967145791 0.04541015625 0.04722792607802875
0 0.832763671875 0.49743326488706363 0.048828125 0.044147843942505136
0 0.82421875 0.5292607802874744 0.04638671875 0.04671457905544148
0 0.851806640625 0.5426078028747433 0.04443359375 0.043121149897330596
0 0.955322265625 0.5202772073921971 0.04736328125 0.049281314168377825
0 0.92236328125 0.5390143737166324 0.041015625 0.04260780287474333
0 0.918212890625 0.571611909650924 0.0458984375 0.043634496919917866
0 0.82763671875 0.5672484599589322 0.04345703125 0.04671457905544148
0 0.780517578125 0.6167864476386037 0.0419921875 0.044661190965092405
0 0.748046875 0.6175564681724846 0.048828125 0.047741273100616016
0 0.744873046875 0.6794147843942505 0.04638671875 0.05082135523613963
0 0.808837890625 0.7025154004106776 0.0439453125 0.045174537987679675
0 0.914306640625 0.6866016427104723 0.0498046875 0.05082135523613963
0 0.84765625 0.7651437371663244 0.04541015625 0.050308008213552365
0 0.77978515625 0.7808008213552361 0.044921875 0.043634496919917866
0 0.75390625 0.805441478439425 0.0419921875 0.04722792607802875
0 0.722900390625 0.8223819301848049 0.0419921875 0.04671457905544148
0 0.7900390625 0.8144250513347022 0.044921875 0.04671457905544148
0 0.73876953125 0.8565195071868583 0.044921875 0.049281314168377825
0 0.70556640625 0.8554928131416838 0.0439453125 0.050308008213552365
0 0.730224609375 0.7389630390143738 0.04248046875 0.043121149897330596
0 0.698486328125 0.7517967145790554 0.04345703125 0.049281314168377825
0 0.701416015625 0.5808521560574949 0.04443359375 0.044147843942505136
0 0.57568359375 0.5171971252566735 0.0390625 0.04260780287474333
0 0.501708984375 0.5834188911704312 0.04541015625 0.044147843942505136
0 0.405029296875 0.6072895277207392 0.0419921875 0.04722792607802875
0 0.38134765625 0.6149897330595483 0.04296875 0.043634496919917866
0 0.358642578125 0.5885523613963038 0.0439453125 0.04568788501026694
0 0.49609375 0.659394250513347 0.04638671875 0.049281314168377825
0 0.4609375 0.6491273100616016 0.0390625 0.04260780287474333
0 0.471923828125 0.6827515400410678 0.04296875 0.04158110882956879
0 0.513671875 0.7281827515400411 0.046875 0.048254620123203286
0 0.45849609375 0.7517967145790554 0.04296875 0.044147843942505136
0 0.477294921875 0.7792607802874744 0.0419921875 0.04158110882956879
0 0.51220703125 0.7849075975359343 0.04052734375 0.04158110882956879
0 0.403564453125 0.8334188911704312 0.04052734375 0.04209445585215606
0 0.45947265625 0.8701232032854209 0.04296875 0.04620123203285421
0 0.423828125 0.8649897330595483 0.0380859375 0.037987679671457907
0 0.409423828125 0.6883983572895277 0.03759765625 0.04568788501026694
0 0.386474609375 0.7107289527720739 0.03955078125 0.044147843942505136
0 0.38720703125 0.74717659137577 0.03857421875 0.047741273100616016
0 0.34423828125 0.7122689938398358 0.0390625 0.04671457905544148
0 0.21044921875 0.6206365503080082 0.04248046875 0.048254620123203286
0 0.308349609375 0.6722279260780287 0.04052734375 0.04722792607802875
0 0.335205078125 0.747946611909651 0.03955078125 0.04106776180698152
0 0.222412109375 0.8121149897330595 0.04345703125 0.04260780287474333
0 0.3173828125 0.824435318275154 0.04638671875 0.05082135523613963
0 0.209228515625 0.8683264887063655 0.04345703125 0.04722792607802875
0 0.358642578125 0.9111909650924025 0.044921875 0.04260780287474333