0 0.79833984375 0.48998973305954824 0.041015625 0.04158110882956879
0 0.859375 0.4917864476386037 0.041015625 0.043121149897330596
0 0.466552734375 0.4989733059548255 0.04052734375 0.043634496919917866
0 0.53173828125 0.6018993839835729 0.03955078125 0.04158110882956879
0 0.912841796875 0.4127310061601643 0.04248046875 0.044661190965092405
0 0.52880859375 0.5387577002053389 0.03955078125 0.04209445585215606
0 0.9228515625 0.5651950718685832 0.0400390625 0.043121149897330596
0 0.421875 0.22048254620123203 0.04052734375 0.04260780287474333
0 0.673095703125 0.5192505133470225 0.0400390625 0.04209445585215606
0 0.681396484375 0.18762833675564683 0.03955078125 0.04209445585215606
0 0.44921875 0.47356262833675566 0.03955078125 0.04209445585215606
0 0.747314453125 0.731006160164271 0.04296875 0.043634496919917866
0 0.391845703125 0.4165811088295688 0.0400390625 0.043634496919917866
0 0.7666015625 0.5197638603696099 0.04150390625 0.043121149897330596
0 0.57470703125 0.21971252566735114 0.041015625 0.044147843942505136
0 0.5224609375 0.061344969199178645 0.0390625 0.04055441478439425
0 0.85400390625 0.8128850102669405 0.041015625 0.04158110882956879
0 0.710205078125 0.406570841889117 0.041015625 0.04209445585215606
0 0.31298828125 0.13629363449691992 0.0419921875 0.044661190965092405
0 0.86181640625 0.6003593429158111 0.041015625 0.043634496919917866
0 0.77099609375 0.5500513347022588 0.041015625 0.043634496919917866
0 0.7578125 0.7643737166324436 0.0400390625 0.04158110882956879
0 0.434326171875 0.4204312114989733 0.041015625 0.043634496919917866
0 0.947021484375 0.42530800821355236 0.04296875 0.045174537987679675
0 0.835205078125 0.4337782340862423 0.0419921875 0.044147843942505136
0 0.45068359375 0.12217659137577003 0.04052734375 0.04209445585215606
0 0.22119140625 0.16247433264887062 0.0419921875 0.044661190965092405
0 0.893798828125 0.6129363449691991 0.04248046875 0.04209445585215606
0 0.28662109375 0.2523100616016427 0.041015625 0.044147843942505136
0 0.78759765625 0.14194045174537986 0.041015625 0.044147843942505136
0 0.9287109375 0.3593429158110883 0.04150390625 0.043121149897330596
0 0.25244140625 0.13552361396303902 0.041015625 0.04158110882956879
0 0.6484375 0.3921971252566735 0.03857421875 0.04055441478439425
0 0.707763671875 0.8141683778234087 0.03955078125 0.04158110882956879
0 0.287109375 0.10908624229979466 0.041015625 0.043121149897330596
0 0.375 0.043121149897330596 0.04248046875 0.04568788501026694
0 0.685302734375 0.33906570841889117 0.0419921875 0.044661190965092405
0 0.780517578125 0.17659137577002054 0.04150390625 0.04260780287474333
0 0.72021484375 0.7489733059548255 0.04052734375 0.043634496919917866
0 0.697509765625 0.07597535934291581 0.0419921875 0.044147843942505136
0 0.816650390625 0.16760780287474333 0.04052734375 0.044147843942505136
0 0.748291015625 0.19455852156057496 0.04052734375 0.04106776180698152
0 0.6162109375 0.13886036960985626 0.04150390625 0.043634496919917866
0 0.930908203125 0.6681211498973306 0.0419921875 0.04158110882956879
0 0.609130859375 0.4427618069815195 0.041015625 0.04209445585215606
0 0.587890625 0.037987679671457907 0.04150390625 0.043121149897330596
0 0.737548828125 0.2510266940451745 0.0419921875 0.04568788501026694
0 0.69775390625 0.785164271047228 0.03955078125 0.04158110882956879
0 0.699462890625 0.8498459958932238 0.03955078125 0.04055441478439425
0 0.886474609375 0.26386036960985626 0.041015625 0.04260780287474333
0 0.472412109375 0.09625256673511294 0.0400390625 0.04260780287474333
0 0.741455078125 0.8085215605749486 0.0400390625 0.04209445585215606
0 0.6904296875 0.7497433264887063 0.04150390625 0.043121149897330596
0 0.635009765625 0.5585215605749486 0.04052734375 0.04158110882956879
0 0.947998046875 0.6034394250513347 0.0400390625 0.04106776180698152
0 0.63037109375 0.8039014373716632 0.04248046875 0.04260780287474333
0 0.95458984375 0.5023100616016427 0.0419921875 0.04620123203285421
0 0.4462890625 0.029517453798767967 0.041015625 0.044661190965092405
0 0.92529296875 0.5241273100616016 0.041015625 0.04209445585215606
0 0.651123046875 0.2456365503080082 0.03955078125 0.04158110882956879
0 0.833251953125 0.8393223819301848 0.04248046875 0.043121149897330596
0 0.8046875 0.5995893223819302 0.041015625 0.04260780287474333
0 0.7275390625 0.3008213552361396 0.04052734375 0.043634496919917866
0 0.864501953125 0.4114476386036961 0.04248046875 0.045174537987679675
0 0.32373046875 0.31211498973305957 0.03955078125 0.044661190965092405
0 0.654541015625 0.6955852156057495 0.04150390625 0.043634496919917866
0 0.5888671875 0.7574435318275154 0.041015625 0.04260780287474333
0 0.93994140625 0.6347535934291582 0.041015625 0.04158110882956879
0 0.3486328125 0.4286447638603696 0.04052734375 0.04568788501026694
0 0.277587890625 0.37551334702258726 0.04052734375 0.044147843942505136
0 0.55908203125 0.7063655030800822 0.04052734375 0.043634496919917866
0 0.345947265625 0.35369609856262835 0.03955078125 0.043634496919917866
0 0.881103515625 0.3180184804928131 0.0439453125 0.04568788501026694
0 0.822265625 0.7602669404517454 0.041015625 0.04158110882956879
0 0.293701171875 0.0736652977412731 0.04248046875 0.045174537987679675
0 0.233154296875 0.2695071868583162 0.0419921875 0.044661190965092405
0 0.279052734375 0.3295687885010267 0.04150390625 0.043121149897330596
0 0.754638671875 0.6866016427104723 0.04248046875 0.044147843942505136
0 0.28564453125 0.14681724845995894 0.04052734375 0.043121149897330596
0 0.66162109375 0.768993839835729 0.04150390625 0.04260780287474333
0 0.6396484375 0.5331108829568788 0.0400390625 0.04209445585215606
0 0.16259765625 0.17659137577002054 0.04296875 0.044661190965092405
0 0.590087890625 0.7268993839835729 0.0400390625 0.04209445585215606
0 0.62646484375 0.04799794661190965 0.0380859375 0.04106776180698152
0 0.69677734375 0.11498973305954825 0.04248046875 0.045174537987679675
0 0.5302734375 0.6806981519507187 0.0400390625 0.044147843942505136
0 0.940185546875 0.3929671457905544 0.041015625 0.04209445585215606
0 0.7734375 0.8701232032854209 0.0400390625 0.04209445585215606
0 0.263427734375 0.23254620123203285 0.04150390625 0.044661190965092405
0 0.8369140625 0.6968685831622177 0.04296875 0.044147843942505136
0 0.804931640625 0.6344969199178645 0.04443359375 0.044661190965092405
0 0.879150390625 0.7541067761806981 0.0419921875 0.04260780287474333
0 0.487060546875 0.6365503080082136 0.04052734375 0.044147843942505136
0 0.8916015625 0.5805954825462012 0.0419921875 0.043121149897330596
0 0.956298828125 0.5426078028747433 0.04052734375 0.043634496919917866
0 0.778564453125 0.7107289527720739 0.04150390625 0.044147843942505136
0 0.736328125 0.7012320328542094 0.041015625 0.043634496919917866
0 0.62060546875 0.7718172484599589 0.041015625 0.04158110882956879
0 0.6708984375 0.8775667351129364 0.0439453125 0.043634496919917866
0 0.51220703125 0.03208418891170431 0.03955078125 0.043634496919917866
0 0.580322265625 0.39604722792607805 0.0390625 0.04158110882956879
0 0.666259765625 0.5900924024640657 0.0400390625 0.04260780287474333
0 0.8935546875 0.6786447638603696 0.04150390625 0.04209445585215606
0 0.705810546875 0.8842402464065708 0.0400390625 0.04209445585215606
0 0.667724609375 0.5893223819301848 0.0419921875 0.043634496919917866
0 0.505859375 0.5654517453798767 0.041015625 0.044661190965092405
0 0.670166015625 0.8421457905544147 0.04150390625 0.043121149897330596
0 0.65283203125 0.6599075975359343 0.0400390625 0.04055441478439425
0 0.31884765625 0.38295687885010266 0.03955078125 0.043121149897330596
0 0.511962890625 0.030544147843942507 0.0400390625 0.044661190965092405
0 0.51220703125 0.028490759753593428 0.03955078125 0.043121149897330596
0 0.73193359375 0.8395790554414785 0.04150390625 0.04260780287474333
0 0.62353515625 0.046971252566735115 0.0400390625 0.04158110882956879
0 0.91650390625 0.3252053388090349 0.0419921875 0.044147843942505136
0 0.6240234375 0.048767967145790556 0.03955078125 0.04209445585215606
0 0.797119140625 0.8190451745379876 0.04541015625 0.04671457905544148
0 0.877197265625 0.7900410677618069 0.04150390625 0.04260780287474333
0 0.8486328125 0.7754106776180698 0.03857421875 0.039014373716632446
0 0.791748046875 0.7810574948665298 0.03564453125 0.039527720739219716
0 0.767822265625 0.7974845995893224 0.04150390625 0.04260780287474333
0 0.73388671875 0.7846509240246407 0.04150390625 0.04620123203285421
0 0.869384765625 0.635523613963039 0.0439453125 0.04158110882956879
0 0.9228515625 0.6006160164271047 0.041015625 0.044661190965092405
0 0.956787109375 0.5723819301848049 0.0478515625 0.044147843942505136
0 0.953125 0.46406570841889117 0.041015625 0.047741273100616016
0 0.887939453125 0.44096509240246407 0.04345703125 0.04209445585215606
0 0.857421875 0.4589322381930185 0.0390625 0.043121149897330596
0 0.862548828125 0.5215605749486653 0.0458984375 0.044147843942505136
0 0.82958984375 0.5100102669404517 0.0400390625 0.045174537987679675
0 0.822998046875 0.47433264887063653 0.04248046875 0.044147843942505136
0 0.733642578125 0.4992299794661191 0.04296875 0.047741273100616016
0 0.69677734375 0.4756160164271047 0.03857421875 0.04209445585215606
0 0.583984375 0.5002566735112937 0.041015625 0.048767967145790556
0 0.57421875 0.5418377823408624 0.04931640625 0.047741273100616016
0 0.556884765625 0.5179671457905544 0.04541015625 0.044661190965092405
0 0.404541015625 0.45687885010266943 0.044921875 0.044147843942505136
0 0.576904296875 0.45816221765913756 0.041015625 0.043121149897330596
0 0.572509765625 0.4296714579055442 0.04248046875 0.043634496919917866
0 0.61572265625 0.4078542094455852 0.048828125 0.047741273100616016
0 0.8935546875 0.3919404517453799 0.04052734375 0.043634496919917866
0 0.866455078125 0.3760266940451745 0.0380859375 0.04620123203285421
0 0.904052734375 0.29183778234086244 0.04931640625 0.04568788501026694
0 0.87109375 0.2343429158110883 0.04443359375 0.048254620123203286
0 0.849609375 0.20867556468172485 0.04541015625 0.048254620123203286
0 0.81787109375 0.2068788501026694 0.0439453125 0.04722792607802875
0 0.75439453125 0.15862422997946612 0.037109375 0.04004106776180698
0 0.7421875 0.22279260780287474 0.04736328125 0.048254620123203286
0 0.70458984375 0.23844969199178645 0.044921875 0.05082135523613963
0 0.6171875 0.23203285420944558 0.048828125 0.049794661190965095
0 0.553466796875 0.2636036960985626 0.04248046875 0.049794661190965095
0 0.538818359375 0.23203285420944558 0.04150390625 0.04671457905544148
0 0.658935546875 0.16427104722792607 0.04052734375 0.044661190965092405
0 0.543701171875 0.16196098562628336 0.04345703125 0.04722792607802875
0 0.50830078125 0.15811088295687886 0.04248046875 0.050308008213552365
0 0.488525390625 0.1316735112936345 0.0390625 0.04568788501026694
0 0.47412109375 0.24281314168377824 0.04345703125 0.0513347022587269
0 0.454345703125 0.209958932238193 0.041015625 0.04568788501026694
0 0.4931640625 0.33649897330595485 0.03955078125 0.044147843942505136
0 0.458984375 0.34856262833675566 0.03564453125 0.044661190965092405
0 0.448486328125 0.3821868583162218 0.04541015625 0.047741273100616016
0 0.50732421875 0.42659137577002054 0.04443359375 0.044147843942505136
0 0.465576171875 0.44250513347022585 0.05224609375 0.056981519507186856
0 0.402099609375 0.3193018480492813 0.03759765625 0.048767967145790556
0 0.3701171875 0.3118583162217659 0.0419921875 0.048767967145790556
0 0.37744140625 0.27643737166324434 0.04052734375 0.04260780287474333
0 0.440185546875 0.2512833675564682 0.0380859375 0.049281314168377825
0 0.411376953125 0.25436344969199176 0.04296875 0.049281314168377825
0 0.379638671875 0.23639630390143737 0.041015625 0.048254620123203286
0 0.349365234375 0.25564681724845995 0.04052734375 0.047741273100616016
0 0.3232421875 0.2759240246406571 0.04345703125 0.043121149897330596
0 0.319091796875 0.236652977412731 0.04296875 0.04568788501026694
0 0.29443359375 0.21560574948665298 0.04150390625 0.048767967145790556
0 0.260498046875 0.19609856262833675 0.03662109375 0.04158110882956879
0 0.299560546875 0.17813141683778233 0.0361328125 0.04055441478439425
0 0.36328125 0.18198151950718686 0.04296875 0.045174537987679675
0 0.36767578125 0.1481006160164271 0.0478515625 0.04722792607802875
0 0.39892578125 0.1293634496919918 0.04052734375 0.04055441478439425
0 0.37939453125 0.10420944558521561 0.04736328125 0.048767967145790556
0 0.251953125 0.16324435318275154 0.04345703125 0.048767967145790556