0 0.146240234375 0.2671971252566735 0.0380859375 0.04158110882956879
0 0.323974609375 0.4807494866529774 0.0380859375 0.039014373716632446
0 0.093994140625 0.28850102669404515 0.0400390625 0.04158110882956879
0 0.180908203125 0.26771047227926076 0.0390625 0.04106776180698152
0 0.24267578125 0.15990759753593428 0.03955078125 0.04158110882956879
0 0.15478515625 0.5882956878850103 0.0390625 0.038501026694045176
0 0.309326171875 0.5112936344969199 0.0380859375 0.04004106776180698
0 0.16015625 0.4576488706365503 0.0400390625 0.04055441478439425
0 0.177490234375 0.17248459958932238 0.0390625 0.04260780287474333
0 0.491943359375 0.09625256673511294 0.0380859375 0.04106776180698152
0 0.285888671875 0.5318275154004107 0.03857421875 0.04055441478439425
0 0.1171875 0.6224332648870636 0.0390625 0.039014373716632446
0 0.5693359375 0.17761806981519507 0.0390625 0.043121149897330596
0 0.438232421875 0.16093429158110883 0.03857421875 0.04158110882956879
0 0.41552734375 0.13270020533880902 0.03955078125 0.04209445585215606
0 0.290283203125 0.6722279260780287 0.03955078125 0.04106776180698152
0 0.22998046875 0.30159137577002054 0.03955078125 0.04106776180698152
0 0.255615234375 0.5213039014373717 0.037109375 0.04106776180698152
0 0.10791015625 0.49229979466119095 0.03759765625 0.039014373716632446
0 0.669189453125 0.24127310061601642 0.037109375 0.04106776180698152
0 0.2255859375 0.21406570841889117 0.04150390625 0.045174537987679675
0 0.49853515625 0.36473305954825463 0.03759765625 0.039527720739219716
0 0.229248046875 0.12602669404517453 0.03955078125 0.04106776180698152
0 0.185791015625 0.63347022587269 0.03955078125 0.04106776180698152
0 0.159912109375 0.6817248459958932 0.03955078125 0.04055441478439425
0 0.761962890625 0.3095482546201232 0.04052734375 0.04106776180698152
0 0.288330078125 0.6203798767967146 0.03759765625 0.039527720739219716
0 0.044921875 0.5764887063655031 0.0390625 0.04055441478439425
0 0.30859375 0.5980492813141683 0.03955078125 0.039527720739219716
0 0.06884765625 0.6771047227926078 0.0380859375 0.04004106776180698
0 0.1552734375 0.7181724845995893 0.0380859375 0.04004106776180698
0 0.399658203125 0.07392197125256673 0.03759765625 0.038501026694045176
0 0.33544921875 0.060574948665297744 0.03955078125 0.04055441478439425
0 0.19482421875 0.6681211498973306 0.0400390625 0.04158110882956879
0 0.67919921875 0.138347022587269 0.03857421875 0.04106776180698152
0 0.7109375 0.28901437371663247 0.03955078125 0.04158110882956879
0 0.575927734375 0.08136550308008214 0.03662109375 0.04158110882956879
0 0.40283203125 0.5995893223819302 0.0390625 0.04158110882956879
0 0.401611328125 0.2669404517453799 0.03955078125 0.04106776180698152
0 0.558349609375 0.11113963039014374 0.03857421875 0.04158110882956879
0 0.523193359375 0.4186344969199179 0.03759765625 0.039527720739219716
0 0.662109375 0.38193018480492813 0.03857421875 0.04106776180698152
0 0.4541015625 0.5241273100616016 0.03759765625 0.039014373716632446
0 0.305419921875 0.39630390143737165 0.03857421875 0.039014373716632446
0 0.048828125 0.5100102669404517 0.041015625 0.04106776180698152
0 0.05224609375 0.4222279260780287 0.0400390625 0.04004106776180698
0 0.705078125 0.24871663244353182 0.0390625 0.04158110882956879
0 0.13232421875 0.32828542094455854 0.0390625 0.04055441478439425
0 0.259765625 0.12422997946611909 0.03857421875 0.04055441478439425
0 0.259521484375 0.6534907597535934 0.03955078125 0.039014373716632446
0 0.08935546875 0.41452772073921973 0.0419921875 0.043121149897330596
0 0.3681640625 0.6812114989733059 0.03662109375 0.039527720739219716
0 0.3837890625 0.6311601642710473 0.0380859375 0.039527720739219716
0 0.4091796875 0.6545174537987679 0.03759765625 0.04004106776180698
0 0.572021484375 0.5472279260780287 0.0380859375 0.039527720739219716
0 0.057861328125 0.6424537987679672 0.03857421875 0.04055441478439425
0 0.0830078125 0.7189425051334702 0.03955078125 0.04260780287474333
0 0.13916015625 0.7489733059548255 0.03857421875 0.039014373716632446
0 0.38720703125 0.10626283367556469 0.0390625 0.04158110882956879
0 0.36181640625 0.26642710472279263 0.0380859375 0.04004106776180698
0 0.1689453125 0.42428131416837783 0.0390625 0.039014373716632446
0 0.0419921875 0.5402977412731006 0.03857421875 0.04106776180698152
0 0.19384765625 0.5251540041067762 0.0380859375 0.039014373716632446
0 0.812744140625 0.2641170431211499 0.03857421875 0.04106776180698152
0 0.357421875 0.08444558521560575 0.0390625 0.04106776180698152
0 0.041259765625 0.4740759753593429 0.0390625 0.04260780287474333
0 0.349609375 0.15580082135523615 0.03857421875 0.04106776180698152
0 0.615234375 0.4537987679671458 0.0390625 0.04106776180698152
0 0.65087890625 0.3459958932238193 0.0390625 0.04209445585215606
0 0.40576171875 0.03824435318275154 0.0390625 0.04004106776180698
0 0.28564453125 0.7302361396303901 0.0400390625 0.04209445585215606
0 0.152587890625 0.6190965092402464 0.0380859375 0.04106776180698152
0 0.399658203125 0.07161190965092402 0.03759765625 0.039527720739219716
0 0.311279296875 0.6478439425051334 0.03857421875 0.04106776180698152
0 0.71630859375 0.18326488706365504 0.03955078125 0.04209445585215606
0 0.20068359375 0.14527720739219713 0.03955078125 0.04158110882956879
0 0.109375 0.26232032854209447 0.041015625 0.043634496919917866
0 0.54345703125 0.06673511293634497 0.0390625 0.04158110882956879
0 0.46484375 0.3372689938398357 0.03662109375 0.04106776180698152
0 0.169189453125 0.49743326488706363 0.03955078125 0.039014373716632446
0 0.4423828125 0.44250513347022585 0.037109375 0.04004106776180698
0 0.598876953125 0.16991786447638604 0.03857421875 0.043121149897330596
0 0.522216796875 0.4540554414784394 0.037109375 0.039014373716632446
0 0.605712890625 0.40374743326488705 0.03759765625 0.04004106776180698
0 0.2734375 0.7607802874743327 0.03955078125 0.04055441478439425
0 0.420166015625 0.5818788501026694 0.03759765625 0.04004106776180698
0 0.65087890625 0.4525154004106776 0.03857421875 0.04055441478439425
0 0.31103515625 0.7009753593429158 0.03857421875 0.04004106776180698
0 0.63720703125 0.05082135523613963 0.03759765625 0.04106776180698152
0 0.223876953125 0.7037987679671458 0.0400390625 0.04055441478439425
0 0.368408203125 0.5990759753593429 0.037109375 0.038501026694045176
0 0.351806640625 0.7109856262833676 0.0400390625 0.04209445585215606
0 0.2392578125 0.33906570841889117 0.0390625 0.04209445585215606
0 0.852294921875 0.25693018480492813 0.0390625 0.04106776180698152
0 0.152099609375 0.1986652977412731 0.03857421875 0.04260780287474333
0 0.50439453125 0.3991273100616016 0.03857421875 0.039014373716632446
0 0.6171875 0.48921971252566737 0.03759765625 0.04055441478439425
0 0.080322265625 0.587782340862423 0.0400390625 0.04055441478439425
0 0.496337890625 0.290041067761807 0.037109375 0.039527720739219716
0 0.48583984375 0.6152464065708418 0.0380859375 0.04055441478439425
0 0.242919921875 0.3660164271047228 0.0400390625 0.04055441478439425
0 0.4609375 0.6434804928131417 0.03759765625 0.04055441478439425
0 0.19921875 0.768223819301848 0.04052734375 0.04055441478439425
0 0.275390625 0.09240246406570841 0.03955078125 0.04260780287474333
0 0.52490234375 0.027207392197125257 0.0380859375 0.04106776180698152
0 0.400146484375 0.6899383983572895 0.03759765625 0.038501026694045176
0 0.533203125 0.5451745379876797 0.037109375 0.039527720739219716
0 0.810546875 0.1978952772073922 0.03857421875 0.04260780287474333
0 0.144287109375 0.7964579055441479 0.0380859375 0.037987679671457907
0 0.12841796875 0.23177618069815195 0.03857421875 0.04106776180698152
0 0.52685546875 0.09342915811088295 0.0390625 0.04158110882956879
0 0.099609375 0.7510266940451745 0.03857421875 0.04106776180698152
0 0.885986328125 0.24229979466119098 0.03955078125 0.04055441478439425
0 0.16943359375 0.8249486652977412 0.0400390625 0.04004106776180698
0 0.1455078125 0.7954312114989733 0.03857421875 0.039014373716632446
0 0.56005859375 0.5195071868583162 0.037109375 0.039014373716632446
0 0.183837890625 0.8018480492813141 0.0390625 0.039527720739219716
0 0.736083984375 0.09086242299794661 0.03955078125 0.045174537987679675
0 0.6591796875 0.4938398357289528 0.04150390625 0.04158110882956879
0 0.368408203125 0.1735112936344969 0.03759765625 0.04106776180698152
0 0.113525390625 0.7774640657084189 0.0400390625 0.04106776180698152
0 0.16357421875 0.7723305954825462 0.04296875 0.04209445585215606
0 0.176513671875 0.7402464065708418 0.04150390625 0.043121149897330596
0 0.20654296875 0.7353696098562629 0.04296875 0.04055441478439425
0 0.119140625 0.7209958932238193 0.0419921875 0.037987679671457907
0 0.130859375 0.6919917864476386 0.03662109375 0.039014373716632446
0 0.09619140625 0.6886550308008214 0.0390625 0.039527720739219716
0 0.091796875 0.6540041067761807 0.03955078125 0.039014373716632446
0 0.081787109375 0.6219199178644764 0.0419921875 0.039014373716632446
0 0.0498046875 0.6054928131416838 0.04296875 0.038501026694045176
0 0.151611328125 0.6501540041067762 0.0390625 0.0364476386036961
0 0.26416015625 0.7017453798767967 0.03857421875 0.039014373716632446
0 0.18603515625 0.5980492813141683 0.041015625 0.04055441478439425
0 0.20068359375 0.5680184804928131 0.0361328125 0.04158110882956879
0 0.171875 0.5549281314168378 0.0341796875 0.03490759753593429
0 0.158935546875 0.5213039014373717 0.03857421875 0.0364476386036961
0 0.135498046875 0.4953798767967146 0.037109375 0.04106776180698152
0 0.070068359375 0.5531314168377823 0.0390625 0.04568788501026694
0 0.073486328125 0.48485626283367556 0.0361328125 0.04055441478439425
0 0.098388671875 0.4355749486652977 0.0361328125 0.039014373716632446
0 0.134765625 0.4235112936344969 0.044921875 0.04055441478439425
0 0.150390625 0.3965605749486653 0.03759765625 0.03696098562628337
0 0.1865234375 0.3965605749486653 0.0458984375 0.04260780287474333
0 0.20751953125 0.3662731006160164 0.04052734375 0.04209445585215606
0 0.118408203125 0.3929671457905544 0.048828125 0.043634496919917866
0 0.089111328125 0.3737166324435318 0.04345703125 0.0364476386036961
0 0.06591796875 0.3542094455852156 0.03662109375 0.039014373716632446
0 0.121337890625 0.3036447638603696 0.0400390625 0.03747433264887064
0 0.1552734375 0.29799794661190965 0.03662109375 0.04004106776180698
0 0.193359375 0.29671457905544146 0.03857421875 0.043121149897330596
0 0.13720703125 0.3629363449691992 0.04931640625 0.04722792607802875
0 0.2353515625 0.23228952772073921 0.0390625 0.049281314168377825
0 0.16455078125 0.23049281314168377 0.0361328125 0.04260780287474333
0 0.18798828125 0.20431211498973306 0.03759765625 0.04055441478439425
0 0.2119140625 0.18121149897330596 0.04443359375 0.04260780287474333
0 0.18798828125 0.4566221765913758 0.04052734375 0.04158110882956879
0 0.204833984375 0.4910164271047228 0.04248046875 0.04209445585215606
0 0.260986328125 0.5546714579055442 0.04052734375 0.03747433264887064
0 0.2998046875 0.45559548254620125 0.03662109375 0.03593429158110883
0 0.391845703125 0.4792094455852156 0.04052734375 0.039014373716632446
0 0.418701171875 0.4674024640657084 0.03369140625 0.044147843942505136
0 0.534912109375 0.3839835728952772 0.0361328125 0.044147843942505136
0 0.582763671875 0.49974332648870634 0.0361328125 0.04004106776180698
0 0.586669921875 0.4296714579055442 0.03515625 0.043634496919917866
0 0.524658203125 0.316735112936345 0.0341796875 0.04209445585215606
0 0.5986328125 0.31006160164271046 0.03515625 0.039527720739219716
0 0.629638671875 0.330082135523614 0.03662109375 0.04055441478439425
0 0.6513671875 0.3021047227926078 0.04248046875 0.050308008213552365
0 0.6142578125 0.27849075975359344 0.0380859375 0.044661190965092405
0 0.466552734375 0.2985112936344969 0.04248046875 0.04620123203285421
0 0.343017578125 0.23562628336755648 0.037109375 0.04209445585215606
0 0.29443359375 0.12602669404517453 0.03662109375 0.048254620123203286
0 0.31591796875 0.11473305954825462 0.03466796875 0.048767967145790556
0 0.736083984375 0.39476386036960986 0.0400390625 0.044147843942505136
0 0.769287109375 0.2612936344969199 0.0390625 0.044147843942505136
0 0.685791015625 0.1763347022587269 0.04248046875 0.043121149897330596