0 0.1470944419340262 0.4435321244355039 0.035002259376412104 0.03612448746486834
0 0.2646497966561229 0.47535720880256765 0.03622232263895164 0.036609061073681656
0 0.8403298689561681 0.7079050338164161 0.034609127880705026 0.038438088910869236
0 0.349118843199277 0.9430182485239824 0.0368956168097605 0.038499848292384564
0 0.3171396294622684 0.6817238067755312 0.03600994125621326 0.03612448746486834
0 0.30395390872119293 0.8429157925307892 0.035829191143244454 0.03773023138426925
0 0.4294441934026209 0.5074435828606583 0.035155896972435596 0.037027124579324576
0 0.6386714866696792 0.7284376528094673 0.03549028468142801 0.038438088910869236
0 0.041319475824672394 0.4733048970475935 0.03555354722096701 0.03679908993988295
0 0.27831902394938995 0.5770036493336463 0.03622232263895164 0.03638577715589522
0 0.33056484410302756 0.543634580428697 0.034487121554450995 0.037506947466482934
0 0.4865702666064166 0.48716750283697885 0.0354902846814279 0.036542550970511144
0 0.2436511522819702 0.4507199662995683 0.034609127880704915 0.03686560004305347
0 0.6225576140985088 0.92812948685711 0.03527790329868963 0.03872788293182631
0 0.5073248983280615 0.4614993537348373 0.033782196113872676 0.036737330558367504
0 0.2305919566199729 0.8357279506667249 0.03588793492995934 0.03808178478674189
0 0.09466335291459559 0.40426265923500393 0.03860370537731586 0.037925010972125736
0 0.5688477180298237 0.6165296535035181 0.0338454586534116 0.03606272808335278
0 0.6513691821057388 0.7689945635784812 0.037049254405784104 0.039397734685185724
0 0.5707998192498871 0.7500011784016606 0.035002259376412104 0.037312167878626575
0 0.29565295978309986 0.4733048970475935 0.034943515589697216 0.03679908993988295
0 0.0801988251242657 0.5682765736533514 0.03860370537731586 0.0396875287061428
0 0.3137189335743335 0.5754596647957607 0.03488025305015818 0.036542550970511255
0 0.6879891549932219 0.9286425647958535 0.03539990962494355 0.03878964231334164
0 0.3256845910528694 0.40964997759181093 0.03488025305015818 0.038438088910869236
0 0.2998056936285585 0.9034922443541107 0.03506552191595125 0.03737867798179685
0 0.7348621780388613 0.7243330292995191 0.036163578852236755 0.038499848292384564
0 0.24096701310438318 0.3570309845406692 0.03436059647537282 0.036609061073681656
0 0.5590826931766832 0.9681733196873803 0.0342385901491189 0.035996217980182495
0 0.3605964753727971 0.8711493313266484 0.036163578852236755 0.037668472002753924
0 0.42309534568459106 0.738708713027648 0.034699502937189375 0.03756870684799826
0 0.5317397198373249 0.6473285819930947 0.034699502937189264 0.03612448746486834
0 0.4123542702214189 0.5918876602788637 0.0354902846814279 0.037668472002753924
0 0.20104835065521917 0.2561589116393609 0.03595119746949843 0.03756870684799826
0 0.35156348847718033 0.7469179600475444 0.03567555354722096 0.03619099756803886
0 0.26806597379123365 0.9065707119865718 0.03555354722096704 0.03808178478674189
0 0.09417532760957976 0.517453353387812 0.03781292363307728 0.03721715344552587
0 0.21972435607772256 0.4242822002893116 0.03539990962494355 0.03686560004305347
0 0.315675553547221 0.9306996272724827 0.03600994125621326 0.037155394064010305
0 0.23107998192498871 0.7674553297622506 0.037690917306823335 0.039302720252085255
0 0.4648441030275644 0.67864533914307 0.03417984636240401 0.03648079158899569
0 0.7163081789426119 0.7895271825715323 0.034699502937189264 0.03808178478674189
0 0.6074197921373701 0.8680708636941872 0.03561229100768193 0.03837157880769872
0 0.24890194306371444 0.7371647284897623 0.03802530501581558 0.03962576932462747
0 0.26318572074107544 0.38500798436715655 0.03600994125621326 0.03558290519619465
0 0.04647989154993222 0.5559532016801967 0.036985991866244905 0.03917445076739918
0 0.23498418436511523 0.23061903202190528 0.03527790329868957 0.036480791588995753
0 0.357663804789878 0.7186844212516852 0.0365612291007682 0.03814829488991217
0 0.5312516945323091 0.9430182485239824 0.03521915951197463 0.03708888396084002
0 0.37500225937641213 0.9163239435443538 0.03527790329868952 0.03708888396084002
0 0.2137460460912788 0.8670447078167002 0.03595119746949843 0.039302720252085255
0 0.1937234523271577 0.39630520046282425 0.035219159511974685 0.03612448746486834
0 0.26440578400361503 0.776695483381289 0.03628558517849079 0.038020025405226324
0 0.11028920018075011 0.6647827333536847 0.037261635788522374 0.039464244788356244
0 0.04168549480343425 0.5215627276194151 0.03671486669679169 0.040295621077986885
0 0.13049254405784003 0.6257698071225566 0.036985991866244905 0.03737867798179685
0 0.29565295978309986 0.3721762851769133 0.03561229100768193 0.036190997568038744
0 0.3176276547672842 0.7515404122178911 0.037261635788522374 0.037668472002753924
0 0.574220515137822 0.8819287187619175 0.03515589697243571 0.03773023138426925
0 0.3310528694080434 0.3162222855239387 0.03622232263895164 0.03721715344552587
0 0.39819249887031183 0.35780060144878456 0.03561229100768193 0.036385777155895103
0 0.1644283777677361 0.2553892947312456 0.03588793492995934 0.03802002540522638
0 0.1199954812471758 0.757189020265725 0.034487121554450995 0.0396875287061428
0 0.21899231812019884 0.38706504684378573 0.03588793492995934 0.037440437363312415
0 0.049222774514234076 0.4050322761431192 0.03588793492995933 0.03497006210269537
0 0.5317397198373249 0.40734112686746504 0.03308178942611839 0.03583944416556634
0 0.18371441482150927 0.5975362683266975 0.0368956168097605 0.03830981942618339
0 0.06994577496610935 0.4961511174866455 0.035219159511974685 0.036609061073681656
0 0.377930411206507 0.9543107138979949 0.03561229100768193 0.036960614476154174
0 0.23461816538635338 0.2664252211358864 0.03677361048350658 0.036190997568038744
0 0.39355625847266157 0.44892419351396595 0.03607320379575241 0.03779674148743977
0 0.4746091278807049 0.9122193200344056 0.034821509263443295 0.037858500868955335
0 0.44116131947582465 0.9676602417486366 0.03710799819249888 0.03638577715589522
0 0.12292363307727067 0.6986648801973777 0.036439222774514224 0.03952600416987181
0 0.5722638951649345 0.9378827184148921 0.0342385901491189 0.03708888396084002
0 0.5449209218255762 0.5266935070068506 0.034487121554450884 0.03465176375180823
0 0.49096701310438323 0.9389136250140341 0.034487121554450995 0.03648079158899569
0 0.21496610935381838 0.3364983655476181 0.036163578852236755 0.036960614476154056
0 0.3095707184816991 0.33932029421070753 0.035155896972435596 0.036960614476154056
0 0.7319340262087664 0.9024660884766237 0.036009941256213374 0.03830981942618339
0 0.3627925892453683 0.35883150804792663 0.03417984636240401 0.03545463571150869
0 0.6142566651604157 0.5171968144184402 0.03494351558969733 0.037858500868955335
0 0.07104383190239494 0.4645778213672985 0.03588793492995934 0.037027124579324576
0 0.3422864889290556 0.2831097555883611 0.03753727971079979 0.03737867798179697
0 0.24548124717577946 0.8085205677483529 0.0365612291007682 0.03975403880931331
0 0.1308585630366019 0.34676467504414366 0.03488025305015813 0.036737330558367504
0 0.26855399909624944 0.351900205153234 0.03567555354722096 0.03785850086895522
0 0.6435562584726616 0.9455836382177 0.03661997288748298 0.03872788293182631
0 0.7661138725711705 0.8814156408231739 0.035829191143244454 0.03737867798179685
0 0.5615228197017623 0.8270008749864298 0.036222322638951754 0.03878964231334164
0 0.8100587437867149 0.8270008749864298 0.0365612291007682 0.040746939635215175
0 0.3771983732489833 0.3262320560510925 0.03475824672390426 0.03593445859866705
0 0.3317849073655671 0.5120612843093498 0.03698599186624496 0.03821005427142762
0 0.8261726163578852 0.6745359649114668 0.035951197469498375 0.03814829488991217
0 0.4155264347040217 0.32187089357177256 0.03475824672390415 0.036257507671209256
0 0.17102123813827386 0.2861929739424773 0.034179846362403954 0.03538812560833829
0 0.26318572074107544 0.5123225740003767 0.03555354722096704 0.03355909777115071
0 0.22717126073203797 0.6919901162720568 0.03649796656122911 0.03866137282865579
0 0.051848169905106184 0.3732024410544004 0.03817894261183913 0.038438088910869236
0 0.7026389516493449 0.6298744306325048 0.036836873023045724 0.039849053242414015
0 0.13745142340713964 0.2372937959472262 0.035219159511974685 0.036062728083352896
0 0.9096701310438319 0.7104704235101339 0.037049254405784104 0.03830981942618339
0 0.08819701762313602 0.6016408918366457 0.03683687302304564 0.038438088910869236
0 0.1093131495707185 0.24897106977529646 0.03628558517849073 0.037027124579324576
0 0.4753411658382287 0.9702256314423544 0.034609127880704915 0.036257507671209145
0 0.5439448712155446 0.4450713582517345 0.033904202440126596 0.03648079158899581
0 0.7392589245368278 0.6175558093810052 0.035951197469498375 0.038599613447140226
0 0.3884274740171713 0.29286298714614317 0.03704925440578399 0.036385777155895103
0 0.8237324898328062 0.7397348689051348 0.03454586534116588 0.03773023138426925
0 0.4414053321283326 0.35549175072443867 0.03521915951197474 0.03648079158899581
0 0.5942385901491188 0.9070837899253154 0.035002259376412104 0.03737867798179685
0 0.20263895164934478 0.21804387180103385 0.035219159511974685 0.03679908993988295
0 0.6772480795300497 0.5667373398371208 0.0368956168097605 0.039112691385883844
0 0.5786127428829644 0.8413765587145586 0.036073203795752296 0.039397734685185724
0 0.42577948486217804 0.8937390127963286 0.03454586534116588 0.035644664577710095
0 0.18798915499322186 0.3621665146497596 0.03661997288748303 0.03930272025208514
0 0.869629462268414 0.7782347171975197 0.03555354722096693 0.03837157880769872
0 0.4101581563488477 0.9163239435443538 0.0365612291007682 0.03872788293182631
0 0.1592995933122458 0.4119588283161568 0.037261635788522374 0.037440437363312415
0 0.35644374152733843 0.25166947967535497 0.03488025305015818 0.03612448746486834
0 0.7983416177135111 0.7438394924150832 0.036836873023045724 0.040295621077986885
0 0.1671125169453231 0.8198130331223655 0.037261635788522374 0.038599613447140226
0 0.3869633981021238 0.29081067539116906 0.03527790329868952 0.03558290519619465
0 0.14758246723904203 0.5944578006942363 0.036773610483506525 0.03756870684799826
0 0.21435607772254858 0.5554401237414531 0.036439222774514224 0.03558290519619453
0 0.3176592860370538 0.26357953886452185 0.04020786262991416 0.038471343962454496
0 0.28086760054225035 0.3181130727426418 0.03739719837324895 0.03931697241705023
0 0.12163578852236784 0.418092009972804 0.03900587437867148 0.03635727282596492
0 0.04201988251242657 0.4398645673178187 0.03578852236782648 0.03762571550785864
0 0.2539267962042477 0.4172463815182082 0.03820153637596024 0.04143104355353981
0 0.30800723000451874 0.4396507848433422 0.03538635336647089 0.03382038746217747
0 0.36249435155896975 0.46120955971388045 0.03337550835969272 0.04311754974107645
0 0.14535924084952553 0.5668941136517369 0.04624039765024851 0.03973978664434822
0 0.11258924536827836 0.5865525998602621 0.035386353366470835 0.04184910705918261
0 0.10273836421147764 0.48086804592240556 0.03820153637596024 0.04354036396837432
0 0.07258020786262992 0.5320190659821421 0.03900587437867148 0.03762571550785864
0 0.0864527790329869 0.6975247070001699 0.039408043380027125 0.03720290128056077
0 0.10233619521012201 0.7307084977605729 0.030962494351558983 0.03424320168947546
0 0.14033438770899231 0.7269031697148918 0.0345820153637596 0.03847134396245438
0 0.17290103931314957 0.7309222802350493 0.03860370537731589 0.041431043553539694
0 0.19280614550384095 0.7575548258331625 0.03820153637596024 0.03889415818975225
0 0.14375056484410303 0.7898929881389698 0.03820153637596024 0.03931697241705035
0 0.19742882964301856 0.833856166334642 0.0377993673746046 0.044385992422970054
0 0.26638951649344783 0.8416806049004808 0.04221870763669233 0.036357272825965035
0 0.278052417532761 0.8687359647258919 0.04141436963398104 0.036357272825965035
0 0.3190646181653864 0.867467522043998 0.03659286037053777 0.03889415818975248
0 0.253524627202892 0.6641271337652902 0.03578852236782648 0.03804852973515651
0 0.2123090826931767 0.6666640191290777 0.04342521464075916 0.036357272825965035
0 0.29373248983280614 0.7087269086627368 0.03578852236782648 0.03931697241705035
0 0.39767736104835066 0.5580197656001358 0.03297333935833713 0.04058541509894396
0 0.46804338002711254 0.5163796902937746 0.04020786262991416 0.038471343962454496
0 0.4941798463624039 0.5525231806452631 0.039408043380027125 0.041431043553539694
0 0.534591052869408 0.5584425798274337 0.03820153637596024 0.03973978664434822
0 0.4708585630366019 0.5785238802632567 0.03619069136918207 0.03593445859866693
0 0.41919114324446455 0.6351714852778663 0.03578852236782648 0.03255194478028375
0 0.4053185720741076 0.6702555647002824 0.03538635336647089 0.036780087053262904
0 0.4358743786714867 0.6658183906744818 0.030560325350203366 0.03973978664434822
0 0.46522819701762314 0.6434139873493478 0.0345820153637596 0.04058541509894396
0 0.5854586534116584 0.6806121379082536 0.03860370537731583 0.03889415818975248
0 0.6194351558969724 0.6689871220183887 0.039005874378671423 0.044385992422970054
0 0.7008585630366019 0.6708921614020568 0.04262087663804781 0.041431043553539694
0 0.681762313601446 0.7000615923639572 0.03820153637596024 0.04058541509894396
0 0.706290103931315 0.714855339597729 0.030962494351558956 0.03973978664434822
0 0.7678084048802531 0.7281716123967855 0.0349841843651153 0.03593445859866693
0 0.5880704925440579 0.777845158021807 0.04061003163126986 0.03889415818975248
0 0.55168097605061 0.865139668433032 0.03377767736104831 0.03593445859866693
0 0.5307727067329416 0.8797243839139823 0.027342973339358423 0.032974759007581615
0 0.6266741979213737 0.892195028258443 0.03578852236782648 0.03086068787109204
0 0.6236556710347945 0.8308964667435567 0.04101220063262545 0.04016260087164609
0 0.6783416177135111 0.7869332885478845 0.03779936737460465 0.04184910705918261
0 0.7016629010393132 0.8142024308477719 0.03619069136918207 0.042271921286480475
0 0.734035246272029 0.7632604425408567 0.03820153637596024 0.04354036396837432
0 0.7637867148666968 0.8395665337639913 0.03820153637596024 0.042271921286480475
0 0.6749254405784003 0.8742277989591095 0.03739719837324906 0.03889415818975225
0 0.7054857659286037 0.8930406567130389 0.04061003163126986 0.04269473551377858