0 0.53076171875 0.909394250513347 0.0380859375 0.04055441478439425
0 0.506103515625 0.8703798767967146 0.037109375 0.04055441478439425
0 0.5771484375 0.8175051334702259 0.03857421875 0.04004106776180698
0 0.646728515625 0.3952772073921971 0.0380859375 0.038501026694045176
0 0.887939453125 0.4032340862422998 0.03857421875 0.039527720739219716
0 0.762451171875 0.8167351129363449 0.03857421875 0.04106776180698152
0 0.74462890625 0.43993839835728954 0.03857421875 0.04004106776180698
0 0.514404296875 0.44815195071868585 0.03662109375 0.037987679671457907
0 0.9580078125 0.4432751540041068 0.03759765625 0.04106776180698152
0 0.7744140625 0.8449691991786448 0.03759765625 0.039527720739219716
0 0.34521484375 0.9440451745379876 0.03759765625 0.038501026694045176
0 0.669189453125 0.6642710472279261 0.03857421875 0.04055441478439425
0 0.52783203125 0.5323408624229979 0.0380859375 0.038501026694045176
0 0.523193359375 0.8408624229979466 0.03857421875 0.04004106776180698
0 0.498779296875 0.7525667351129364 0.037109375 0.04004106776180698
0 0.634765625 0.7944045174537988 0.03759765625 0.04004106776180698
0 0.307861328125 0.8703798767967146 0.037109375 0.04004106776180698
0 0.7578125 0.702258726899384 0.03857421875 0.04106776180698152
0 0.724853515625 0.7594969199178645 0.0400390625 0.04106776180698152
0 0.6953125 0.5559548254620124 0.0390625 0.04004106776180698
0 0.956298828125 0.41196098562628336 0.0390625 0.04004106776180698
0 0.58447265625 0.6085728952772074 0.0361328125 0.037987679671457907
0 0.706787109375 0.4964065708418891 0.04052734375 0.04158110882956879
0 0.863525390625 0.5012833675564682 0.0390625 0.04055441478439425
0 0.809326171875 0.2902977412731006 0.03759765625 0.039014373716632446
0 0.612060546875 0.4573921971252567 0.03662109375 0.039527720739219716
0 0.744873046875 0.4717659137577002 0.0390625 0.04004106776180698
0 0.894775390625 0.5005133470225873 0.03759765625 0.039014373716632446
0 0.311279296875 0.9306981519507187 0.0380859375 0.04055441478439425
0 0.861083984375 0.33957905544147843 0.03857421875 0.04004106776180698
0 0.679931640625 0.9332648870636551 0.0390625 0.04106776180698152
0 0.76904296875 0.3044147843942505 0.037109375 0.038501026694045176
0 0.568115234375 0.9676591375770021 0.03955078125 0.04055441478439425
0 0.712646484375 0.9186344969199178 0.0390625 0.04055441478439425
0 0.556640625 0.4078542094455852 0.037109375 0.039014373716632446
0 0.416259765625 0.9650924024640657 0.037109375 0.04004106776180698
0 0.6044921875 0.5600616016427105 0.0361328125 0.04106776180698152
0 0.6416015625 0.6421971252566735 0.03759765625 0.04004106776180698
0 0.400634765625 0.8811601642710473 0.0380859375 0.04106776180698152
0 0.825439453125 0.7322895277207392 0.03857421875 0.04055441478439425
0 0.19091796875 0.8051848049281314 0.03857421875 0.04055441478439425
0 0.462646484375 0.5184804928131417 0.037109375 0.039527720739219716
0 0.85986328125 0.7307494866529775 0.03857421875 0.04004106776180698
0 0.70263671875 0.8513860369609856 0.03857421875 0.039014373716632446
0 0.807861328125 0.8477926078028748 0.0380859375 0.039527720739219716
0 0.1572265625 0.8128850102669405 0.03857421875 0.04158110882956879
0 0.637451171875 0.2954312114989733 0.0400390625 0.04004106776180698
0 0.359375 0.9158110882956879 0.037109375 0.039527720739219716
0 0.574462890625 0.7143223819301848 0.037109375 0.04055441478439425
0 0.637939453125 0.9512320328542094 0.03857421875 0.04055441478439425
0 0.24755859375 0.7340862422997947 0.0400390625 0.04158110882956879
0 0.7568359375 0.4075975359342916 0.03759765625 0.039527720739219716
0 0.642333984375 0.47150924024640656 0.03759765625 0.038501026694045176
0 0.8896484375 0.5698151950718686 0.0390625 0.04158110882956879
0 0.81689453125 0.6668377823408624 0.0380859375 0.04004106776180698
0 0.4609375 0.5562114989733059 0.037109375 0.039014373716632446
0 0.751953125 0.33572895277207393 0.03662109375 0.03696098562628337
0 0.68603515625 0.4001540041067762 0.0390625 0.038501026694045176
0 0.6416015625 0.8860369609856262 0.03955078125 0.043121149897330596
0 0.66455078125 0.5595482546201233 0.03857421875 0.03747433264887064
0 0.71875 0.31981519507186856 0.03759765625 0.039527720739219716
0 0.28125 0.7997946611909651 0.037109375 0.04004106776180698
0 0.7431640625 0.2938911704312115 0.03955078125 0.04209445585215606
0 0.924560546875 0.5472279260780287 0.0390625 0.04106776180698152
0 0.6474609375 0.9209445585215605 0.03759765625 0.039014373716632446
0 0.7890625 0.23536960985626285 0.03857421875 0.037987679671457907
0 0.55224609375 0.37166324435318276 0.037109375 0.039527720739219716
0 0.544189453125 0.938141683778234 0.03759765625 0.039527720739219716
0 0.12646484375 0.7225359342915811 0.03662109375 0.04004106776180698
0 0.391357421875 0.9191478439425051 0.03662109375 0.038501026694045176
0 0.283447265625 0.6347535934291582 0.0390625 0.04158110882956879
0 0.69384765625 0.8254620123203286 0.0390625 0.04158110882956879
0 0.561767578125 0.8467659137577002 0.03662109375 0.04004106776180698
0 0.84423828125 0.28080082135523615 0.03662109375 0.03747433264887064
0 0.431884765625 0.5952258726899384 0.037109375 0.04055441478439425
0 0.414794921875 0.912217659137577 0.03759765625 0.04055441478439425
0 0.436767578125 0.9353182751540041 0.03662109375 0.038501026694045176
0 0.947021484375 0.3765400410677618 0.0390625 0.04106776180698152
0 0.60009765625 0.3603696098562628 0.03759765625 0.04004106776180698
0 0.913818359375 0.2792607802874743 0.03955078125 0.038501026694045176
0 0.274658203125 0.7612936344969199 0.04052734375 0.043634496919917866
0 0.87646484375 0.22227926078028748 0.0380859375 0.038501026694045176
0 0.2236328125 0.7910677618069816 0.03759765625 0.039527720739219716
0 0.925537109375 0.30775154004106775 0.041015625 0.04106776180698152
0 0.575927734375 0.47997946611909653 0.0390625 0.04055441478439425
0 0.79638671875 0.5202772073921971 0.0380859375 0.04055441478439425
0 0.913330078125 0.6981519507186859 0.0380859375 0.039527720739219716
0 0.243896484375 0.8909137577002053 0.03759765625 0.04055441478439425
0 0.853759765625 0.40734086242299794 0.03759765625 0.04055441478439425
0 0.9345703125 0.33213552361396304 0.04052734375 0.04004106776180698
0 0.104248046875 0.6891683778234087 0.0380859375 0.04055441478439425
0 0.762939453125 0.6314168377823408 0.03857421875 0.04004106776180698
0 0.94580078125 0.6047227926078029 0.0390625 0.04106776180698152
0 0.759765625 0.569558521560575 0.03759765625 0.039527720739219716
0 0.86474609375 0.6658110882956879 0.03955078125 0.04004106776180698
0 0.671630859375 0.42274127310061604 0.037109375 0.03696098562628337
0 0.7490234375 0.22741273100616016 0.04052734375 0.04158110882956879
0 0.854736328125 0.5693018480492813 0.03857421875 0.04055441478439425
0 0.094970703125 0.7243326488706365 0.037109375 0.039527720739219716
0 0.740234375 0.2594969199178645 0.03955078125 0.039014373716632446
0 0.925537109375 0.6717145790554415 0.0390625 0.039014373716632446
0 0.21533203125 0.6514373716632443 0.03955078125 0.04260780287474333
0 0.78466796875 0.3952772073921971 0.04052734375 0.04004106776180698
0 0.70166015625 0.5220739219712526 0.0390625 0.04106776180698152
0 0.847900390625 0.6047227926078029 0.037109375 0.04055441478439425
0 0.11279296875 0.7566735112936345 0.0380859375 0.039527720739219716
0 0.41357421875 0.5038501026694046 0.03759765625 0.04055441478439425
0 0.67724609375 0.4527720739219713 0.037109375 0.03747433264887064
0 0.133544921875 0.7859342915811088 0.03662109375 0.04106776180698152
0 0.880126953125 0.5934291581108829 0.03955078125 0.04055441478439425
0 0.27001953125 0.6013860369609856 0.03955078125 0.043121149897330596
0 0.851318359375 0.19661190965092404 0.03955078125 0.039527720739219716
0 0.451416015625 0.43711498973305957 0.03857421875 0.04209445585215606
0 0.89990234375 0.2464065708418891 0.0390625 0.04055441478439425
0 0.661865234375 0.2679671457905544 0.0380859375 0.04004106776180698
0 0.6962890625 0.25051334702258726 0.03857421875 0.039014373716632446
0 0.256103515625 0.7754106776180698 0.03857421875 0.04106776180698152
0 0.347412109375 0.49743326488706363 0.0380859375 0.04106776180698152
0 0.61572265625 0.26642710472279263 0.04052734375 0.04209445585215606
0 0.556396484375 0.4432751540041068 0.03955078125 0.044147843942505136
0 0.49609375 0.5264373716632443 0.0400390625 0.043121149897330596
0 0.467041015625 0.5944558521560575 0.041015625 0.049281314168377825
0 0.4541015625 0.6211498973305954 0.0361328125 0.04620123203285421
0 0.4677734375 0.6560574948665298 0.0390625 0.044147843942505136
0 0.5048828125 0.653747433264887 0.037109375 0.04055441478439425
0 0.5234375 0.6196098562628337 0.03662109375 0.04004106776180698
0 0.4970703125 0.5944558521560575 0.041015625 0.048254620123203286
0 0.541015625 0.6568275154004107 0.0390625 0.048767967145790556
0 0.71923828125 0.6917351129363449 0.04150390625 0.04671457905544148
0 0.630859375 0.726129363449692 0.03759765625 0.045174537987679675
0 0.61767578125 0.7589835728952772 0.0458984375 0.043121149897330596
0 0.595458984375 0.7389630390143738 0.03662109375 0.049281314168377825
0 0.57275390625 0.760523613963039 0.0390625 0.048254620123203286
0 0.565185546875 0.7874743326488707 0.06005859375 0.048254620123203286
0 0.50048828125 0.8028747433264887 0.046875 0.047741273100616016
0 0.547607421875 0.7351129363449692 0.0419921875 0.047741273100616016
0 0.465576171875 0.8113449691991786 0.03662109375 0.04260780287474333
0 0.427490234375 0.8121149897330595 0.05029296875 0.045174537987679675
0 0.36962890625 0.7841375770020534 0.0458984375 0.050308008213552365
0 0.357666015625 0.821611909650924 0.04833984375 0.049281314168377825
0 0.328125 0.757700205338809 0.04248046875 0.05082135523613963
0 0.306640625 0.7379363449691991 0.03857421875 0.04055441478439425
0 0.280517578125 0.7222792607802875 0.0380859375 0.048767967145790556
0 0.3017578125 0.7004620123203286 0.0419921875 0.047741273100616016
0 0.310302734375 0.660164271047228 0.04150390625 0.045174537987679675
0 0.309814453125 0.6208932238193019 0.04150390625 0.04620123203285421
0 0.3642578125 0.6196098562628337 0.04150390625 0.04106776180698152
0 0.248291015625 0.6976386036960985 0.037109375 0.048254620123203286
0 0.22705078125 0.7538501026694046 0.0419921875 0.049281314168377825
0 0.30419921875 0.7849075975359343 0.0458984375 0.044147843942505136
0 0.4462890625 0.8477926078028748 0.04345703125 0.044661190965092405
0 0.432861328125 0.8762833675564682 0.04150390625 0.05082135523613963
0 0.454833984375 0.9060574948665298 0.0556640625 0.049281314168377825
0 0.677734375 0.8963039014373717 0.04345703125 0.044147843942505136
0 0.70458984375 0.8837268993839835 0.046875 0.043634496919917866
0 0.8984375 0.6478439425051334 0.04296875 0.05184804928131417
0 0.872314453125 0.6301334702258727 0.048828125 0.04568788501026694
0 0.842041015625 0.7630903490759754 0.04443359375 0.04620123203285421
0 0.8017578125 0.7559034907597536 0.0517578125 0.057494866529774126
0 0.818603515625 0.7815708418891171 0.04296875 0.05646817248459959
0 0.759521484375 0.7507700205338809 0.0419921875 0.044147843942505136
0 0.7412109375 0.7836242299794661 0.0380859375 0.055441478439425054
0 0.783935546875 0.6786447638603696 0.04638671875 0.049794661190965095
0 0.607421875 0.4905030800821355 0.04736328125 0.048767967145790556
0 0.635498046875 0.5780287474332649 0.04150390625 0.047741273100616016
0 0.7705078125 0.4648357289527721 0.04638671875 0.047741273100616016
0 0.785888671875 0.4296714579055442 0.044921875 0.04004106776180698
0 0.921630859375 0.3965605749486653 0.0458984375 0.058008213552361396
0 0.894775390625 0.43249486652977415 0.0361328125 0.04106776180698152
0 0.855712890625 0.4396817248459959 0.046875 0.047741273100616016
0 0.908447265625 0.46919917864476385 0.04736328125 0.053388090349075976
0 0.942626953125 0.4671457905544148 0.03857421875 0.04209445585215606
0 0.898681640625 0.5354209445585215 0.03857421875 0.04209445585215606
0 0.3291015625 0.8991273100616016 0.03662109375 0.052874743326488706