0 0.146240234375 0.5500513347022588 0.03564453125 0.03696098562628337
0 0.26416015625 0.5202772073921971 0.03662109375 0.03747433264887064
0 0.84375 0.2982546201232033 0.03515625 0.039014373716632446
0 0.3564453125 0.05415811088295688 0.03759765625 0.039014373716632446
0 0.320068359375 0.31493839835728954 0.03662109375 0.03696098562628337
0 0.3095703125 0.15349075975359344 0.03662109375 0.038501026694045176
0 0.4296875 0.4912731006160164 0.03564453125 0.03747433264887064
0 0.642333984375 0.2741273100616016 0.0361328125 0.039014373716632446
0 0.041015625 0.518223819301848 0.0361328125 0.03747433264887064
0 0.279541015625 0.4188911704312115 0.03662109375 0.03696098562628337
0 0.331298828125 0.45328542094455854 0.03515625 0.037987679671457907
0 0.486328125 0.5125770020533881 0.0361328125 0.03696098562628337
0 0.242919921875 0.5446611909650924 0.03515625 0.03747433264887064
0 0.629638671875 0.07417864476386037 0.0361328125 0.039527720739219716
0 0.506591796875 0.5385010266940452 0.0341796875 0.03747433264887064
0 0.236328125 0.15939425051334702 0.03662109375 0.038501026694045176
0 0.093017578125 0.5882956878850103 0.0390625 0.038501026694045176
0 0.57080078125 0.3847535934291581 0.03466796875 0.0364476386036961
0 0.65576171875 0.23382956878850103 0.03759765625 0.04004106776180698
0 0.574951171875 0.2512833675564682 0.03564453125 0.037987679671457907
0 0.295166015625 0.5228439425051334 0.03564453125 0.03747433264887064
0 0.081298828125 0.4240246406570842 0.0390625 0.04055441478439425
0 0.31494140625 0.4212012320328542 0.03564453125 0.03696098562628337
0 0.695068359375 0.07494866529774127 0.0361328125 0.039527720739219716
0 0.32421875 0.5870123203285421 0.03564453125 0.039014373716632446
0 0.306640625 0.09291581108829569 0.03564453125 0.037987679671457907
0 0.738525390625 0.28003080082135523 0.03662109375 0.039014373716632446
0 0.238525390625 0.6380903490759754 0.03515625 0.03747433264887064
0 0.56689453125 0.03285420944558522 0.03466796875 0.0364476386036961
0 0.36669921875 0.12628336755646818 0.03662109375 0.038501026694045176
0 0.427001953125 0.26001026694045176 0.03515625 0.037987679671457907
0 0.5341796875 0.3531827515400411 0.03515625 0.03696098562628337
0 0.413818359375 0.406570841889117 0.0361328125 0.038501026694045176
0 0.197021484375 0.7381930184804928 0.03662109375 0.037987679671457907
0 0.355712890625 0.25051334702258726 0.0361328125 0.03696098562628337
0 0.27490234375 0.08932238193018481 0.0361328125 0.038501026694045176
0 0.094482421875 0.47510266940451745 0.03857421875 0.037987679671457907
0 0.218505859375 0.5705852156057495 0.0361328125 0.03747433264887064
0 0.32275390625 0.06596509240246407 0.03662109375 0.037987679671457907
0 0.235595703125 0.2276694045174538 0.03857421875 0.04004106776180698
0 0.4677734375 0.32084188911704314 0.03466796875 0.03696098562628337
0 0.72119140625 0.21457905544147843 0.03515625 0.038501026694045176
0 0.613525390625 0.1339835728952772 0.0361328125 0.039014373716632446
0 0.2529296875 0.2582135523613963 0.03857421875 0.04055441478439425
0 0.26123046875 0.6106262833675564 0.03662109375 0.0364476386036961
0 0.04736328125 0.4358316221765914 0.03759765625 0.04004106776180698
0 0.23046875 0.7643737166324436 0.03564453125 0.03696098562628337
0 0.361328125 0.27874743326488705 0.037109375 0.039014373716632446
0 0.53857421875 0.057494866529774126 0.03564453125 0.03747433264887064
0 0.3818359375 0.08136550308008214 0.03564453125 0.03747433264887064
0 0.219970703125 0.12782340862422997 0.03662109375 0.04004106776180698
0 0.192138671875 0.5980492813141683 0.03564453125 0.03696098562628337
0 0.26904296875 0.21894250513347022 0.037109375 0.038501026694045176
0 0.113037109375 0.3280287474332649 0.0380859375 0.04004106776180698
0 0.0419921875 0.46996919917864477 0.03759765625 0.04106776180698152
0 0.132568359375 0.3675564681724846 0.03759765625 0.037987679671457907
0 0.29345703125 0.6239733059548255 0.0361328125 0.03696098562628337
0 0.32177734375 0.24512320328542095 0.0380859375 0.038501026694045176
0 0.58056640625 0.11960985626283367 0.03564453125 0.038501026694045176
0 0.328125 0.6806981519507187 0.03662109375 0.037987679671457907
0 0.395751953125 0.6404004106776181 0.0361328125 0.03696098562628337
0 0.160400390625 0.7384496919917864 0.03662109375 0.038501026694045176
0 0.124267578125 0.2358829568788501 0.03515625 0.04055441478439425
0 0.217041015625 0.6078028747433265 0.03662109375 0.037987679671457907
0 0.047607421875 0.5867556468172485 0.03662109375 0.03542094455852156
0 0.5302734375 0.5931724845995893 0.03369140625 0.0364476386036961
0 0.185302734375 0.3965605749486653 0.03759765625 0.039014373716632446
0 0.070068359375 0.49589322381930184 0.03564453125 0.03747433264887064
0 0.385498046875 0.043634496919917866 0.0361328125 0.03747433264887064
0 0.230712890625 0.7286960985626283 0.03759765625 0.03696098562628337
0 0.392822265625 0.5490246406570842 0.03662109375 0.038501026694045176
0 0.4814453125 0.08726899383983573 0.03564453125 0.038501026694045176
0 0.448974609375 0.03131416837782341 0.03759765625 0.03696098562628337
0 0.126220703125 0.29440451745379875 0.037109375 0.04004106776180698
0 0.57958984375 0.06339835728952772 0.03466796875 0.03747433264887064
0 0.54541015625 0.4740759753593429 0.03515625 0.03542094455852156
0 0.498291015625 0.061088295687885014 0.03515625 0.03696098562628337
0 0.21240234375 0.6583675564681725 0.03662109375 0.03747433264887064
0 0.306884765625 0.6570841889117043 0.03564453125 0.03747433264887064
0 0.738525390625 0.1018993839835729 0.03662109375 0.039014373716632446
0 0.3603515625 0.6386036960985626 0.03466796875 0.03593429158110883
0 0.614501953125 0.48485626283367556 0.03564453125 0.038501026694045176
0 0.070556640625 0.5274640657084189 0.03662109375 0.03747433264887064
0 0.338623046875 0.7140657084188912 0.0380859375 0.037987679671457907
0 0.250732421875 0.1868583162217659 0.037109375 0.04055441478439425
0 0.12841796875 0.6465605749486653 0.03564453125 0.03747433264887064
0 0.26611328125 0.6437371663244353 0.0361328125 0.038501026694045176
0 0.65087890625 0.057238193018480495 0.037109375 0.039527720739219716
0 0.7724609375 0.1234599589322382 0.03662109375 0.037987679671457907
0 0.56689453125 0.17428131416837783 0.03662109375 0.039527720739219716
0 0.8154296875 0.17864476386036962 0.037109375 0.04158110882956879
0 0.374267578125 0.6714579055441479 0.03515625 0.0364476386036961
0 0.33203125 0.48485626283367556 0.03759765625 0.039014373716632446
0 0.8291015625 0.3313655030800821 0.03662109375 0.039014373716632446
0 0.41259765625 0.6765913757700205 0.03515625 0.03696098562628337
0 0.16748046875 0.7076488706365504 0.03466796875 0.03593429158110883
0 0.263427734375 0.48331622176591377 0.0361328125 0.034394250513347026
0 0.23046875 0.30313141683778233 0.037109375 0.039527720739219716
0 0.0498046875 0.6185831622176592 0.03857421875 0.039014373716632446
0 0.704833984375 0.3739733059548255 0.03759765625 0.04055441478439425
0 0.133056640625 0.7559034907597536 0.03564453125 0.0364476386036961
0 0.9130859375 0.2969712525667351 0.03759765625 0.039014373716632446
0 0.08984375 0.39091375770020537 0.03759765625 0.039014373716632446
0 0.105224609375 0.7438398357289527 0.037109375 0.03747433264887064
0 0.483154296875 0.029517453798767967 0.03515625 0.03696098562628337
0 0.54296875 0.5556981519507187 0.03466796875 0.03696098562628337
0 0.7412109375 0.3868069815195072 0.03662109375 0.039014373716632446
0 0.385009765625 0.705082135523614 0.03759765625 0.03696098562628337
0 0.82763671875 0.26617043121149897 0.03515625 0.038501026694045176
0 0.43896484375 0.6434804928131417 0.03564453125 0.03696098562628337
0 0.60107421875 0.09471252566735112 0.03564453125 0.037987679671457907
0 0.197998046875 0.7764373716632443 0.03564453125 0.03747433264887064
0 0.67822265625 0.4366016427104723 0.03759765625 0.039527720739219716
0 0.584228515625 0.1601642710472279 0.03662109375 0.04004106776180698
0 0.432373046875 0.1049794661190965 0.03515625 0.0364476386036961
0 0.185791015625 0.6321868583162218 0.037109375 0.04004106776180698
0 0.874267578125 0.22869609856262835 0.0361328125 0.039014373716632446
0 0.4169921875 0.08213552361396304 0.037109375 0.039527720739219716
0 0.157958984375 0.5818788501026694 0.0380859375 0.037987679671457907
0 0.352294921875 0.7456365503080082 0.03564453125 0.03696098562628337
0 0.80224609375 0.26155030800821355 0.03759765625 0.04106776180698152
0 0.17236328125 0.1740246406570842 0.0380859375 0.039527720739219716
0 0.383544921875 0.707135523613963 0.03564453125 0.0364476386036961
0 0.149169921875 0.3991273100616016 0.03759765625 0.037987679671457907
0 0.21533203125 0.4394250513347023 0.037109375 0.0364476386036961
0 0.313720703125 0.7330595482546202 0.041015625 0.039014373716632446
0 0.27783203125 0.6778747433264887 0.0380859375 0.04004106776180698
0 0.120361328125 0.5749486652977412 0.03955078125 0.03696098562628337
0 0.041015625 0.5518480492813141 0.03662109375 0.038501026694045176
0 0.252685546875 0.5782854209445585 0.0390625 0.04209445585215606
0 0.30712890625 0.5567248459958932 0.0361328125 0.034394250513347026
0 0.36181640625 0.5361909650924025 0.0341796875 0.043634496919917866
0 0.146484375 0.42659137577002054 0.046875 0.04055441478439425
0 0.114013671875 0.4063141683778234 0.0361328125 0.04260780287474333
0 0.1025390625 0.5118069815195072 0.0390625 0.044147843942505136
0 0.0732421875 0.46021560574948667 0.03955078125 0.038501026694045176
0 0.08984375 0.294917864476386 0.0400390625 0.037987679671457907
0 0.106201171875 0.2620636550308008 0.03173828125 0.03490759753593429
0 0.14404296875 0.26642710472279263 0.03515625 0.039014373716632446
0 0.1767578125 0.26309034907597534 0.0390625 0.04209445585215606
0 0.197021484375 0.23690965092402463 0.0390625 0.039527720739219716
0 0.148681640625 0.20354209445585217 0.0390625 0.04004106776180698
0 0.203125 0.1606776180698152 0.03857421875 0.045174537987679675
0 0.272216796875 0.1540041067761807 0.04296875 0.03696098562628337
0 0.2841796875 0.1273100616016427 0.0419921875 0.03696098562628337
0 0.3251953125 0.1293634496919918 0.037109375 0.039527720739219716
0 0.25634765625 0.3313655030800821 0.03662109375 0.038501026694045176
0 0.215087890625 0.3280287474332649 0.0439453125 0.03696098562628337
0 0.297119140625 0.2874743326488706 0.03662109375 0.04004106776180698
0 0.398681640625 0.44019507186858314 0.03369140625 0.04106776180698152
0 0.46826171875 0.4830595482546201 0.041015625 0.039014373716632446
0 0.4951171875 0.44738193018480493 0.0400390625 0.04209445585215606
0 0.53564453125 0.44224845995893225 0.0390625 0.04055441478439425
0 0.47216796875 0.4209445585215606 0.03662109375 0.0364476386036961
0 0.42138671875 0.36344969199178645 0.0361328125 0.033367556468172486
0 0.408203125 0.3280287474332649 0.0361328125 0.03747433264887064
0 0.438720703125 0.33290554414784396 0.03125 0.04004106776180698
0 0.467529296875 0.35600616016427106 0.03515625 0.04106776180698152
0 0.58837890625 0.32109856262833675 0.0390625 0.039527720739219716
0 0.622314453125 0.33316221765913756 0.03955078125 0.045174537987679675
0 0.70361328125 0.33290554414784396 0.04345703125 0.04209445585215606
0 0.68505859375 0.303388090349076 0.0390625 0.04106776180698152
0 0.709716796875 0.28901437371663247 0.03173828125 0.04055441478439425
0 0.771484375 0.276694045174538 0.03564453125 0.0364476386036961
0 0.5927734375 0.22381930184804927 0.041015625 0.039527720739219716
0 0.5576171875 0.13578028747433266 0.0341796875 0.0364476386036961
0 0.537109375 0.12089322381930184 0.02783203125 0.033367556468172486
0 0.633056640625 0.1101129363449692 0.0361328125 0.03131416837782341
0 0.629150390625 0.17145790554414783 0.04150390625 0.04106776180698152
0 0.68310546875 0.21637577002053388 0.03857421875 0.04260780287474333
0 0.706787109375 0.18942505133470225 0.037109375 0.043121149897330596
0 0.73828125 0.2410164271047228 0.0390625 0.044147843942505136
0 0.769287109375 0.16529774127310062 0.0390625 0.043121149897330596
0 0.68115234375 0.12910677618069816 0.0380859375 0.039527720739219716
0 0.7119140625 0.11088295687885011 0.04150390625 0.043634496919917866