0 0.588134765625 0.7012320328542094 0.03564453125 0.039527720739219716
0 0.56640625 0.9658624229979466 0.03662109375 0.039527720739219716
0 0.545654296875 0.7990246406570842 0.03515625 0.03747433264887064
0 0.595947265625 0.7328028747433265 0.0361328125 0.03696098562628337
0 0.2626953125 0.8868069815195072 0.0361328125 0.038501026694045176
0 0.703369140625 0.7959445585215605 0.0361328125 0.03696098562628337
0 0.632568359375 0.7402464065708418 0.0361328125 0.03747433264887064
0 0.518310546875 0.5926591375770021 0.03515625 0.038501026694045176
0 0.70458984375 0.7343429158110883 0.0361328125 0.037987679671457907
0 0.524658203125 0.6930184804928131 0.03466796875 0.0364476386036961
0 0.54931640625 0.9312114989733059 0.0361328125 0.038501026694045176
0 0.896728515625 0.4794661190965092 0.03515625 0.037987679671457907
0 0.776123046875 0.7191991786447639 0.03759765625 0.037987679671457907
0 0.66845703125 0.7150924024640657 0.03759765625 0.039527720739219716
0 0.709716796875 0.5 0.03662109375 0.03747433264887064
0 0.718994140625 0.5364476386036962 0.0361328125 0.03747433264887064
0 0.85546875 0.7920944558521561 0.0380859375 0.04055441478439425
0 0.866455078125 0.473305954825462 0.03759765625 0.03696098562628337
0 0.768798828125 0.7908110882956879 0.03759765625 0.038501026694045176
0 0.168701171875 0.8067248459958932 0.03662109375 0.038501026694045176
0 0.710205078125 0.8308521560574949 0.0361328125 0.038501026694045176
0 0.666015625 0.7510266940451745 0.0361328125 0.03696098562628337
0 0.875 0.6162731006160165 0.037109375 0.039014373716632446
0 0.356201171875 0.9486652977412731 0.03759765625 0.037987679671457907
0 0.177490234375 0.8380390143737166 0.03564453125 0.037987679671457907
0 0.447509765625 0.9265913757700205 0.03564453125 0.037987679671457907
0 0.611572265625 0.5775154004106776 0.03662109375 0.0364476386036961
0 0.6748046875 0.3919404517453799 0.03564453125 0.03696098562628337
0 0.51318359375 0.9366016427104723 0.03466796875 0.03747433264887064
0 0.386962890625 0.9563655030800822 0.03466796875 0.037987679671457907
0 0.297607421875 0.8069815195071869 0.03662109375 0.037987679671457907
0 0.77783203125 0.6391170431211499 0.03759765625 0.039527720739219716
0 0.661865234375 0.9399383983572895 0.03759765625 0.037987679671457907
0 0.918212890625 0.5667351129363449 0.037109375 0.03747433264887064
0 0.60009765625 0.9140143737166324 0.0361328125 0.039014373716632446
0 0.4287109375 0.9674024640657084 0.03466796875 0.03747433264887064
0 0.75537109375 0.8896303901437371 0.037109375 0.039527720739219716
0 0.794921875 0.5346509240246407 0.0380859375 0.03747433264887064
0 0.195068359375 0.7792607802874744 0.03662109375 0.039014373716632446
0 0.823486328125 0.5562114989733059 0.03759765625 0.037987679671457907
0 0.087890625 0.6434804928131417 0.03662109375 0.04004106776180698
0 0.13134765625 0.7007186858316222 0.03759765625 0.037987679671457907
0 0.664306640625 0.9060574948665298 0.03662109375 0.04004106776180698
0 0.4130859375 0.9337782340862423 0.03564453125 0.03542094455852156
0 0.424560546875 0.606006160164271 0.03564453125 0.03696098562628337
0 0.890625 0.6724845995893224 0.03759765625 0.039014373716632446
0 0.22802734375 0.8832135523613963 0.037109375 0.038501026694045176
0 0.56591796875 0.7533367556468172 0.03515625 0.03593429158110883
0 0.586669921875 0.5261806981519507 0.037109375 0.039014373716632446
0 0.836181640625 0.6396303901437371 0.037109375 0.03747433264887064
0 0.713623046875 0.44738193018480493 0.03515625 0.03696098562628337
0 0.6748046875 0.48767967145790553 0.03662109375 0.03747433264887064
0 0.75927734375 0.2433264887063655 0.037109375 0.03696098562628337
0 0.731201171875 0.7097022587268994 0.03759765625 0.037987679671457907
0 0.349609375 0.6511806981519507 0.03564453125 0.03696098562628337
0 0.8681640625 0.7335728952772074 0.03759765625 0.039014373716632446
0 0.828857421875 0.343429158110883 0.03662109375 0.03747433264887064
0 0.649169921875 0.6090862422997947 0.0361328125 0.0364476386036961
0 0.140625 0.7951745379876797 0.0361328125 0.039014373716632446
0 0.863037109375 0.26309034907597534 0.03564453125 0.03747433264887064
0 0.879150390625 0.5818788501026694 0.03662109375 0.03747433264887064
0 0.896728515625 0.44815195071868585 0.03564453125 0.03593429158110883
0 0.89208984375 0.5492813141683778 0.03662109375 0.039527720739219716
0 0.788330078125 0.2641170431211499 0.0361328125 0.037987679671457907
0 0.880615234375 0.37910677618069816 0.037109375 0.037987679671457907
0 0.683837890625 0.316735112936345 0.03564453125 0.03542094455852156
0 0.28369140625 0.9170944558521561 0.037109375 0.04004106776180698
0 0.36572265625 0.5569815195071869 0.0341796875 0.03696098562628337
0 0.8056640625 0.48844969199178645 0.0361328125 0.037987679671457907
0 0.572998046875 0.3875770020533881 0.03564453125 0.0364476386036961
0 0.1201171875 0.7646303901437371 0.03662109375 0.039527720739219716
0 0.6435546875 0.30980492813141686 0.0361328125 0.037987679671457907
0 0.712158203125 0.38886036960985626 0.037109375 0.037987679671457907
0 0.78173828125 0.36935318275154005 0.03759765625 0.038501026694045176
0 0.845458984375 0.5798254620123203 0.03662109375 0.037987679671457907
0 0.829345703125 0.25308008213552363 0.03662109375 0.038501026694045176
0 0.1435546875 0.643993839835729 0.0380859375 0.037987679671457907
0 0.89111328125 0.5513347022587269 0.03759765625 0.037987679671457907
0 0.954345703125 0.5531314168377823 0.03564453125 0.03747433264887064
0 0.074462890625 0.6801848049281314 0.037109375 0.039014373716632446
0 0.64306640625 0.37166324435318276 0.03564453125 0.03593429158110883
0 0.775390625 0.419917864476386 0.03662109375 0.03747433264887064
0 0.7275390625 0.41581108829568786 0.03662109375 0.03696098562628337
0 0.69384765625 0.9271047227926078 0.0361328125 0.037987679671457907
0 0.1015625 0.7381930184804928 0.03662109375 0.038501026694045176
0 0.663330078125 0.2769507186858316 0.03662109375 0.038501026694045176
0 0.361572265625 0.5184804928131417 0.0380859375 0.039014373716632446
0 0.798828125 0.23536960985626285 0.03515625 0.03747433264887064
0 0.42919921875 0.964835728952772 0.03369140625 0.0364476386036961
0 0.589599609375 0.33547227926078027 0.03759765625 0.038501026694045176
0 0.927001953125 0.3028747433264887 0.03662109375 0.03696098562628337
0 0.6240234375 0.34034907597535935 0.03515625 0.03696098562628337
0 0.795166015625 0.4491786447638604 0.03759765625 0.03696098562628337
0 0.508056640625 0.3714065708418891 0.03564453125 0.03747433264887064
0 0.936767578125 0.33598562628336753 0.03759765625 0.037987679671457907
0 0.171142578125 0.625 0.03759765625 0.037987679671457907
0 0.85791015625 0.22895277207392198 0.03662109375 0.037987679671457907
0 0.45703125 0.41427104722792607 0.0341796875 0.03696098562628337
0 0.720703125 0.2643737166324435 0.037109375 0.03747433264887064
0 0.496337890625 0.39758726899383984 0.03515625 0.038501026694045176
0 0.49462890625 0.4353182751540041 0.03564453125 0.03747433264887064
0 0.821533203125 0.273870636550308 0.03662109375 0.03696098562628337
0 0.74755859375 0.5472279260780287 0.0361328125 0.03542094455852156
0 0.462158203125 0.48357289527720737 0.03515625 0.03747433264887064
0 0.78369140625 0.20841889117043122 0.0380859375 0.039014373716632446
0 0.41455078125 0.4663757700205339 0.0341796875 0.038501026694045176
0 0.79150390625 0.3919404517453799 0.03759765625 0.037987679671457907
0 0.449462890625 0.4525154004106776 0.037109375 0.039014373716632446
0 0.84326171875 0.40734086242299794 0.03662109375 0.038501026694045176
0 0.89990234375 0.3180184804928131 0.041015625 0.047741273100616016
0 0.95849609375 0.438911704312115 0.0380859375 0.04209445585215606
0 0.896240234375 0.5166837782340863 0.03857421875 0.04158110882956879
0 0.8720703125 0.6468172484599589 0.04052734375 0.043121149897330596
0 0.902587890625 0.6370636550308009 0.0400390625 0.039014373716632446
0 0.804931640625 0.62217659137577 0.0361328125 0.04055441478439425
0 0.7197265625 0.6758213552361396 0.03515625 0.0364476386036961
0 0.685791015625 0.6611909650924025 0.0400390625 0.047741273100616016
0 0.62060546875 0.6475872689938398 0.0390625 0.048767967145790556
0 0.6162109375 0.6771047227926078 0.037109375 0.039527720739219716
0 0.588134765625 0.699435318275154 0.04443359375 0.04158110882956879
0 0.552978515625 0.6809548254620124 0.03955078125 0.044661190965092405
0 0.514404296875 0.6280800821355236 0.0439453125 0.04158110882956879
0 0.780517578125 0.29774127310061604 0.041015625 0.03747433264887064
0 0.693603515625 0.28336755646817247 0.03515625 0.044147843942505136
0 0.61083984375 0.5433778234086243 0.03564453125 0.04004106776180698
0 0.551513671875 0.5017967145790554 0.0361328125 0.04260780287474333
0 0.523193359375 0.5112936344969199 0.03759765625 0.049794661190965095
0 0.39990234375 0.5397843942505134 0.03466796875 0.04055441478439425
0 0.449462890625 0.5803388090349076 0.037109375 0.03696098562628337
0 0.4609375 0.6147330595482546 0.03466796875 0.043121149897330596
0 0.7529296875 0.6599075975359343 0.0380859375 0.04106776180698152
0 0.783447265625 0.6791581108829569 0.03662109375 0.04106776180698152
0 0.840576171875 0.606006160164271 0.041015625 0.039527720739219716
0 0.915771484375 0.6904517453798767 0.0419921875 0.039014373716632446
0 0.87255859375 0.7671971252566735 0.04345703125 0.039014373716632446
0 0.840576171875 0.7220225872689938 0.0361328125 0.037987679671457907
0 0.7431640625 0.7433264887063655 0.037109375 0.04004106776180698
0 0.7060546875 0.7625770020533881 0.0439453125 0.04260780287474333
0 0.747314453125 0.6955852156057495 0.0400390625 0.04260780287474333
0 0.692626953125 0.6999486652977412 0.0361328125 0.043634496919917866
0 0.7138671875 0.8606262833675564 0.03759765625 0.04055441478439425
0 0.7275390625 0.9052874743326489 0.03515625 0.043121149897330596
0 0.63232421875 0.8857802874743327 0.037109375 0.03542094455852156
0 0.67529296875 0.8218685831622177 0.04150390625 0.038501026694045176
0 0.6318359375 0.9201745379876797 0.03515625 0.04209445585215606
0 0.6142578125 0.955082135523614 0.04296875 0.04055441478439425
0 0.5810546875 0.9327515400410678 0.03271484375 0.043121149897330596
0 0.485107421875 0.9011806981519507 0.03759765625 0.043634496919917866
0 0.50927734375 0.8726899383983573 0.0380859375 0.04004106776180698
0 0.508056640625 0.8349589322381931 0.03857421875 0.044147843942505136
0 0.538330078125 0.872946611909651 0.03271484375 0.039014373716632446
0 0.521484375 0.903747433264887 0.03759765625 0.039014373716632446
0 0.580078125 0.5944558521560575 0.0390625 0.03593429158110883
0 0.35498046875 0.7025154004106776 0.04345703125 0.047741273100616016
0 0.31201171875 0.7104722792607803 0.04248046875 0.04620123203285421
0 0.3740234375 0.728952772073922 0.0380859375 0.04004106776180698
0 0.352783203125 0.7664271047227926 0.03955078125 0.043634496919917866
0 0.34375 0.8172484599589322 0.0341796875 0.04260780287474333
0 0.31396484375 0.8393223819301848 0.044921875 0.039014373716632446
0 0.276123046875 0.8359856262833676 0.0400390625 0.04209445585215606
0 0.2509765625 0.8562628336755647 0.03662109375 0.03747433264887064
0 0.233642578125 0.8246919917864476 0.03857421875 0.04209445585215606
0 0.20458984375 0.8154517453798767 0.0361328125 0.039527720739219716
0 0.229248046875 0.7836242299794661 0.03271484375 0.03182751540041068
0 0.185791015625 0.7371663244353183 0.0341796875 0.037987679671457907
0 0.150390625 0.6799281314168378 0.037109375 0.04106776180698152
0 0.40771484375 0.7897843942505134 0.03759765625 0.04106776180698152
0 0.41748046875 0.8252053388090349 0.0322265625 0.04106776180698152
0 0.39013671875 0.8290554414784395 0.037109375 0.04004106776180698
0 0.501953125 0.757700205338809 0.0380859375 0.03696098562628337
0 0.4912109375 0.7248459958932238 0.03857421875 0.045174537987679675
0 0.331787109375 0.8716632443531828 0.0390625 0.039527720739219716
0 0.309814453125 0.7535934291581109 0.0498046875 0.04568788501026694
0 0.368896484375 0.8850102669404517 0.0419921875 0.04158110882956879
0 0.381591796875 0.9188911704312115 0.0400390625 0.039014373716632446
0 0.323486328125 0.9332648870636551 0.04248046875 0.03696098562628337
0 0.141845703125 0.7402464065708418 0.04248046875 0.04004106776180698