0 0.87255859375 0.7648870636550308 0.041015625 0.04260780287474333
0 0.513671875 0.9027207392197125 0.0390625 0.04260780287474333
0 0.71728515625 0.8390657084188912 0.03955078125 0.04158110882956879
0 0.588134765625 0.9617556468172485 0.0400390625 0.04158110882956879
0 0.744873046875 0.18275154004106775 0.0400390625 0.04106776180698152
0 0.484375 0.7161190965092402 0.03955078125 0.04260780287474333
0 0.518798828125 0.8503593429158111 0.0390625 0.04106776180698152
0 0.8525390625 0.7969712525667351 0.04052734375 0.043121149897330596
0 0.69775390625 0.49717659137577 0.0400390625 0.04209445585215606
0 0.66259765625 0.49204312114989734 0.03857421875 0.04106776180698152
0 0.458251953125 0.9350616016427105 0.03955078125 0.04260780287474333
0 0.683837890625 0.7535934291581109 0.04052734375 0.043121149897330596
0 0.3291015625 0.9073408624229979 0.0400390625 0.04158110882956879
0 0.819580078125 0.8046714579055442 0.04052734375 0.043634496919917866
0 0.8046875 0.3472792607802875 0.03955078125 0.04055441478439425
0 0.924072265625 0.4427618069815195 0.0390625 0.04106776180698152
0 0.728515625 0.6514373716632443 0.0400390625 0.04158110882956879
0 0.67822265625 0.5995893223819302 0.03857421875 0.04158110882956879
0 0.734619140625 0.5318275154004107 0.0400390625 0.04106776180698152
0 0.670654296875 0.9355749486652978 0.04052734375 0.04158110882956879
0 0.60205078125 0.6149897330595483 0.0390625 0.04055441478439425
0 0.593505859375 0.8680698151950719 0.0380859375 0.039527720739219716
0 0.75927734375 0.8880903490759754 0.0419921875 0.044147843942505136
0 0.825439453125 0.7325462012320328 0.04052734375 0.04209445585215606
0 0.5654296875 0.4771560574948665 0.03857421875 0.04158110882956879
0 0.86474609375 0.3154517453798768 0.03955078125 0.04209445585215606
0 0.84130859375 0.28696098562628336 0.0400390625 0.04106776180698152
0 0.4365234375 0.8619096509240246 0.04052734375 0.04158110882956879
0 0.745849609375 0.6786447638603696 0.03857421875 0.04055441478439425
0 0.927001953125 0.6552874743326489 0.0400390625 0.04158110882956879
0 0.693603515625 0.9219712525667351 0.04052734375 0.04260780287474333
0 0.749755859375 0.38039014373716634 0.0390625 0.04055441478439425
0 0.639892578125 0.4643223819301848 0.03759765625 0.039014373716632446
0 0.237060546875 0.8477926078028748 0.04052734375 0.04106776180698152
0 0.269775390625 0.6552874743326489 0.04052734375 0.04209445585215606
0 0.882080078125 0.34548254620123203 0.0390625 0.04055441478439425
0 0.58642578125 0.7407597535934292 0.03955078125 0.04209445585215606
0 0.5732421875 0.896047227926078 0.0390625 0.04260780287474333
0 0.742919921875 0.43788501026694043 0.041015625 0.04106776180698152
0 0.546142578125 0.42505133470225875 0.03955078125 0.04004106776180698
0 0.78857421875 0.4863963039014374 0.041015625 0.043634496919917866
0 0.622802734375 0.5633983572895277 0.03857421875 0.04055441478439425
0 0.664306640625 0.8993839835728953 0.0400390625 0.04209445585215606
0 0.2451171875 0.8023613963039015 0.0400390625 0.04209445585215606
0 0.790283203125 0.5297741273100616 0.04052734375 0.04260780287474333
0 0.342529296875 0.9427618069815195 0.03857421875 0.04158110882956879
0 0.822021484375 0.6719712525667351 0.0400390625 0.04158110882956879
0 0.703125 0.17530800821355236 0.04150390625 0.04209445585215606
0 0.682373046875 0.4068275154004107 0.0400390625 0.04055441478439425
0 0.8193359375 0.5390143737166324 0.0400390625 0.04106776180698152
0 0.91259765625 0.6262833675564682 0.0400390625 0.04260780287474333
0 0.920166015625 0.40580082135523615 0.0390625 0.04209445585215606
0 0.78271484375 0.37936344969199176 0.03759765625 0.04004106776180698
0 0.79541015625 0.31750513347022585 0.0390625 0.039014373716632446
0 0.412841796875 0.5495379876796714 0.03759765625 0.04158110882956879
0 0.621826171875 0.43711498973305957 0.03857421875 0.04055441478439425
0 0.590087890625 0.50282340862423 0.03955078125 0.04055441478439425
0 0.8115234375 0.839835728952772 0.04248046875 0.043121149897330596
0 0.51123046875 0.5677618069815195 0.0390625 0.04209445585215606
0 0.2021484375 0.8606262833675564 0.0390625 0.038501026694045176
0 0.385986328125 0.7790041067761807 0.041015625 0.04158110882956879
0 0.804931640625 0.28542094455852157 0.0390625 0.04004106776180698
0 0.402587890625 0.9594455852156057 0.0390625 0.04209445585215606
0 0.914306640625 0.6912217659137577 0.0390625 0.04209445585215606
0 0.8671875 0.3737166324435318 0.0400390625 0.04106776180698152
0 0.677978515625 0.2671971252566735 0.03759765625 0.04004106776180698
0 0.47900390625 0.3919404517453799 0.0390625 0.04209445585215606
0 0.92578125 0.476129363449692 0.04052734375 0.04260780287474333
0 0.84326171875 0.22612936344969198 0.0380859375 0.039527720739219716
0 0.72900390625 0.21303901437371664 0.0400390625 0.04106776180698152
0 0.779052734375 0.18583162217659138 0.0380859375 0.039014373716632446
0 0.572265625 0.9306981519507187 0.0380859375 0.04106776180698152
0 0.788330078125 0.8606262833675564 0.04248046875 0.044147843942505136
0 0.618896484375 0.32571868583162217 0.0400390625 0.04106776180698152
0 0.16748046875 0.7243326488706365 0.041015625 0.043121149897330596
0 0.80322265625 0.4183778234086242 0.0390625 0.04004106776180698
0 0.73388671875 0.14938398357289528 0.04150390625 0.04260780287474333
0 0.631591796875 0.36267967145790553 0.03857421875 0.04106776180698152
0 0.302001953125 0.9232546201232033 0.04052734375 0.043121149897330596
0 0.5283203125 0.9371149897330595 0.03759765625 0.04055441478439425
0 0.361083984375 0.5705852156057495 0.0380859375 0.04106776180698152
0 0.313720703125 0.5859856262833676 0.03955078125 0.04158110882956879
0 0.245361328125 0.6827515400410678 0.041015625 0.043634496919917866
0 0.85498046875 0.6036960985626283 0.04052734375 0.04209445585215606
0 0.649658203125 0.5857289527720739 0.0400390625 0.04209445585215606
0 0.87890625 0.2887577002053388 0.04052734375 0.04209445585215606
0 0.8935546875 0.6006160164271047 0.03955078125 0.04158110882956879
0 0.557373046875 0.6347535934291582 0.03955078125 0.04209445585215606
0 0.901123046875 0.3921971252566735 0.04150390625 0.04209445585215606
0 0.183349609375 0.8262320328542094 0.0390625 0.04209445585215606
0 0.8125 0.37474332648870634 0.0380859375 0.03696098562628337
0 0.76953125 0.15323408624229978 0.03857421875 0.04004106776180698
0 0.611328125 0.5864989733059548 0.0380859375 0.04004106776180698
0 0.653564453125 0.33418891170431214 0.0390625 0.04158110882956879
0 0.83740234375 0.16401437371663244 0.03955078125 0.04106776180698152
0 0.153564453125 0.8116016427104723 0.04150390625 0.043121149897330596
0 0.591552734375 0.5030800821355236 0.03759765625 0.04055441478439425
0 0.542236328125 0.3703798767967146 0.04150390625 0.043121149897330596
0 0.203125 0.8570328542094456 0.0390625 0.04106776180698152
0 0.876708984375 0.6319301848049281 0.03955078125 0.04158110882956879
0 0.705810546875 0.2397330595482546 0.0390625 0.039527720739219716
0 0.808837890625 0.4989733059548255 0.04150390625 0.04209445585215606
0 0.95654296875 0.4553388090349076 0.0390625 0.04004106776180698
0 0.7099609375 0.2828542094455852 0.04052734375 0.04106776180698152
0 0.28173828125 0.6201232032854209 0.0400390625 0.04209445585215606
0 0.9541015625 0.534394250513347 0.04150390625 0.04260780287474333
0 0.8076171875 0.15451745379876797 0.03955078125 0.04158110882956879
0 0.43798828125 0.4910164271047228 0.0390625 0.04209445585215606
0 0.62109375 0.9540554414784395 0.0380859375 0.039527720739219716
0 0.6572265625 0.23921971252566734 0.04052734375 0.04260780287474333
0 0.593017578125 0.29645790554414786 0.0400390625 0.04260780287474333
0 0.933349609375 0.3313655030800821 0.041015625 0.043121149897330596
0 0.83544921875 0.4768993839835729 0.03955078125 0.04106776180698152
0 0.729248046875 0.2648870636550308 0.0419921875 0.04158110882956879
0 0.457275390625 0.5651950718685832 0.04248046875 0.050308008213552365
0 0.4326171875 0.5811088295687885 0.04345703125 0.049281314168377825
0 0.38525390625 0.6206365503080082 0.04443359375 0.04722792607802875
0 0.358642578125 0.6352669404517454 0.03515625 0.045174537987679675
0 0.36376953125 0.6758213552361396 0.03515625 0.039527720739219716
0 0.39111328125 0.6565708418891171 0.041015625 0.04722792607802875
0 0.395751953125 0.6922484599589322 0.03515625 0.045174537987679675
0 0.368408203125 0.7117556468172485 0.04052734375 0.05082135523613963
0 0.73193359375 0.49820328542094455 0.0341796875 0.037987679671457907
0 0.715087890625 0.4658624229979466 0.041015625 0.04568788501026694
0 0.87060546875 0.4160677618069815 0.0478515625 0.04209445585215606
0 0.89013671875 0.4299281314168378 0.04638671875 0.043121149897330596
0 0.9248046875 0.4427618069815195 0.04345703125 0.04004106776180698
0 0.4892578125 0.6522073921971252 0.048828125 0.059034907597535935
0 0.49755859375 0.6822381930184805 0.04248046875 0.04004106776180698
0 0.532470703125 0.6932751540041068 0.03955078125 0.04568788501026694
0 0.560546875 0.7079055441478439 0.04150390625 0.038501026694045176
0 0.614501953125 0.7651437371663244 0.0478515625 0.048254620123203286
0 0.468017578125 0.7764373716632443 0.04638671875 0.04568788501026694
0 0.47998046875 0.7384496919917864 0.04443359375 0.04722792607802875
0 0.2578125 0.7150924024640657 0.04296875 0.04722792607802875
0 0.2548828125 0.7517967145790554 0.04248046875 0.05082135523613963
0 0.26806640625 0.8290554414784395 0.04541015625 0.044147843942505136
0 0.30419921875 0.7700205338809035 0.041015625 0.044661190965092405
0 0.32958984375 0.7433264887063655 0.0458984375 0.04620123203285421
0 0.62158203125 0.8847535934291582 0.04296875 0.04209445585215606
0 0.601806640625 0.9194045174537988 0.03564453125 0.044661190965092405
0 0.401123046875 0.7569301848049281 0.041015625 0.048254620123203286
0 0.416015625 0.7905544147843943 0.0400390625 0.04260780287474333
0 0.494384765625 0.8003080082135524 0.04833984375 0.045174537987679675
0 0.436767578125 0.6113963039014374 0.0439453125 0.044661190965092405
0 0.662109375 0.7276694045174538 0.04052734375 0.04158110882956879
0 0.69873046875 0.7186858316221766 0.04833984375 0.04260780287474333
0 0.89599609375 0.7281827515400411 0.03955078125 0.04106776180698152
0 0.7080078125 0.5988193018480493 0.044921875 0.048254620123203286
0 0.69580078125 0.6275667351129364 0.0400390625 0.04106776180698152
0 0.664794921875 0.6298767967145791 0.0419921875 0.043634496919917866
0 0.754638671875 0.5870123203285421 0.04833984375 0.04260780287474333
0 0.763671875 0.5500513347022588 0.04248046875 0.04568788501026694
0 0.71923828125 0.8077515400410678 0.03955078125 0.03747433264887064
0 0.68359375 0.8126283367556468 0.04052734375 0.044661190965092405
0 0.66357421875 0.7828542094455853 0.0400390625 0.043121149897330596
0 0.83544921875 0.7654004106776181 0.03857421875 0.03593429158110883
0 0.727783203125 0.9081108829568788 0.04150390625 0.04158110882956879
0 0.728759765625 0.8724332648870636 0.04345703125 0.04722792607802875
0 0.841552734375 0.6989219712525667 0.0390625 0.043634496919917866
0 0.802490234375 0.6442505133470225 0.0380859375 0.04158110882956879
0 0.77685546875 0.4455852156057495 0.041015625 0.04106776180698152
0 0.872314453125 0.5207905544147844 0.03759765625 0.04106776180698152
0 0.60302734375 0.4671457905544148 0.04248046875 0.04722792607802875
0 0.57470703125 0.44686858316221767 0.0419921875 0.04260780287474333
0 0.665283203125 0.5179671457905544 0.041015625 0.037987679671457907
0 0.638427734375 0.6080595482546202 0.0380859375 0.04158110882956879
0 0.3525390625 0.7741273100616016 0.04052734375 0.04158110882956879
0 0.329833984375 0.7962012320328542 0.037109375 0.04106776180698152
0 0.368408203125 0.8470225872689938 0.0439453125 0.04209445585215606
0 0.378173828125 0.8816735112936345 0.04052734375 0.04106776180698152
0 0.363037109375 0.9065708418891171 0.04052734375 0.048254620123203286
0 0.3720703125 0.9537987679671458 0.04052734375 0.043121149897330596
0 0.456298828125 0.8485626283367557 0.0390625 0.04158110882956879
0 0.492431640625 0.9394250513347022 0.0341796875 0.04106776180698152
0 0.543212890625 0.9129876796714579 0.033203125 0.03593429158110883
0 0.75244140625 0.2402464065708419 0.03955078125 0.04106776180698152