0 0.560791015625 0.2877310061601643 0.04052734375 0.044147843942505136
0 0.504150390625 0.029004106776180698 0.04150390625 0.044147843942505136
0 0.505615234375 0.1971252566735113 0.03955078125 0.04209445585215606
0 0.564208984375 0.25539014373716634 0.04052734375 0.04209445585215606
0 0.213623046875 0.151694045174538 0.04052734375 0.043121149897330596
0 0.662109375 0.17736139630390144 0.04052734375 0.04158110882956879
0 0.599365234375 0.24281314168377824 0.04052734375 0.04209445585215606
0 0.505859375 0.4055441478439425 0.0400390625 0.043121149897330596
0 0.671630859375 0.2379363449691992 0.04052734375 0.04260780287474333
0 0.498779296875 0.30518480492813144 0.0390625 0.04106776180698152
0 0.49169921875 0.06570841889117043 0.041015625 0.043634496919917866
0 0.895751953125 0.4622689938398357 0.03955078125 0.04260780287474333
0 0.744384765625 0.2425564681724846 0.0419921875 0.043121149897330596
0 0.638427734375 0.26232032854209447 0.04248046875 0.044661190965092405
0 0.707763671875 0.46919917864476385 0.041015625 0.04260780287474333
0 0.7119140625 0.4319815195071869 0.041015625 0.04260780287474333
0 0.8134765625 0.15888090349075976 0.04296875 0.045174537987679675
0 0.866455078125 0.47279260780287474 0.0419921875 0.04209445585215606
0 0.7275390625 0.17248459958932238 0.04248046875 0.043634496919917866
0 0.13134765625 0.24486652977412732 0.041015625 0.043121149897330596
0 0.664306640625 0.14168377823408623 0.041015625 0.043634496919917866
0 0.631103515625 0.22715605749486653 0.04052734375 0.04158110882956879
0 0.85595703125 0.330082135523614 0.04150390625 0.044147843942505136
0 0.29833984375 0.07674537987679672 0.0419921875 0.043121149897330596
0 0.1357421875 0.21252566735112938 0.0400390625 0.04260780287474333
0 0.3916015625 0.08521560574948665 0.0400390625 0.04260780287474333
0 0.60009765625 0.4068275154004107 0.04052734375 0.04158110882956879
0 0.6875 0.5813655030800822 0.0400390625 0.04209445585215606
0 0.455322265625 0.06570841889117043 0.0390625 0.04158110882956879
0 0.32763671875 0.0646817248459959 0.0390625 0.04260780287474333
0 0.259033203125 0.22561601642710472 0.041015625 0.04260780287474333
0 0.756591796875 0.321611909650924 0.04248046875 0.044147843942505136
0 0.60205078125 0.040811088295687886 0.0419921875 0.043121149897330596
0 0.905517578125 0.3726899383983573 0.04150390625 0.04209445585215606
0 0.544189453125 0.0752053388090349 0.04052734375 0.043634496919917866
0 0.36767578125 0.047484599589322385 0.0390625 0.04209445585215606
0 0.701416015625 0.07674537987679672 0.0419921875 0.044147843942505136
0 0.78759765625 0.4224845995893224 0.04248046875 0.04260780287474333
0 0.160888671875 0.2679671457905544 0.041015625 0.043634496919917866
0 0.812744140625 0.3970739219712526 0.0419921875 0.043121149897330596
0 0.072998046875 0.4183778234086242 0.04150390625 0.045174537987679675
0 0.1083984375 0.35523613963039014 0.0419921875 0.043121149897330596
0 0.609130859375 0.07392197125256673 0.04150390625 0.044661190965092405
0 0.356689453125 0.08316221765913757 0.03955078125 0.04004106776180698
0 0.4111328125 0.40605749486652976 0.0400390625 0.04158110882956879
0 0.86376953125 0.2720739219712526 0.0419921875 0.044147843942505136
0 0.179931640625 0.16042094455852157 0.04150390625 0.043634496919917866
0 0.53173828125 0.23947638603696098 0.03955078125 0.04055441478439425
0 0.58251953125 0.4612422997946612 0.0419921875 0.043634496919917866
0 0.814453125 0.31262833675564683 0.04150390625 0.04209445585215606
0 0.718505859375 0.5207905544147844 0.03955078125 0.04158110882956879
0 0.6748046875 0.4863963039014374 0.041015625 0.04209445585215606
0 0.79052734375 0.7163757700205339 0.04150390625 0.04158110882956879
0 0.701171875 0.2587268993839836 0.0419921875 0.04260780287474333
0 0.3310546875 0.37217659137577 0.0400390625 0.04209445585215606
0 0.833740234375 0.21457905544147843 0.0419921875 0.044147843942505136
0 0.846435546875 0.606776180698152 0.04150390625 0.04260780287474333
0 0.63330078125 0.3701232032854209 0.04052734375 0.04106776180698152
0 0.10498046875 0.26026694045174537 0.041015625 0.043634496919917866
0 0.890869140625 0.6814681724845996 0.0400390625 0.04209445585215606
0 0.86474609375 0.36344969199178645 0.041015625 0.04260780287474333
0 0.899658203125 0.49332648870636553 0.03955078125 0.04055441478439425
0 0.881591796875 0.39373716632443534 0.04150390625 0.044147843942505136
0 0.816650390625 0.6914784394250514 0.04052734375 0.04260780287474333
0 0.892822265625 0.563911704312115 0.04150390625 0.04260780287474333
0 0.706298828125 0.6545174537987679 0.0400390625 0.04004106776180698
0 0.23046875 0.11858316221765913 0.0419921875 0.045174537987679675
0 0.359375 0.46303901437371664 0.03857421875 0.04158110882956879
0 0.80419921875 0.46663244353182753 0.041015625 0.04260780287474333
0 0.587158203125 0.6006160164271047 0.0400390625 0.04106776180698152
0 0.088623046875 0.2936344969199179 0.04150390625 0.044147843942505136
0 0.667236328125 0.6673511293634496 0.04052734375 0.043121149897330596
0 0.724609375 0.5790554414784395 0.04150390625 0.04260780287474333
0 0.79638671875 0.5880390143737166 0.0419921875 0.043634496919917866
0 0.83154296875 0.3703798767967146 0.04150390625 0.043121149897330596
0 0.858642578125 0.6963552361396304 0.04150390625 0.043121149897330596
0 0.1279296875 0.40965092402464065 0.04248046875 0.043121149897330596
0 0.88037109375 0.3919404517453799 0.0419921875 0.04260780287474333
0 0.94287109375 0.3811601642710472 0.0400390625 0.04209445585215606
0 0.054931640625 0.3839835728952772 0.04150390625 0.043634496919917866
0 0.65869140625 0.606006160164271 0.03955078125 0.04055441478439425
0 0.783203125 0.5390143737166324 0.04150390625 0.04260780287474333
0 0.736328125 0.5500513347022588 0.041015625 0.04209445585215606
0 0.635498046875 0.048767967145790556 0.04052734375 0.043121149897330596
0 0.07373046875 0.32263860369609854 0.041015625 0.043634496919917866
0 0.69140625 0.6971252566735113 0.041015625 0.043121149897330596
0 0.3603515625 0.502053388090349 0.04248046875 0.044147843942505136
0 0.8310546875 0.7184291581108829 0.03955078125 0.04209445585215606
0 0.368408203125 0.050051334702258726 0.0380859375 0.04106776180698152
0 0.610595703125 0.6496406570841889 0.0419921875 0.043634496919917866
0 0.948974609375 0.632700205338809 0.041015625 0.04158110882956879
0 0.64404296875 0.6398870636550308 0.03955078125 0.04158110882956879
0 0.798828125 0.5071868583162218 0.04150390625 0.04209445585215606
0 0.52490234375 0.6260266940451745 0.0400390625 0.04209445585215606
0 0.9541015625 0.5985626283367557 0.0419921875 0.04260780287474333
0 0.157958984375 0.42453798767967144 0.04248046875 0.043121149897330596
0 0.89013671875 0.7161190965092402 0.041015625 0.043121149897330596
0 0.46875 0.5911190965092402 0.03857421875 0.04158110882956879
0 0.749755859375 0.7009753593429158 0.04150390625 0.04209445585215606
0 0.510009765625 0.6021560574948666 0.0400390625 0.043121149897330596
0 0.50341796875 0.5649383983572895 0.0400390625 0.04209445585215606
0 0.84814453125 0.6768480492813141 0.041015625 0.04209445585215606
0 0.739013671875 0.41709445585215604 0.04052734375 0.04004106776180698
0 0.464599609375 0.5218172484599589 0.03955078125 0.04209445585215606
0 0.819580078125 0.74717659137577 0.04296875 0.043634496919917866
0 0.419921875 0.5459445585215605 0.03857421875 0.043121149897330596
0 0.802978515625 0.5644250513347022 0.0419921875 0.043121149897330596
0 0.456298828125 0.5544147843942505 0.04150390625 0.043634496919917866
0 0.85205078125 0.5413244353182751 0.04150390625 0.043634496919917866
0 0.919921875 0.6216632443531828 0.046875 0.052874743326488706
0 0.9619140625 0.49332648870636553 0.04296875 0.04722792607802875
0 0.89013671875 0.425564681724846 0.04345703125 0.04671457905544148
0 0.848876953125 0.30030800821355236 0.0458984375 0.048254620123203286
0 0.880615234375 0.30518480492813144 0.044921875 0.044147843942505136
0 0.78564453125 0.33418891170431214 0.041015625 0.045174537987679675
0 0.6943359375 0.2936344969199179 0.03955078125 0.04106776180698152
0 0.66259765625 0.3131416837782341 0.0458984375 0.052874743326488706
0 0.599853515625 0.3362422997946612 0.044921875 0.053901437371663245
0 0.591796875 0.30775154004106775 0.0419921875 0.044147843942505136
0 0.560791015625 0.28952772073921973 0.04931640625 0.047741273100616016
0 0.528564453125 0.3131416837782341 0.044921875 0.049794661190965095
0 0.497314453125 0.3711498973305955 0.048828125 0.04722792607802875
0 0.8046875 0.6591375770020534 0.04541015625 0.043121149897330596
0 0.720458984375 0.6863449691991786 0.04052734375 0.048767967145790556
0 0.60400390625 0.4407084188911704 0.04052734375 0.044661190965092405
0 0.55078125 0.4905030800821355 0.041015625 0.04722792607802875
0 0.521484375 0.4853696098562628 0.0439453125 0.054414784394250515
0 0.395751953125 0.4753593429158111 0.03955078125 0.045174537987679675
0 0.439208984375 0.42761806981519507 0.04150390625 0.04209445585215606
0 0.4462890625 0.3921971252566735 0.03955078125 0.04722792607802875
0 0.729248046875 0.3046714579055442 0.04296875 0.04620123203285421
0 0.757080078125 0.28105749486652976 0.04150390625 0.04568788501026694
0 0.8232421875 0.3452258726899384 0.04541015625 0.045174537987679675
0 0.886474609375 0.25051334702258726 0.04638671875 0.044661190965092405
0 0.83349609375 0.18095482546201233 0.0478515625 0.044661190965092405
0 0.807861328125 0.23049281314168377 0.04052734375 0.04260780287474333
0 0.708740234375 0.223305954825462 0.0419921875 0.045174537987679675
0 0.66943359375 0.209958932238193 0.04931640625 0.048254620123203286
0 0.718994140625 0.27002053388090347 0.044921875 0.047741273100616016
0 0.664306640625 0.273870636550308 0.04150390625 0.048254620123203286
0 0.6640625 0.111652977412731 0.04248046875 0.04568788501026694
0 0.671630859375 0.06519507186858316 0.04052734375 0.047741273100616016
0 0.579833984375 0.09856262833675565 0.041015625 0.04004106776180698
0 0.631103515625 0.1555441478439425 0.0458984375 0.043634496919917866
0 0.574951171875 0.0646817248459959 0.0400390625 0.04620123203285421
0 0.552734375 0.03259753593429158 0.0478515625 0.04671457905544148
0 0.52294921875 0.059548254620123205 0.03759765625 0.04722792607802875
0 0.43212890625 0.1049794661190965 0.04296875 0.048254620123203286
0 0.4599609375 0.1293634496919918 0.04248046875 0.044661190965092405
0 0.463623046875 0.16709445585215607 0.0439453125 0.049281314168377825
0 0.488525390625 0.125 0.03759765625 0.043121149897330596
0 0.4677734375 0.09727926078028748 0.0419921875 0.044147843942505136
0 0.56689453125 0.39476386036960986 0.04296875 0.04106776180698152
0 0.32958984375 0.32084188911704314 0.04931640625 0.053388090349075976
0 0.285888671875 0.3190451745379877 0.0478515625 0.0513347022587269
0 0.344970703125 0.2915811088295688 0.04296875 0.044661190965092405
0 0.31884765625 0.25770020533880905 0.044921875 0.048767967145790556
0 0.30322265625 0.20867556468172485 0.0390625 0.04722792607802875
0 0.270751953125 0.1912217659137577 0.04931640625 0.044661190965092405
0 0.233642578125 0.19994866529774127 0.044921875 0.04722792607802875
0 0.2060546875 0.1837782340862423 0.041015625 0.04209445585215606
0 0.193115234375 0.21740246406570843 0.04345703125 0.04671457905544148
0 0.165771484375 0.23074948665297743 0.04052734375 0.044147843942505136
0 0.1943359375 0.2587268993839836 0.03662109375 0.03593429158110883
0 0.157470703125 0.31134496919917864 0.0390625 0.04260780287474333
0 0.1298828125 0.37294661190965095 0.0419921875 0.04568788501026694
0 0.3701171875 0.22638603696098564 0.04248046875 0.04620123203285421
0 0.375244140625 0.18993839835728954 0.037109375 0.045174537987679675
0 0.34765625 0.19019507186858317 0.0419921875 0.045174537987679675
0 0.4677734375 0.24435318275154005 0.0419921875 0.04209445585215606
0 0.46142578125 0.27849075975359344 0.04443359375 0.050308008213552365
0 0.2841796875 0.15657084188911705 0.0439453125 0.044661190965092405
0 0.278076171875 0.276694045174538 0.05517578125 0.052361396303901436
0 0.319091796875 0.13809034907597537 0.046875 0.04722792607802875
0 0.327392578125 0.10241273100616016 0.044921875 0.044147843942505136
0 0.267822265625 0.0967659137577002 0.046875 0.04260780287474333
0 0.113525390625 0.3144250513347023 0.04736328125 0.04568788501026694