0 0.670166015625 0.21406570841889117 0.037109375 0.039014373716632446
0 0.739501953125 0.09958932238193019 0.03759765625 0.039527720739219716
0 0.925048828125 0.3316221765913758 0.03564453125 0.037987679671457907
0 0.748291015625 0.4353182751540041 0.03662109375 0.039527720739219716
0 0.41650390625 0.1339835728952772 0.03515625 0.03747433264887064
0 0.604736328125 0.21560574948665298 0.03515625 0.03696098562628337
0 0.546142578125 0.030800821355236138 0.03515625 0.03747433264887064
0 0.47705078125 0.027207392197125257 0.0361328125 0.03747433264887064
0 0.648193359375 0.5556981519507187 0.03515625 0.03593429158110883
0 0.912109375 0.303388090349076 0.03662109375 0.037987679671457907
0 0.68505859375 0.2741273100616016 0.0361328125 0.037987679671457907
0 0.779541015625 0.5569815195071869 0.0361328125 0.03593429158110883
0 0.55859375 0.17607802874743325 0.03466796875 0.03696098562628337
0 0.65185546875 0.3742299794661191 0.03662109375 0.037987679671457907
0 0.806640625 0.3080082135523614 0.037109375 0.03747433264887064
0 0.593994140625 0.6139630390143738 0.03515625 0.03696098562628337
0 0.948974609375 0.42505133470225875 0.03759765625 0.037987679671457907
0 0.85107421875 0.20636550308008214 0.0380859375 0.03747433264887064
0 0.66796875 0.5721252566735113 0.03564453125 0.0364476386036961
0 0.42919921875 0.3660164271047228 0.033203125 0.0364476386036961
0 0.48974609375 0.07135523613963039 0.03369140625 0.0364476386036961
0 0.8291015625 0.5269507186858317 0.03564453125 0.03696098562628337
0 0.720703125 0.715605749486653 0.0361328125 0.0364476386036961
0 0.90625 0.38295687885010266 0.03759765625 0.0364476386036961
0 0.597900390625 0.10728952772073921 0.0341796875 0.0364476386036961
0 0.89794921875 0.3490759753593429 0.037109375 0.038501026694045176
0 0.882080078125 0.48844969199178645 0.0361328125 0.03593429158110883
0 0.622314453125 0.5017967145790554 0.03662109375 0.0364476386036961
0 0.38427734375 0.06827515400410678 0.03515625 0.037987679671457907
0 0.6884765625 0.5426078028747433 0.03369140625 0.03593429158110883
0 0.573486328125 0.4984599589322382 0.03466796875 0.03747433264887064
0 0.512939453125 0.5829055441478439 0.03515625 0.03542094455852156
0 0.46240234375 0.5174537987679672 0.03466796875 0.03593429158110883
0 0.6982421875 0.19147843942505133 0.0361328125 0.038501026694045176
0 0.6806640625 0.7138090349075975 0.03662109375 0.03747433264887064
0 0.71875 0.2720739219712526 0.0361328125 0.039014373716632446
0 0.614013671875 0.044661190965092405 0.03564453125 0.039014373716632446
0 0.7822265625 0.43480492813141686 0.0380859375 0.038501026694045176
0 0.40869140625 0.21919917864476385 0.03515625 0.03747433264887064
0 0.95751953125 0.5423511293634496 0.0361328125 0.037987679671457907
0 0.33056640625 0.061088295687885014 0.03564453125 0.039014373716632446
0 0.722412109375 0.5382443531827515 0.03564453125 0.0364476386036961
0 0.77197265625 0.5012833675564682 0.03564453125 0.03696098562628337
0 0.764892578125 0.7846509240246407 0.03759765625 0.039527720739219716
0 0.271484375 0.1606776180698152 0.03515625 0.03747433264887064
0 0.9228515625 0.48331622176591377 0.0361328125 0.037987679671457907
0 0.875732421875 0.7702772073921971 0.03759765625 0.03593429158110883
0 0.852294921875 0.5544147843942505 0.0361328125 0.03593429158110883
0 0.851318359375 0.46765913757700206 0.03662109375 0.03747433264887064
0 0.918212890625 0.5836755646817249 0.037109375 0.0364476386036961
0 0.8955078125 0.742299794661191 0.03564453125 0.03593429158110883
0 0.592041015625 0.4004106776180698 0.03466796875 0.03542094455852156
0 0.486328125 0.32084188911704314 0.03466796875 0.03747433264887064
0 0.516845703125 0.36858316221765913 0.03466796875 0.03696098562628337
0 0.89501953125 0.2679671457905544 0.03662109375 0.038501026694045176
0 0.67822265625 0.1026694045174538 0.03466796875 0.037987679671457907
0 0.70849609375 0.0811088295687885 0.03515625 0.0364476386036961
0 0.388671875 0.45790554414784396 0.03466796875 0.03542094455852156
0 0.5869140625 0.07238193018480493 0.037109375 0.038501026694045176
0 0.23974609375 0.11036960985626283 0.03662109375 0.038501026694045176
0 0.1875 0.23562628336755648 0.03564453125 0.03696098562628337
0 0.27294921875 0.4204312114989733 0.03662109375 0.037987679671457907
0 0.64599609375 0.696611909650924 0.037109375 0.03747433264887064
0 0.832763671875 0.6529774127310062 0.0361328125 0.0364476386036961
0 0.24658203125 0.1868583162217659 0.0341796875 0.039014373716632446
0 0.573974609375 0.2828542094455852 0.0341796875 0.0364476386036961
0 0.57861328125 0.0364476386036961 0.03466796875 0.03747433264887064
0 0.766845703125 0.5880390143737166 0.03515625 0.03696098562628337
0 0.706787109375 0.11447638603696099 0.03515625 0.039527720739219716
0 0.2080078125 0.3347022587268994 0.03515625 0.038501026694045176
0 0.699462890625 0.7466632443531828 0.03564453125 0.03696098562628337
0 0.94775390625 0.6044661190965093 0.03759765625 0.037987679671457907
0 0.44580078125 0.5500513347022588 0.03466796875 0.03490759753593429
0 0.62255859375 0.6686344969199178 0.0361328125 0.03747433264887064
0 0.67138671875 0.06519507186858316 0.03662109375 0.037987679671457907
0 0.6328125 0.16478439425051336 0.03515625 0.037987679671457907
0 0.7666015625 0.12166324435318275 0.03662109375 0.04004106776180698
0 0.64599609375 0.09291581108829569 0.0361328125 0.0364476386036961
0 0.759033203125 0.534394250513347 0.0361328125 0.037987679671457907
0 0.46044921875 0.06365503080082136 0.0322265625 0.03490759753593429
0 0.538818359375 0.44096509240246407 0.0341796875 0.0364476386036961
0 0.49658203125 0.22433264887063656 0.03564453125 0.03696098562628337
0 0.73095703125 0.17505133470225873 0.03466796875 0.038501026694045176
0 0.817138671875 0.6827515400410678 0.03515625 0.03696098562628337
0 0.15234375 0.18839835728952772 0.037109375 0.037987679671457907
0 0.826171875 0.7602669404517454 0.037109375 0.039014373716632446
0 0.1474609375 0.26026694045174537 0.03564453125 0.038501026694045176
0 0.806396484375 0.2464065708418891 0.037109375 0.03696098562628337
0 0.12353515625 0.2926078028747433 0.03564453125 0.038501026694045176
0 0.83544921875 0.7171457905544147 0.03662109375 0.03747433264887064
0 0.15771484375 0.29774127310061604 0.03662109375 0.038501026694045176
0 0.845703125 0.7908110882956879 0.03662109375 0.038501026694045176
0 0.62353515625 0.3131416837782341 0.03564453125 0.039527720739219716
0 0.634765625 0.19609856262833675 0.03515625 0.037987679671457907
0 0.662841796875 0.7428131416837782 0.03515625 0.038501026694045176
0 0.3935546875 0.18839835728952772 0.03515625 0.04106776180698152
0 0.35986328125 0.4815195071868583 0.037109375 0.039014373716632446
0 0.856201171875 0.7410164271047228 0.03515625 0.03542094455852156
0 0.6005859375 0.7428131416837782 0.03564453125 0.04004106776180698
0 0.5732421875 0.2813141683778234 0.033203125 0.03593429158110883
0 0.80078125 0.785164271047228 0.037109375 0.038501026694045176
0 0.93896484375 0.6450205338809035 0.037109375 0.04004106776180698
0 0.36669921875 0.04620123203285421 0.037109375 0.039527720739219716
0 0.7744140625 0.752053388090349 0.0361328125 0.0364476386036961
0 0.927734375 0.6791581108829569 0.03662109375 0.037987679671457907
0 0.546875 0.03234086242299795 0.03369140625 0.03696098562628337
0 0.648681640625 0.055441478439425054 0.03857421875 0.03696098562628337
0 0.89013671875 0.6822381930184805 0.04248046875 0.04568788501026694
0 0.9033203125 0.6457905544147844 0.03955078125 0.039014373716632446
0 0.88671875 0.627053388090349 0.03662109375 0.0364476386036961
0 0.847412109375 0.5831622176591376 0.0576171875 0.053901437371663245
0 0.81005859375 0.6219199178644764 0.0400390625 0.04671457905544148
0 0.662841796875 0.6660677618069816 0.03369140625 0.04209445585215606
0 0.644775390625 0.641170431211499 0.0302734375 0.03490759753593429
0 0.606201171875 0.6370636550308009 0.03857421875 0.04106776180698152
0 0.655029296875 0.6098562628336756 0.0458984375 0.044147843942505136
0 0.700439453125 0.5659650924024641 0.03466796875 0.04260780287474333
0 0.814208984375 0.4658624229979466 0.0419921875 0.039527720739219716
0 0.8125 0.43249486652977415 0.0400390625 0.043121149897330596
0 0.849853515625 0.433264887063655 0.0380859375 0.04004106776180698
0 0.93505859375 0.5205338809034907 0.03955078125 0.044147843942505136
0 0.952880859375 0.5770020533880903 0.046875 0.048767967145790556
0 0.87109375 0.4024640657084189 0.04052734375 0.04055441478439425
0 0.9296875 0.40349075975359344 0.03955078125 0.04055441478439425
0 0.935302734375 0.36935318275154005 0.0458984375 0.043634496919917866
0 0.830078125 0.4029774127310062 0.03955078125 0.043121149897330596
0 0.869873046875 0.37551334702258726 0.03955078125 0.039527720739219716
0 0.835693359375 0.3637063655030801 0.0498046875 0.04209445585215606
0 0.822021484375 0.3370123203285421 0.04296875 0.04004106776180698
0 0.8388671875 0.30184804928131415 0.03466796875 0.043634496919917866
0 0.81982421875 0.21175564681724846 0.03466796875 0.03542094455852156
0 0.772705078125 0.3141683778234086 0.03662109375 0.038501026694045176
0 0.7333984375 0.3162217659137577 0.03759765625 0.04004106776180698
0 0.746826171875 0.3981006160164271 0.0361328125 0.04158110882956879
0 0.837890625 0.49306981519507187 0.0419921875 0.04568788501026694
0 0.8125 0.5590349075975359 0.03857421875 0.039527720739219716
0 0.6181640625 0.5690451745379876 0.0380859375 0.04209445585215606
0 0.583984375 0.5823921971252567 0.04296875 0.04209445585215606
0 0.52197265625 0.5464579055441479 0.037109375 0.04209445585215606
0 0.484619140625 0.5402977412731006 0.04296875 0.048254620123203286
0 0.62060546875 0.4489219712525667 0.0390625 0.03696098562628337
0 0.684326171875 0.425564681724846 0.04345703125 0.04004106776180698
0 0.689208984375 0.39758726899383984 0.037109375 0.044661190965092405
0 0.4453125 0.44738193018480493 0.03857421875 0.04004106776180698
0 0.408447265625 0.4358316221765914 0.04150390625 0.04209445585215606
0 0.46337890625 0.3785934291581109 0.0400390625 0.04671457905544148
0 0.600830078125 0.2879876796714579 0.03857421875 0.04722792607802875
0 0.633056640625 0.1273100616016427 0.04296875 0.052361396303901436
0 0.620849609375 0.0818788501026694 0.0400390625 0.044147843942505136
0 0.556396484375 0.0685318275154004 0.03857421875 0.044661190965092405
0 0.521484375 0.06904517453798768 0.04150390625 0.049281314168377825
0 0.505126953125 0.09779260780287474 0.04345703125 0.045174537987679675
0 0.46923828125 0.21226899383983572 0.04296875 0.048254620123203286
0 0.439453125 0.22279260780287474 0.0322265625 0.04620123203285421
0 0.415771484375 0.2535934291581109 0.0302734375 0.03747433264887064
0 0.416015625 0.29440451745379875 0.04052734375 0.04568788501026694
0 0.384765625 0.324435318275154 0.04150390625 0.04620123203285421
0 0.360595703125 0.3413757700205339 0.03369140625 0.04671457905544148
0 0.329345703125 0.334958932238193 0.02978515625 0.04055441478439425
0 0.29736328125 0.3495893223819302 0.04296875 0.04568788501026694
0 0.291259765625 0.39168377823408623 0.03369140625 0.03542094455852156
0 0.30712890625 0.428388090349076 0.0341796875 0.04568788501026694
0 0.258544921875 0.3375256673511294 0.04052734375 0.044661190965092405
0 0.243896484375 0.31519507186858314 0.03955078125 0.04568788501026694
0 0.20947265625 0.300564681724846 0.0400390625 0.04671457905544148
0 0.181884765625 0.3259753593429158 0.03466796875 0.045174537987679675
0 0.29638671875 0.2782340862422998 0.04296875 0.03593429158110883
0 0.2685546875 0.30159137577002054 0.02783203125 0.04055441478439425
0 0.31689453125 0.24281314168377824 0.0439453125 0.04209445585215606
0 0.356689453125 0.22818275154004106 0.04736328125 0.044661190965092405
0 0.3427734375 0.15965092402464065 0.037109375 0.03696098562628337
0 0.41259765625 0.17068788501026694 0.0400390625 0.043634496919917866
0 0.346923828125 0.12063655030800821 0.0380859375 0.044661190965092405
0 0.27587890625 0.20123203285420946 0.03515625 0.045174537987679675
0 0.219482421875 0.21098562628336756 0.03369140625 0.039527720739219716
0 0.2216796875 0.25 0.0390625 0.04106776180698152