0 0.85693359375 0.4976899383983573 0.0400390625 0.04158110882956879
0 0.736083984375 0.4856262833675565 0.041015625 0.04209445585215606
0 0.1328125 0.3506160164271047 0.0400390625 0.043634496919917866
0 0.5830078125 0.03773100616016427 0.0419921875 0.044147843942505136
0 0.653564453125 0.29055441478439425 0.041015625 0.04158110882956879
0 0.642578125 0.12910677618069816 0.041015625 0.043121149897330596
0 0.568603515625 0.48100616016427106 0.0400390625 0.04260780287474333
0 0.3291015625 0.2972279260780287 0.041015625 0.043634496919917866
0 0.95703125 0.4509753593429158 0.04052734375 0.04209445585215606
0 0.70751953125 0.3875770020533881 0.041015625 0.04209445585215606
0 0.660888671875 0.42915811088295686 0.03955078125 0.04260780287474333
0 0.51513671875 0.510523613963039 0.04052734375 0.04209445585215606
0 0.760498046875 0.5064168377823408 0.03955078125 0.04209445585215606
0 0.315185546875 0.09727926078028748 0.04052734375 0.044147843942505136
0 0.49853515625 0.5392710472279261 0.0390625 0.04209445585215606
0 0.716064453125 0.12397330595482546 0.041015625 0.043634496919917866
0 0.91455078125 0.5279774127310062 0.0439453125 0.043634496919917866
0 0.41455078125 0.39630390143737165 0.03857421875 0.04106776180698152
0 0.310546875 0.25924024640657084 0.04248046875 0.045174537987679675
0 0.392822265625 0.2646303901437372 0.0400390625 0.04260780287474333
0 0.705810546875 0.4928131416837782 0.0400390625 0.04209445585215606
0 0.904541015625 0.36344969199178645 0.0439453125 0.04568788501026694
0 0.6728515625 0.39476386036960986 0.0400390625 0.04158110882956879
0 0.25048828125 0.10754620123203286 0.04052734375 0.044147843942505136
0 0.685546875 0.5605749486652978 0.0400390625 0.043634496919917866
0 0.6376953125 0.0685318275154004 0.0400390625 0.04260780287474333
0 0.234619140625 0.3169917864476386 0.04150390625 0.044147843942505136
0 0.777099609375 0.5985626283367557 0.03955078125 0.04158110882956879
0 0.3720703125 0.04722792607802875 0.0390625 0.04106776180698152
0 0.58251953125 0.11036960985626283 0.04150390625 0.043121149897330596
0 0.54052734375 0.2515400410677618 0.0400390625 0.04260780287474333
0 0.44677734375 0.35959958932238195 0.03955078125 0.04158110882956879
0 0.572998046875 0.39476386036960986 0.04052734375 0.043121149897330596
0 0.83154296875 0.6917351129363449 0.041015625 0.043121149897330596
0 0.60986328125 0.23177618069815195 0.04052734375 0.04158110882956879
0 0.668701171875 0.060318275154004106 0.041015625 0.043634496919917866
0 0.898193359375 0.4160677618069815 0.04296875 0.043121149897330596
0 0.7880859375 0.528747433264887 0.04052734375 0.04209445585215606
0 0.617919921875 0.04440451745379877 0.041015625 0.04260780287474333
0 0.725830078125 0.19173511293634496 0.04296875 0.045174537987679675
0 0.508056640625 0.3177618069815195 0.0390625 0.04158110882956879
0 0.2431640625 0.24948665297741274 0.0400390625 0.043121149897330596
0 0.339111328125 0.1540041067761807 0.041015625 0.043634496919917866
0 0.712646484375 0.22433264887063656 0.04345703125 0.045174537987679675
0 0.7509765625 0.5746919917864476 0.041015625 0.04106776180698152
0 0.939697265625 0.3701232032854209 0.04248046875 0.044661190965092405
0 0.8017578125 0.7225359342915811 0.0400390625 0.04158110882956879
0 0.608154296875 0.260523613963039 0.0419921875 0.043634496919917866
0 0.4033203125 0.06750513347022587 0.04052734375 0.04260780287474333
0 0.5615234375 0.06827515400410678 0.04052734375 0.04260780287474333
0 0.72802734375 0.09034907597535935 0.04150390625 0.044661190965092405
0 0.81787109375 0.5521047227926078 0.0400390625 0.04158110882956879
0 0.69140625 0.18788501026694046 0.04150390625 0.043634496919917866
0 0.8603515625 0.2731006160164271 0.04248046875 0.045174537987679675
0 0.949462890625 0.4032340862422998 0.04248046875 0.04568788501026694
0 0.84619140625 0.31493839835728954 0.0419921875 0.043121149897330596
0 0.720947265625 0.5926591375770021 0.04052734375 0.04158110882956879
0 0.642578125 0.22150924024640656 0.04248046875 0.043121149897330596
0 0.369873046875 0.13501026694045173 0.04052734375 0.043121149897330596
0 0.694091796875 0.653747433264887 0.04150390625 0.04260780287474333
0 0.621826171875 0.6237166324435318 0.04052734375 0.04158110882956879
0 0.867919921875 0.6863449691991786 0.041015625 0.043634496919917866
0 0.837158203125 0.18352156057494867 0.0400390625 0.044661190965092405
0 0.79443359375 0.5654517453798767 0.041015625 0.043121149897330596
0 0.95947265625 0.5197638603696099 0.04052734375 0.04055441478439425
0 0.482421875 0.5967659137577002 0.0380859375 0.04106776180698152
0 0.7978515625 0.35164271047227924 0.0419921875 0.044147843942505136
0 0.92529296875 0.4330082135523614 0.0400390625 0.04209445585215606
0 0.552978515625 0.03131416837782341 0.04052734375 0.04260780287474333
0 0.796875 0.6871149897330595 0.04150390625 0.04158110882956879
0 0.61279296875 0.5328542094455853 0.041015625 0.043121149897330596
0 0.463623046875 0.0885523613963039 0.0400390625 0.043121149897330596
0 0.488525390625 0.028490759753593428 0.0419921875 0.04209445585215606
0 0.8427734375 0.24178644763860369 0.0419921875 0.045174537987679675
0 0.363525390625 0.07931211498973306 0.03955078125 0.04209445585215606
0 0.45166015625 0.48100616016427106 0.0390625 0.04004106776180698
0 0.443603515625 0.06493839835728953 0.03955078125 0.04158110882956879
0 0.805908203125 0.6147330595482546 0.041015625 0.04260780287474333
0 0.7119140625 0.6273100616016427 0.0400390625 0.04209445585215606
0 0.2109375 0.1406570841889117 0.04150390625 0.043634496919917866
0 0.656494140625 0.6167864476386037 0.0390625 0.04055441478439425
0 0.384521484375 0.5017967145790554 0.0400390625 0.043121149897330596
0 0.928955078125 0.4643223819301848 0.041015625 0.04260780287474333
0 0.68798828125 0.6883983572895277 0.04248046875 0.043121149897330596
0 0.70556640625 0.15349075975359344 0.0419921875 0.045174537987679675
0 0.887451171875 0.590605749486653 0.0400390625 0.04209445585215606
0 0.750732421875 0.6083162217659137 0.041015625 0.043121149897330596
0 0.2919921875 0.0834188911704312 0.0419921875 0.044147843942505136
0 0.180419921875 0.16709445585215607 0.041015625 0.04260780287474333
0 0.390625 0.18711498973305954 0.04150390625 0.044147843942505136
0 0.14501953125 0.22792607802874743 0.0419921875 0.04620123203285421
0 0.647216796875 0.6514373716632443 0.03955078125 0.04106776180698152
0 0.664306640625 0.46047227926078027 0.0419921875 0.043634496919917866
0 0.15185546875 0.3811601642710472 0.041015625 0.043634496919917866
0 0.60986328125 0.6619609856262834 0.03955078125 0.04158110882956879
0 0.856689453125 0.6570841889117043 0.0390625 0.04055441478439425
0 0.732177734375 0.4489219712525667 0.0400390625 0.039014373716632446
0 0.740966796875 0.26540041067761805 0.0419921875 0.044147843942505136
0 0.96142578125 0.5515913757700205 0.04345703125 0.044147843942505136
0 0.280517578125 0.40503080082135523 0.04248046875 0.045174537987679675
0 0.897216796875 0.6999486652977412 0.0400390625 0.04158110882956879
0 0.06396484375 0.35959958932238195 0.04248046875 0.044147843942505136
0 0.8916015625 0.33187885010266943 0.0419921875 0.044147843942505136
0 0.92333984375 0.6837782340862423 0.04150390625 0.04260780287474333
0 0.454345703125 0.031570841889117046 0.03955078125 0.04158110882956879
0 0.46484375 0.5616016427104723 0.0390625 0.04158110882956879
0 0.24609375 0.4232546201232033 0.041015625 0.044147843942505136
0 0.64111328125 0.6863449691991786 0.0419921875 0.04209445585215606
0 0.14453125 0.3164784394250513 0.03955078125 0.043121149897330596
0 0.579345703125 0.6332135523613963 0.0400390625 0.04158110882956879
0 0.346435546875 0.11344969199178645 0.0400390625 0.04260780287474333
0 0.835693359375 0.7294661190965093 0.0400390625 0.04209445585215606
0 0.31494140625 0.46329568788501024 0.04248046875 0.044661190965092405
0 0.37158203125 0.17582135523613962 0.04150390625 0.044661190965092405
0 0.5146484375 0.09881930184804928 0.03955078125 0.04106776180698152
0 0.82861328125 0.5847022587268994 0.0419921875 0.044661190965092405
0 0.093505859375 0.28593429158110883 0.041015625 0.043634496919917866
0 0.52685546875 0.07392197125256673 0.0419921875 0.044147843942505136
0 0.849609375 0.5308008213552361 0.04248046875 0.043121149897330596
0 0.6787109375 0.7217659137577002 0.0400390625 0.04158110882956879
0 0.1689453125 0.308264887063655 0.04248046875 0.04568788501026694
0 0.78125 0.1293634496919918 0.04248046875 0.044147843942505136
0 0.642822265625 0.688141683778234 0.0400390625 0.04106776180698152
0 0.833984375 0.34881930184804927 0.0419921875 0.043121149897330596
0 0.77392578125 0.39835728952772076 0.04150390625 0.04106776180698152
0 0.71533203125 0.7035420944558521 0.04541015625 0.044661190965092405
0 0.743408203125 0.6434804928131417 0.04296875 0.045174537987679675
0 0.885986328125 0.5187371663244353 0.0439453125 0.04209445585215606
0 0.961181640625 0.48408624229979463 0.041015625 0.043121149897330596
0 0.75537109375 0.5413244353182751 0.0439453125 0.04722792607802875
0 0.69873046875 0.5279774127310062 0.0400390625 0.039014373716632446
0 0.6416015625 0.5156570841889117 0.03955078125 0.048254620123203286
0 0.84033203125 0.37551334702258726 0.0517578125 0.04671457905544148
0 0.869873046875 0.3508726899383984 0.041015625 0.04722792607802875
0 0.895263671875 0.45354209445585214 0.04443359375 0.049281314168377825
0 0.91748046875 0.3981006160164271 0.0439453125 0.043634496919917866
0 0.879150390625 0.23690965092402463 0.04443359375 0.043121149897330596
0 0.8583984375 0.20662217659137577 0.03564453125 0.039014373716632446
0 0.821533203125 0.2166324435318275 0.0400390625 0.043634496919917866
0 0.788818359375 0.21817248459958932 0.04443359375 0.04722792607802875
0 0.76513671875 0.19507186858316222 0.04345703125 0.044661190965092405
0 0.808837890625 0.15503080082135523 0.04345703125 0.045174537987679675
0 0.749267578125 0.12037987679671458 0.0439453125 0.050308008213552365
0 0.679931640625 0.12422997946611909 0.046875 0.04260780287474333
0 0.664306640625 0.09933264887063654 0.04638671875 0.04260780287474333
0 0.6240234375 0.10728952772073921 0.0419921875 0.044661190965092405
0 0.718994140625 0.2974845995893224 0.041015625 0.043634496919917866
0 0.75927734375 0.2879876796714579 0.04833984375 0.043121149897330596
0 0.672607421875 0.26001026694045176 0.041015625 0.044661190965092405
0 0.592529296875 0.4258213552361396 0.03857421875 0.04568788501026694
0 0.529052734375 0.4784394250513347 0.04541015625 0.044661190965092405
0 0.498046875 0.4471252566735113 0.044921875 0.04722792607802875
0 0.45703125 0.4478952772073922 0.04345703125 0.04568788501026694
0 0.51708984375 0.4176078028747433 0.041015625 0.04158110882956879
0 0.559814453125 0.3531827515400411 0.0400390625 0.037987679671457907
0 0.568115234375 0.3162217659137577 0.04052734375 0.04209445585215606
0 0.53857421875 0.32571868583162217 0.0361328125 0.044147843942505136
0 0.512939453125 0.3526694045174538 0.0400390625 0.04568788501026694
0 0.388671875 0.33572895277207393 0.0439453125 0.044661190965092405
0 0.35693359375 0.3526694045174538 0.044921875 0.050308008213552365
0 0.276123046875 0.36421971252566737 0.04833984375 0.047741273100616016
0 0.290771484375 0.3323921971252567 0.0439453125 0.04620123203285421
0 0.26416015625 0.321611909650924 0.03662109375 0.044147843942505136
0 0.201416015625 0.31878850102669404 0.0400390625 0.04106776180698152
0 0.37158203125 0.23998973305954827 0.0458984375 0.045174537987679675
0 0.39453125 0.14784394250513347 0.03857421875 0.04106776180698152
0 0.4130859375 0.13013347022587268 0.03173828125 0.03696098562628337
0 0.31640625 0.13347022587268995 0.0400390625 0.0364476386036961
0 0.32861328125 0.1935318275154004 0.04638671875 0.04620123203285421
0 0.28125 0.24589322381930184 0.04345703125 0.047741273100616016
0 0.254150390625 0.22279260780287474 0.0419921875 0.047741273100616016
0 0.229736328125 0.27849075975359344 0.04443359375 0.049281314168377825
0 0.18896484375 0.20790554414784393 0.0439453125 0.048254620123203286
0 0.271484375 0.1591375770020534 0.04248046875 0.044661190965092405
0 0.238525390625 0.14553388090349076 0.04638671875 0.048767967145790556