0 0.16961590600994128 0.21628135406701673 0.04182557614098509 0.04021010808819638
0 0.10648441030275643 0.2368947353282034 0.039118843199277 0.04198212726552358
0 0.2175327609579756 0.2223147705689082 0.038422955264347025 0.03593920932032206
0 0.25524627202892003 0.23850047924760448 0.03926796204247629 0.04098922643962178
0 0.29239945774966114 0.2402819998682417 0.034464527790329824 0.03980154602586361
0 0.3517261635788522 0.23345046212830475 0.034464527790329824 0.04098922643962178
0 0.16230004518752825 0.2650855176291672 0.03418436511522821 0.03772072994095935
0 0.19041120650700408 0.2454792893588474 0.036159060099412554 0.0412837711822338
0 0.2247356529597831 0.2560258914330199 0.035878897424310885 0.03742143447669225
0 0.2621690013556258 0.3100796024239815 0.03615906009941261 0.03742143447669225
0 0.2815228197017623 0.3341372568850669 0.043221870763669235 0.03801527468357137
0 0.3299728874830547 0.2928534857028331 0.03502937189335742 0.04098922643962178
0 0.3628829643018527 0.2720643277404102 0.040962494351558965 0.03980154602586355
0 0.32121554450971535 0.25409234771942163 0.03898779936737462 0.040689930975354685
0 0.20877541798463625 0.31245496325149785 0.031075463172164475 0.03742143447669225
0 0.23476728422955262 0.33087351110805946 0.033334839584274745 0.04336458726713812
0 0.25567103479439673 0.3581949113461522 0.03672842295526435 0.03861386561210543
0 0.1685178490736557 0.3004261360209552 0.038703117939448695 0.035939209320322005
0 0.14210122006326256 0.3198803411983139 0.033334839584274745 0.03682759426981314
0 0.11314505196565748 0.3054761531402549 0.03757342973339359 0.034157688699684774
0 0.1012788070492544 0.3304269432724864 0.03757342973339359 0.036533049527201114
0 0.06511974694984185 0.3359235282273592 0.035314053321283345 0.040395386232742664
0 0.05523271577044736 0.3758675959028737 0.03700858563036602 0.03890841035471746
0 0.08743786714866697 0.36458463197217117 0.035878897424310885 0.0412837711822338
0 0.11003615002259376 0.3743853707465035 0.03926796204247629 0.04187761138911291
0 0.14040668775417986 0.3559715736115969 0.03446452779032988 0.035939209320322005
0 0.1678129236330773 0.36027572743105657 0.03729326705829189 0.04098922643962178
0 0.19041120650700408 0.3861149025127792 0.03729326705829189 0.040395386232742664
0 0.22996384997740626 0.44373640546667026 0.03502937189335742 0.03801527468357137
0 0.25072751920469954 0.41448146151497917 0.03700858563036602 0.03890841035471746
0 0.2820876638047899 0.4230945198755534 0.036443741527338425 0.03950225056159657
0 0.30934929959331225 0.39948343325004104 0.03898779936737462 0.03742143447669225
0 0.32728874830546767 0.4177499580136417 0.037573429733393615 0.035939209320322005
0 0.40469498418436517 0.4287383772017322 0.036443741527338425 0.036533049527201114
0 0.43139177586985994 0.441807612474727 0.033334839584274745 0.036533049527201114
0 0.4668459105286942 0.3580476389748462 0.033054676909173075 0.036533049527201114
0 0.48521012200632624 0.384927222099021 0.04039765024853137 0.042770747060259004
0 0.04774514234071396 0.4083910363532273 0.03446452779032985 0.0338583932354178
0 0.04167193854496159 0.4431425652597912 0.03700858563036602 0.03326455302853869
0 0.07232263895164935 0.43141303349351556 0.03842295526434705 0.035939209320322005
0 0.1087663804789878 0.44061993206096883 0.03898779936737459 0.03890841035471746
0 0.14746949841843654 0.4339356666923379 0.038422955264347025 0.036233754062934026
0 0.1665386353366471 0.4566583683683591 0.03700858563036602 0.04009609076847557
0 0.04025756891098057 0.47937631932272523 0.036443741527338466 0.03920770581898455
0 0.06949841843651153 0.5006167958423763 0.03729326705829192 0.03890841035471746
0 0.0950655219159512 0.5230402020541304 0.03757342973339359 0.03861386561210543
0 0.06610935381834615 0.5389313659902147 0.038422955264347025 0.03475152890656389
0 0.08390420244012653 0.562542452615727 0.03446452779032988 0.03801527468357137
0 0.12246723904202439 0.584372018620602 0.03700858563036602 0.04247145159599203
0 0.1463398102123814 0.5716020788118743 0.036159060099412554 0.0406899309753548
0 0.18447808404880253 0.5218525216403722 0.03672842295526435 0.042176906853380006
0 0.21498870311793944 0.5049209496618359 0.03446452779032988 0.03920770581898455
0 0.243524627202892 0.5089305587386834 0.033899683687302284 0.04365913200975014
0 0.28943063714414824 0.520071001019735 0.038703117939448695 0.03861386561210532
0 0.31881156800723 0.5116052150304669 0.034184365115228155 0.03712688973408023
0 0.3052507907817442 0.4801221826225654 0.035314053321283345 0.03950225056159657
0 0.30285133303208317 0.4446295411378164 0.038422955264347025 0.03980154602586355
0 0.41910528694080434 0.4755187333388388 0.03587889742431094 0.03861386561210543
0 0.44481247175779487 0.4979421395505929 0.036443741527338425 0.038314570147838345
0 0.49283777677361057 0.45012137537103414 0.042092182557614044 0.03890841035471746
0 0.49736104835065525 0.41210610068746284 0.039832806145503885 0.03890841035471746
0 0.35412562132851333 0.5159093688499264 0.0381382738364211 0.036233754062934144
0 0.336046091278807 0.5453163358945785 0.03587889742431094 0.03920770581898455
0 0.27417532760957974 0.5730843039682444 0.038703117939448695 0.03890841035471734
0 0.20764572977858112 0.57679936830248 0.037858111161319485 0.03682759426981314
0 0.22219611387257118 0.6109570570021647 0.038703117939448695 0.03980154602586355
0 0.2532715770447357 0.6010042951348713 0.037573429733393615 0.04009609076847557
0 0.2929643018526887 0.5996693423498072 0.03898779936737462 0.04573994809465446
0 0.12091278807049254 0.62045850031223 0.03955264347040219 0.037421434476692134
0 0.07882060551287845 0.6754053469743377 0.03559421599638499 0.03563991385605491
0 0.09111161319475825 0.7077815150533853 0.03870311793944872 0.04098922643962178
0 0.11286488929055581 0.6789731389372673 0.03248983280614551 0.03920770581898455
0 0.1439403524627203 0.6811964766718227 0.03926796204247629 0.036533049527201114
0 0.17699051061906915 0.6656046082000054 0.040962494351558965 0.042176906853380006
0 0.16908269317668326 0.6373900722907665 0.03757342973339356 0.03920770581898455
0 0.20538635336647085 0.6381311848689515 0.03898779936737462 0.0406899309753548
0 0.20990510619069136 0.6702080574837321 0.040117487573429755 0.03712688973408011
0 0.23095345684591054 0.6945650074090844 0.040397650248531425 0.035939209320322116
0 0.243524627202892 0.6730299861468214 0.036159060099412554 0.03682759426981314
0 0.27770899231812024 0.6960472325654546 0.03785811116131943 0.036533049527201114
0 0.1262810664256665 0.712679509079724 0.033334839584274745 0.04009609076847557
0 0.15792137370085857 0.705106858761602 0.03446452779032988 0.03801527468357137
0 0.1802394938996837 0.7370364590050764 0.03729326705829189 0.03534536911344289
0 0.20496159060099411 0.7636214973866392 0.03926796204247629 0.03980154602586355
0 0.17148215092634433 0.7710468753334552 0.040117487573429755 0.04039538623274278
0 0.13489832806145502 0.7759448693597939 0.03700858563036602 0.03475152890656389
0 0.15679168549480346 0.8041594052690328 0.03898779936737462 0.036533049527201114
0 0.19267058291911432 0.7942113941233945 0.033899683687302284 0.042770747060259004
0 0.22417080885675553 0.8240601782819645 0.03926796204247629 0.035939209320322116
0 0.2582150926344329 0.819604001369544 0.03164030727519207 0.031782327872168434
0 0.2528468142792589 0.8498993533636873 0.03785811116131943 0.029402216322997023
0 0.29013556258472667 0.8400986145893549 0.03785811116131943 0.03475152890656389
0 0.2769995481247176 0.8732158952465875 0.040962494351558965 0.04039538623274278
0 0.26428829643018525 0.8982949548635049 0.03700858563036602 0.03946899551001143
0 0.29183461364663354 0.9122383229210258 0.03672842295526435 0.04425297221662926
0 0.3092092182557614 0.8699141436963398 0.033054676909173075 0.043958427474017236
0 0.3077948486217804 0.7701157338890688 0.03700858563036602 0.04039538623274278
0 0.3397198373248983 0.7769472716290058 0.035314053321283345 0.036233754062934144
0 0.3270040668775418 0.8108104155860786 0.03700858563036602 0.03861386561210555
0 0.33251242657026664 0.842440720365286 0.03785811116131943 0.03772072994095935
0 0.46444645277903296 0.5519958505415545 0.03615906009941261 0.0406899309753548
0 0.432521464075915 0.5687801501487848 0.03785811116131943 0.03861386561210555
0 0.39494803434252146 0.5812555452149006 0.037293267058291946 0.036233754062934144
0 0.41952553095345685 0.6014508629704444 0.033334839584274745 0.03980154602586355
0 0.4456574785359241 0.620011932476657 0.03587889742431094 0.036533049527201114
0 0.46571622232263904 0.6397654331182828 0.039832806145503885 0.042770747060259004
0 0.4456574785359241 0.6586257980887624 0.0381382738364211 0.032970008285926666
0 0.4740533212833258 0.6752580746030318 0.038422955264347025 0.036533049527201114
0 0.3445187528242205 0.6684265368630947 0.03700858563036602 0.03712688973408011
0 0.3716403072751921 0.6853581088416312 0.03926796204247629 0.04009609076847557
0 0.3433890646181654 0.7071876748465062 0.03587889742431094 0.03980154602586355
0 0.37276999548124723 0.7172877090851056 0.03926796204247629 0.037421434476692134
0 0.4408585630366019 0.6890684224542117 0.038703117939448695 0.04158306664650078
0 0.4425530953456846 0.7195110468196609 0.037573429733393615 0.03475152890656389
0 0.4458020786262991 0.7524810551055877 0.03615906009941261 0.043659132009750024
0 0.41967013104383194 0.7867860161765785 0.03587889742431094 0.04098922643962178
0 0.3974920921825576 0.8138128716720592 0.03785811116131943 0.04158306664650078
0 0.4038499774062359 0.8485644005786231 0.03587889742431094 0.042176906853380006
0 0.5302711251694533 0.6244681093890776 0.031075463172164586 0.0418776113891128
0 0.5555580659737913 0.5883816276974495 0.036443741527338425 0.04098922643962178
0 0.57971079981925 0.6038262237979607 0.03389968368730223 0.04573994809465446
0 0.6008992318120199 0.6370907768264994 0.032205151378219554 0.043364587267138
0 0.6719521012200633 0.5607609319950896 0.037573429733393615 0.042770747060259004
0 0.6905964753727971 0.5946193252305075 0.036443741527338425 0.03801527468357137
0 0.6821192950745595 0.6320407597071998 0.037573429733393615 0.04158306664650078
0 0.6369182105738816 0.633233190842613 0.037573429733393615 0.03326455302853869
0 0.6585314053321283 0.6589203428313745 0.04011748757342981 0.0418776113891128
0 0.7640488025305016 0.6209050681478032 0.037573429733393615 0.03712688973408011
0 0.7600948938093086 0.6538750764337298 0.036443741527338425 0.03772072994095935
0 0.7920153637596024 0.669761489648159 0.04265702666064164 0.03861386561210532
0 0.718707636692273 0.6421407939457991 0.038422955264347136 0.03563991385605491
0 0.7284500677812924 0.6685738092344008 0.036443741527338425 0.03980154602586355
0 0.5150158156348849 0.7991141388713882 0.03785811116131943 0.03950225056159657
0 0.4682602801626751 0.8567308911036242 0.03474920921825575 0.035939209320322116
0 0.3952327157704474 0.9189558433412419 0.034464527790329824 0.04158306664650078
0 0.4207998192498871 0.933512054492262 0.03700858563036602 0.03504607364917591
0 0.3384455490284682 0.9378162083117216 0.038422955264347025 0.03890841035471734
0 0.37192498870311796 0.9485100827572001 0.031924988703117885 0.04009609076847557
0 0.402295526434704 0.9554888928684431 0.03502937189335742 0.037421434476692134
0 0.44382286488929057 0.9644012466932844 0.034464527790329824 0.043364587267138
0 0.46148215092634437 0.8914824200101881 0.0313601446000904 0.04009609076847557
0 0.485634884771803 0.9061859035325142 0.035594215996385015 0.03504607364917591
0 0.5020198825124266 0.9395977289323588 0.03672842295526446 0.0412837711822338
0 0.5192544057840036 0.9670711522634128 0.040682331676457295 0.045146107887775226
0 0.5739177586985992 0.9147989618930884 0.03474920921825575 0.04158306664650078
0 0.633669227293267 0.9174736181848718 0.04350655219159516 0.037421434476692134
0 0.6202485314053321 0.9537073722478059 0.03361952101220056 0.037421434476692134
0 0.6499141436963398 0.9443532013090465 0.042092182557614155 0.043659132009750024
0 0.7123497514685947 0.7031780657696588 0.03700858563036591 0.04247145159599203
0 0.6955399909624944 0.7373357544693434 0.039552643470402105 0.03712688973408011
0 0.658956168097605 0.7318391695144707 0.038703117939448806 0.04039538623274278
0 0.6143199276999548 0.7833702473066099 0.036443741527338425 0.044846812423508256
0 0.5756122910076819 0.7818832714285847 0.0381382738364211 0.0418776113891128
0 0.5830998644374153 0.8191621842556259 0.037293267058291946 0.042770747060259004
0 0.6540126525079079 0.79792645845763 0.03672842295526446 0.04425297221662926
0 0.665594215996385 0.8194567289982381 0.040682331676457295 0.04098922643962178
0 0.7035924084952553 0.7994086836140003 0.039832806145503774 0.0412837711822338
0 0.7444148215092635 0.783964087513489 0.033334839584274745 0.03772072994095935
0 0.7801536375960235 0.7789140703941893 0.03474920921825575 0.03712688973408011
0 0.8014821509263443 0.7495118540711923 0.035594215996384904 0.030594647458410205
0 0.8386308178942613 0.7138719402151372 0.038703117939448806 0.04009609076847557
0 0.8762042476276548 0.6921896465815682 0.043791233619520975 0.043065291802871025
0 0.8391956619972888 0.7517399425274024 0.036443741527338425 0.03504607364917591
0 0.8445639403524627 0.7850044955559412 0.03587889742431094 0.03980154602586355
0 0.81278355173972 0.7855983357628203 0.04011748757342981 0.04098922643962178
0 0.8004925440578401 0.8096559902239056 0.04152733845458645 0.04158306664650078
0 0.7637641211025757 0.8150005520858173 0.0381382738364211 0.03920770581898455
0 0.7312788070492544 0.8182690485844799 0.042092182557614155 0.03861386561210532
0 0.750347943967465 0.8484171282073171 0.044071396294622645 0.0418776113891128
0 0.781988251242657 0.8478232880004379 0.037293267058291946 0.04425297221662926
0 0.8089652056032536 0.8490109684141961 0.03700858563036591 0.03712688973408011
0 0.7206823316764572 0.8705459896764592 0.03898779936737462 0.042176906853380006
0 0.692006326253954 0.8865844259838495 0.03926796204247629 0.033858393235417686
0 0.182643470402169 0.3292392628587282 0.038703117939448695 0.04187761138911291