0 0.412109375 0.5834188911704312 0.03662109375 0.03747433264887064
0 0.519775390625 0.9625256673511293 0.0361328125 0.04004106776180698
0 0.421875 0.9640657084188912 0.03515625 0.038501026694045176
0 0.450439453125 0.6265400410677618 0.037109375 0.039014373716632446
0 0.388671875 0.9576488706365504 0.03564453125 0.037987679671457907
0 0.310546875 0.5030800821355236 0.03857421875 0.039014373716632446
0 0.3115234375 0.9322381930184805 0.03759765625 0.039527720739219716
0 0.849365234375 0.6801848049281314 0.03662109375 0.039014373716632446
0 0.245849609375 0.5931724845995893 0.03662109375 0.03747433264887064
0 0.60498046875 0.9573921971252567 0.03564453125 0.039014373716632446
0 0.37939453125 0.9173511293634496 0.037109375 0.03696098562628337
0 0.08740234375 0.699435318275154 0.0380859375 0.04004106776180698
0 0.442626953125 0.9340349075975359 0.0380859375 0.039527720739219716
0 0.136962890625 0.6745379876796714 0.03857421875 0.04004106776180698
0 0.202880859375 0.5097535934291582 0.037109375 0.03696098562628337
0 0.55517578125 0.9689425051334702 0.03759765625 0.04004106776180698
0 0.243896484375 0.4889630390143737 0.0380859375 0.03747433264887064
0 0.34521484375 0.9437885010266941 0.03759765625 0.038501026694045176
0 0.452392578125 0.9681724845995893 0.037109375 0.037987679671457907
0 0.433349609375 0.5590349075975359 0.037109375 0.03747433264887064
0 0.35693359375 0.8144250513347022 0.0380859375 0.039527720739219716
0 0.173828125 0.7451232032854209 0.037109375 0.03747433264887064
0 0.042236328125 0.5248973305954825 0.0380859375 0.039014373716632446
0 0.186767578125 0.7179158110882957 0.03662109375 0.03747433264887064
0 0.341796875 0.7184291581108829 0.037109375 0.04004106776180698
0 0.157958984375 0.643993839835729 0.03662109375 0.03747433264887064
0 0.853515625 0.6396303901437371 0.03857421875 0.04004106776180698
0 0.275634765625 0.6989219712525667 0.03662109375 0.039527720739219716
0 0.53076171875 0.8706365503080082 0.0361328125 0.04004106776180698
0 0.5048828125 0.7469199178644764 0.0361328125 0.03747433264887064
0 0.26123046875 0.43275154004106775 0.03759765625 0.037987679671457907
0 0.30517578125 0.574435318275154 0.03857421875 0.038501026694045176
0 0.15869140625 0.579312114989733 0.03759765625 0.038501026694045176
0 0.47802734375 0.9425051334702259 0.03662109375 0.03696098562628337
0 0.3369140625 0.3868069815195072 0.03662109375 0.037987679671457907
0 0.4912109375 0.9722792607802875 0.0361328125 0.037987679671457907
0 0.7939453125 0.8601129363449692 0.03759765625 0.039527720739219716
0 0.575927734375 0.5361909650924025 0.0361328125 0.039527720739219716
0 0.2529296875 0.8983572895277208 0.03759765625 0.039014373716632446
0 0.292236328125 0.44019507186858314 0.0361328125 0.03747433264887064
0 0.741943359375 0.9029774127310062 0.03759765625 0.037987679671457907
0 0.868896484375 0.7248459958932238 0.037109375 0.04004106776180698
0 0.443359375 0.46380903490759756 0.037109375 0.04004106776180698
0 0.4189453125 0.5274640657084189 0.03955078125 0.04158110882956879
0 0.310791015625 0.5361909650924025 0.037109375 0.04004106776180698
0 0.4833984375 0.6347535934291582 0.0361328125 0.038501026694045176
0 0.190185546875 0.5977926078028748 0.03759765625 0.039527720739219716
0 0.8271484375 0.8305954825462012 0.0380859375 0.038501026694045176
0 0.5361328125 0.45790554414784396 0.03759765625 0.039014373716632446
0 0.082275390625 0.5805954825462012 0.0380859375 0.038501026694045176
0 0.21875 0.5395277207392197 0.0380859375 0.0364476386036961
0 0.83447265625 0.7271560574948666 0.037109375 0.04055441478439425
0 0.739990234375 0.5739219712525667 0.03955078125 0.04158110882956879
0 0.305419921875 0.7104722792607803 0.037109375 0.04055441478439425
0 0.330322265625 0.43480492813141686 0.03759765625 0.038501026694045176
0 0.6767578125 0.9348049281314168 0.03759765625 0.039014373716632446
0 0.6796875 0.528747433264887 0.0361328125 0.038501026694045176
0 0.707763671875 0.6470739219712526 0.03662109375 0.04004106776180698
0 0.12841796875 0.598305954825462 0.0380859375 0.039014373716632446
0 0.1044921875 0.7343429158110883 0.03564453125 0.03747433264887064
0 0.570068359375 0.7007186858316222 0.0341796875 0.037987679671457907
0 0.382080078125 0.6044661190965093 0.03662109375 0.03696098562628337
0 0.27099609375 0.468429158110883 0.037109375 0.037987679671457907
0 0.62890625 0.6899383983572895 0.037109375 0.04004106776180698
0 0.055419921875 0.6036960985626283 0.0380859375 0.04004106776180698
0 0.737548828125 0.5318275154004107 0.037109375 0.039527720739219716
0 0.250732421875 0.8444558521560575 0.03759765625 0.04004106776180698
0 0.32666015625 0.35600616016427106 0.037109375 0.037987679671457907
0 0.642333984375 0.5492813141683778 0.037109375 0.039014373716632446
0 0.222900390625 0.3557494866529774 0.0361328125 0.0364476386036961
0 0.807373046875 0.6329568788501027 0.03662109375 0.04004106776180698
0 0.2646484375 0.3978439425051335 0.03759765625 0.038501026694045176
0 0.1328125 0.5125770020533881 0.03759765625 0.039014373716632446
0 0.388916015625 0.3393223819301848 0.03662109375 0.039527720739219716
0 0.6240234375 0.48382956878850103 0.037109375 0.04106776180698152
0 0.34130859375 0.5195071868583162 0.0380859375 0.039014373716632446
0 0.890869140625 0.7476899383983573 0.0361328125 0.037987679671457907
0 0.498046875 0.46072895277207393 0.037109375 0.038501026694045176
0 0.4384765625 0.3896303901437372 0.037109375 0.038501026694045176
0 0.35107421875 0.33085215605749485 0.037109375 0.04004106776180698
0 0.872802734375 0.7790041067761807 0.03564453125 0.038501026694045176
0 0.059814453125 0.6296201232032854 0.0380859375 0.03696098562628337
0 0.909423828125 0.7171457905544147 0.03759765625 0.038501026694045176
0 0.071533203125 0.4748459958932238 0.0361328125 0.03696098562628337
0 0.418701171875 0.36344969199178645 0.03759765625 0.03747433264887064
0 0.101806640625 0.45918891170431214 0.0380859375 0.039527720739219716
0 0.28125 0.9132443531827515 0.037109375 0.039527720739219716
0 0.15087890625 0.7979979466119097 0.0400390625 0.04209445585215606
0 0.0751953125 0.4407084188911704 0.0380859375 0.038501026694045176
0 0.16455078125 0.7779774127310062 0.03759765625 0.04106776180698152
0 0.242431640625 0.32854209445585214 0.03857421875 0.04004106776180698
0 0.104736328125 0.24794661190965092 0.037109375 0.0364476386036961
0 0.166015625 0.2299794661190965 0.04296875 0.049281314168377825
0 0.1162109375 0.28105749486652976 0.04541015625 0.04620123203285421
0 0.106689453125 0.49306981519507187 0.03857421875 0.045174537987679675
0 0.073974609375 0.5469712525667351 0.046875 0.043634496919917866
0 0.130615234375 0.6321868583162218 0.03759765625 0.043634496919917866
0 0.10302734375 0.6550308008213552 0.0302734375 0.04568788501026694
0 0.119873046875 0.6943018480492813 0.0361328125 0.044147843942505136
0 0.2236328125 0.6588809034907598 0.0390625 0.04055441478439425
0 0.2568359375 0.6696611909650924 0.04052734375 0.038501026694045176
0 0.238037109375 0.6955852156057495 0.033203125 0.043121149897330596
0 0.24267578125 0.7553901437371663 0.04248046875 0.04671457905544148
0 0.27734375 0.7497433264887063 0.04052734375 0.044147843942505136
0 0.31494140625 0.7448665297741273 0.04248046875 0.044661190965092405
0 0.307373046875 0.7808008213552361 0.0419921875 0.04671457905544148
0 0.26708984375 0.7849075975359343 0.04931640625 0.044147843942505136
0 0.290283203125 0.8074948665297741 0.04150390625 0.04158110882956879
0 0.257080078125 0.8151950718685832 0.03662109375 0.04055441478439425
0 0.220703125 0.829312114989733 0.0458984375 0.0364476386036961
0 0.203369140625 0.8498459958932238 0.04443359375 0.05082135523613963
0 0.228759765625 0.8675564681724846 0.046875 0.052361396303901436
0 0.28466796875 0.8372689938398358 0.04345703125 0.04722792607802875
0 0.308349609375 0.8544661190965093 0.02734375 0.04722792607802875
0 0.279541015625 0.8762833675564682 0.0439453125 0.043634496919917866
0 0.31201171875 0.8906570841889117 0.0380859375 0.038501026694045176
0 0.33935546875 0.8791067761806981 0.03125 0.039014373716632446
0 0.347412109375 0.8536960985626283 0.0283203125 0.04620123203285421
0 0.377685546875 0.8552361396303901 0.02783203125 0.03542094455852156
0 0.393310546875 0.8249486652977412 0.03125 0.03593429158110883
0 0.424560546875 0.8236652977412731 0.02783203125 0.033880903490759756
0 0.45849609375 0.805441478439425 0.03076171875 0.04106776180698152
0 0.249267578125 0.5213039014373717 0.044921875 0.056981519507186856
0 0.337158203125 0.561088295687885 0.0517578125 0.044147843942505136
0 0.281494140625 0.5713552361396304 0.0390625 0.03593429158110883
0 0.27783203125 0.6113963039014374 0.03515625 0.04209445585215606
0 0.311279296875 0.6185831622176592 0.044921875 0.039527720739219716
0 0.361572265625 0.6606776180698152 0.03955078125 0.0364476386036961
0 0.455322265625 0.6583675564681725 0.04248046875 0.048767967145790556
0 0.66796875 0.5636550308008214 0.0400390625 0.043634496919917866
0 0.50732421875 0.6999486652977412 0.03955078125 0.04260780287474333
0 0.536865234375 0.6837782340862423 0.0361328125 0.047741273100616016
0 0.48486328125 0.7174024640657084 0.04052734375 0.037987679671457907
0 0.4677734375 0.7505133470225873 0.0380859375 0.043634496919917866
0 0.49609375 0.8077515400410678 0.0419921875 0.043121149897330596
0 0.539306640625 0.8010780287474333 0.03662109375 0.043121149897330596
0 0.571533203125 0.8162217659137577 0.0390625 0.03542094455852156
0 0.5732421875 0.8472792607802875 0.04296875 0.04260780287474333
0 0.529052734375 0.8352156057494866 0.0439453125 0.045174537987679675
0 0.5009765625 0.8488193018480493 0.04541015625 0.048254620123203286
0 0.469482421875 0.8295687885010267 0.0458984375 0.03747433264887064
0 0.4345703125 0.8475359342915811 0.03759765625 0.05082135523613963
0 0.408447265625 0.8554928131416838 0.03125 0.04055441478439425
0 0.408203125 0.8824435318275154 0.033203125 0.052874743326488706
0 0.346923828125 0.9140143737166324 0.03857421875 0.04260780287474333
0 0.4091796875 0.9306981519507187 0.044921875 0.044661190965092405
0 0.535400390625 0.8986139630390144 0.046875 0.049794661190965095
0 0.548095703125 0.9306981519507187 0.03466796875 0.048767967145790556
0 0.6005859375 0.8282854209445585 0.04443359375 0.04620123203285421
0 0.606689453125 0.8726899383983573 0.03662109375 0.04620123203285421
0 0.629638671875 0.8485626283367557 0.03076171875 0.04055441478439425
0 0.63623046875 0.8128850102669405 0.04296875 0.04620123203285421
0 0.66455078125 0.7895277207392197 0.041015625 0.04260780287474333
0 0.663818359375 0.7494866529774127 0.0400390625 0.04620123203285421
0 0.6982421875 0.7551334702258727 0.044921875 0.053901437371663245
0 0.731201171875 0.7612936344969199 0.03271484375 0.04620123203285421
0 0.781982421875 0.7464065708418891 0.041015625 0.048254620123203286
0 0.816650390625 0.7559034907597536 0.0380859375 0.047741273100616016
0 0.8408203125 0.7600102669404517 0.03369140625 0.053901437371663245
0 0.821044921875 0.7944045174537988 0.037109375 0.05184804928131417
0 0.5908203125 0.9081108829568788 0.04248046875 0.054414784394250515
0 0.615966796875 0.9183778234086243 0.037109375 0.05082135523613963
0 0.64208984375 0.8824435318275154 0.03857421875 0.04620123203285421
0 0.655029296875 0.9188911704312115 0.04541015625 0.052874743326488706
0 0.661376953125 0.8642197125256673 0.03759765625 0.048767967145790556
0 0.6953125 0.8662731006160165 0.041015625 0.058008213552361396
0 0.725341796875 0.8765400410677618 0.03564453125 0.04671457905544148
0 0.729248046875 0.8349589322381931 0.03369140625 0.044661190965092405
0 0.763427734375 0.8472792607802875 0.04638671875 0.044661190965092405
0 0.764892578125 0.8862936344969199 0.0390625 0.039527720739219716
0 0.755615234375 0.8087782340862423 0.03515625 0.048254620123203286
0 0.799072265625 0.8282854209445585 0.04345703125 0.049281314168377825
0 0.735107421875 0.7951745379876797 0.04541015625 0.039527720739219716
0 0.844482421875 0.8049281314168378 0.04345703125 0.045174537987679675