0 0.20678716674197922 0.5590364200343129 0.03588793492995934 0.03593445859866693
0 0.14624039765024854 0.5672504177758644 0.03588793492995934 0.037858500868955335
0 0.5332037957523724 0.4953815005785303 0.03506552191595125 0.03814829488991228
0 0.4533709896068685 0.40451919820437565 0.034699502937189375 0.036257507671209256
0 0.10522367826479892 0.6540033459184157 0.037261635788522374 0.03878964231334164
0 0.465820153637596 0.4663735941529009 0.034699502937189375 0.03679908993988295
0 0.0727519204699503 0.5051347321363123 0.034880253050158155 0.037668472002753924
0 0.6186534116583823 0.7633459555306472 0.03539990962494355 0.037155394064010305
0 0.32617261635788525 0.5094958946156323 0.03506552191595125 0.03679908993988295
0 0.36718933574333484 0.8382933403604425 0.034699502937189375 0.03679908993988295
0 0.5541979213737009 0.5177098923571838 0.034609127880705026 0.03702712457932446
0 0.22131495707184817 0.312625989231079 0.03774966109353817 0.037668472002753924
0 0.6191414369633982 0.5646802773604916 0.03488025305015818 0.038499848292384564
0 0.23376412110257572 0.5243846562825046 0.0365612291007682 0.037312167878626575
0 0.4680162675101672 0.7890141046327886 0.03573429733393585 0.038499848292384564
0 0.5429688206055129 0.936856562537405 0.0341798463624039 0.03551639509302425
0 0.10375960234975147 0.2492276087446682 0.03616357885223678 0.036190997568038744
0 0.3063985539990962 0.6267959630000436 0.035951197469498375 0.03648079158899569
0 0.738770899231812 0.8285401088026604 0.03677361048350658 0.03888465674644234
0 0.1276863985539991 0.4604731978573503 0.03588793492995934 0.03830981942618339
0 0.22485314053321284 0.49512496160915853 0.035829191143244454 0.03830981942618339
0 0.2060551287844555 0.28131398280275877 0.035219159511974685 0.036385777155895103
0 0.5766606416629011 0.5677634957146078 0.036009941256213374 0.038020025405226324
0 0.06964301852688659 0.6473285819930947 0.03738364211477632 0.03975403880931331
0 0.1788341617713511 0.6206342770134663 0.03649796656122911 0.03878964231334164
0 0.604979665612291 0.8649876453400709 0.03521915951197463 0.036960614476154174
0 0.8256845910528694 0.7874748708165582 0.036836873023045724 0.03888465674644234
0 0.0943605964753728 0.4532853559932859 0.037474017171260726 0.036257507671209256
0 0.7475598734749209 0.7094442676326467 0.03588793492995923 0.03878964231334164
0 0.26928603705377313 0.9009221039387381 0.035951197469498375 0.038599613447140226
0 0.09741075463172165 0.7094442676326467 0.03643922277451425 0.037506947466482934
0 0.7988296430185269 0.8192999551836219 0.035951197469498375 0.03631926705272471
0 0.369385449615906 0.6309053372316469 0.033782196113872565 0.03558290519619453
0 0.24804789877993672 0.22394901881823945 0.03442385901491185 0.0361909975680388
0 0.7685539990962494 0.8511297902723407 0.03567555354722107 0.037668472002753924
0 0.6914053321283326 0.9306996272724827 0.037202892001807486 0.04007233716020057
0 0.3408224130140082 0.6894247265783391 0.036497966561229056 0.039302720252085255
0 0.2709941256213285 0.8655007232788144 0.03622232263895164 0.037312167878626575
0 0.2454812471757795 0.2902975974524255 0.035219159511974685 0.03821005427142762
0 0.3679213737008586 0.9512322462655338 0.03677361048350658 0.03872788293182631
0 0.23681427925892456 0.8803894849456869 0.03521915951197474 0.03872788293182631
0 0.3002937189335743 0.8424027145920457 0.03567555354722096 0.03577293406239594
0 0.43896520560325347 0.8757717834969951 0.03607320379575241 0.03814829488991217
0 0.04949841843651153 0.40477573717374743 0.036895616809760515 0.03599621798018238
0 0.4006326253953909 0.5744335089182737 0.03600994125621326 0.03686560004305347
0 0.4819340262087664 0.9707387093810979 0.03634432896520556 0.037858500868955335
0 0.3024898328061455 0.7849094811228405 0.03634432896520556 0.040362131181157404
0 0.2622051513782196 0.2508998627672397 0.03436059647537282 0.036385777155895103
0 0.25097605061003164 0.18724494331145713 0.034487121554450995 0.03545463571150869
0 0.15344328965205603 0.7967150244355966 0.03600994125621326 0.037155394064010305
0 0.5874017171260733 0.8942520907350721 0.03494351558969733 0.037312167878626575
0 0.21569814731134207 0.2349849452228803 0.035002259376412104 0.03679908993988295
0 0.2746588341617714 0.2846489894045917 0.036497966561229056 0.037506947466482816
0 0.3579123361952101 0.46432128239792675 0.03539990962494355 0.036385777155895103
0 0.04217352010845007 0.4715091242619912 0.0352191595119747 0.03583944416556634
0 0.3259286037053773 0.22137887840286677 0.037202892001807486 0.037155394064010416
0 0.05071848169905106 0.5723811971632995 0.03643922277451425 0.04058541509894396
0 0.6230456394035246 0.9558499477142256 0.035829191143244454 0.039397734685185724
0 0.07629462268413918 0.5461999701224146 0.03582919114324448 0.0366708204551971
0 0.38867148666967916 0.7761824054425456 0.034699502937189375 0.03648079158899569
0 0.12036150022593765 0.21971137510195032 0.0375960234975147 0.03731216787862651
0 0.1842024401265251 0.45174612217705534 0.03600994125621326 0.03737867798179697
0 0.3049299593312246 0.7340862608573011 0.03521915951197474 0.03808178478674189
0 0.15307727067329419 0.6473285819930947 0.037202892001807486 0.03952600416987181
0 0.7021464075915047 0.6565687356121334 0.03430185268865804 0.0396875287061428
0 0.31835969272480796 0.33213720306829814 0.036497966561229056 0.037925010972125736
0 0.3740216900135563 0.26039655535565 0.03588793492995934 0.037155394064010416
0 0.045530953456845914 0.4391662112345288 0.03588793492995933 0.03593445859866705
0 0.6601581563488478 0.5456868921836712 0.03521915951197463 0.04013884726337085
0 0.7382828739267963 0.5862438029526849 0.03521915951197463 0.03872788293182631
0 0.4108901943063714 0.30595597602741315 0.035002259376412104 0.038438088910869236
0 0.6738273836421148 0.6190950431972357 0.03402620876638052 0.03837157880769872
0 0.15075463172164483 0.7423002585988526 0.03839132399457751 0.03991081262392935
0 0.14294622684139177 0.2959462055002594 0.03600994125621326 0.03593445859866705
0 0.767089923181202 0.8870642488710078 0.03726163578852226 0.039397734685185724
0 0.7978535924084953 0.6837761185305052 0.03643922277451428 0.038951166849612855
0 0.7436511522819702 0.631931493109134 0.036222322638951754 0.037858500868955335
0 0.22082693176683235 0.3575440624794128 0.03732489832806146 0.038599613447140343
0 0.7641617713511071 0.8136560978574431 0.03555354722096693 0.03773023138426925
0 0.3002937189335743 0.26090963329439354 0.03622232263895164 0.03708888396083996
0 0.3571757794848622 0.49024597046944 0.035002259376412104 0.036542550970511255
0 0.8813465883416178 0.7638590334693909 0.037383642114776405 0.039112691385883844
0 0.3771983732489833 0.29081067539116906 0.034943515589697216 0.036609061073681656
0 0.44238138273836425 0.9671471638098932 0.03295978309986447 0.03593445859866693
0 0.3630366018978762 0.9127323979731492 0.037261635788522374 0.039302720252085255
0 0.44311342069588794 0.3264885950204643 0.034699502937189375 0.03872788293182619
0 0.08105286940804339 0.6781322612043265 0.03616357885223678 0.036609061073681774
0 0.1748034342521464 0.17928748453927743 0.035219159511974685 0.036737330558367504
0 0.7734387708992317 0.7253591851770061 0.036222322638951754 0.039302720252085255
0 0.13793944871215544 0.3608838198029007 0.037596023497514675 0.03849984829238468
0 0.17871215544509716 0.4173508973946189 0.03906461816538637 0.03872788293182619
0 0.0877089923181202 0.3113432943842202 0.03683687302304564 0.037027124579324576
0 0.49243108901943067 0.36293613155787485 0.03527790329868963 0.03872788293182619
0 0.10125621328513332 0.48485390139097795 0.0368956168097605 0.03737867798179697
0 0.04296882060551288 0.5328551929934279 0.0352191595119747 0.03837157880769872
0 0.19360144600090376 0.3377810603944769 0.03595119746949843 0.03878964231334164
0 0.23669227293267053 0.3400946618404779 0.03573429733393585 0.03837157880769872
0 0.3403298689561681 0.25128467122129744 0.03607320379575241 0.03583944416556634
0 0.2751468594667872 0.15528683873805244 0.03860370537731583 0.03773023138426937
0 0.5576186172616358 0.964063945455777 0.03402620876638052 0.03830981942618339
0 0.43603705377315866 0.6160165755647745 0.03408947130591955 0.03638577715589522
0 0.32250790781744243 0.43839659432641354 0.034821509263443295 0.037506947466482816
0 0.0847763217352011 0.3883477416906445 0.036497966561229084 0.036385777155895103
0 0.23950293718933574 0.15426068286056538 0.03521915951197474 0.03679908993988295
0 0.32104383190239494 0.43942275020390065 0.03704925440578399 0.03779674148743977
0 0.4843741527338455 0.4363442825714394 0.03567555354722096 0.03930272025208514
0 0.2810076818798012 0.19006687197454653 0.03622232263895164 0.037796741487439826
0 0.3251965657478536 0.36730204475884987 0.035002259376412104 0.03538812560833829
0 0.6962901039313151 0.5857307250139414 0.03442385901491196 0.03792501097212562
0 0.5581066425666515 0.9656079299936626 0.03436059647537282 0.03952600416987181
0 0.5581066425666515 0.9676602417486366 0.0341798463624039 0.03779674148743977
0 0.2204609127880705 0.202642032195418 0.03634432896520562 0.03708888396083996
0 0.4453140533212834 0.9676602417486366 0.03506552191595125 0.03638577715589522
0 0.11456394035246273 0.7412741027213655 0.03683687302304567 0.03830981942618339
0 0.44458201536375963 0.9661210079324062 0.03475824672390426 0.0366708204551971
0 0.1590058743786715 0.23366899532443627 0.03967916854948034 0.0405046528308084
0 0.08424762765476729 0.27553710527023906 0.03622684139177587 0.03718389839394061
0 0.11472661545413465 0.2853615976528466 0.033926796204247656 0.033858393235417686
0 0.17007230004518753 0.2702495520681877 0.03076366922729329 0.035065076535796075
0 0.19120650700406688 0.2501444980240895 0.0362268413917759 0.03718389839394061
0 0.22657478535924086 0.25739884999132434 0.03565295978309985 0.04080869901673051
0 0.11501129688206055 0.42698536091102507 0.03910528694080434 0.035369122721718126
0 0.06728422955264347 0.47006015415720626 0.035652959783099875 0.03929796953043019
0 0.03809760506100317 0.5036145012067018 0.042842295526434704 0.0374831938582077
0 0.057794848621780394 0.6100211648361233 0.035079078174423864 0.04231942850303095
0 0.12565295978309987 0.6221117514481814 0.03852688657930414 0.036276510557829426
0 0.1531089019430637 0.5994413077103655 0.03364211477632173 0.038086535508396836
0 0.13873474920921824 0.5382282591852698 0.04054225033890646 0.037787240044129866
0 0.17309534568459106 0.5442759278521264 0.03450519656574785 0.04020535736654137
0 0.18488025305015815 0.5784336165518111 0.037379123361952094 0.038390581694319
0 0.26941708088567556 0.539135647021381 0.03737912336195215 0.042020133038763736
0 0.30938093086308177 0.5565185375571455 0.03335291459557166 0.03687985220801856
0 0.4170628106642567 0.5134389935893094 0.03478987799367372 0.04383015798933127
0 0.42051513782196115 0.4708155189003564 0.0439900587437867 0.04080869901673051
0 0.4410709444193403 0.49152391459464384 0.04025305015815639 0.03869462788024105
0 0.6007953004970628 0.526893037316362 0.03996836873023035 0.038086535508396836
0 0.4302892001807501 0.5539483971417729 0.03594215996384997 0.037787240044129866
0 0.4389154993221871 0.5813030524314509 0.03708992318120197 0.038086535508396836
0 0.3993809308630818 0.6100211648361233 0.043131495707184775 0.04111274520265267
0 0.1273746046091279 0.6713862364541802 0.03507907817442385 0.038086535508396836
0 0.15641662901039313 0.6827214583230881 0.03220515137821961 0.04141204066691965
0 0.13183461364663354 0.7720492776026671 0.0439900587437867 0.03869462788024093
0 0.172950745594216 0.8234378337451553 0.038816086760054214 0.04231942850303095
0 0.19810664256665161 0.845205640368515 0.03967916854948034 0.04231942850303095
0 0.22959331224582016 0.8417281121170311 0.03824220515137822 0.04141204066691965
0 0.2996068685042928 0.8790592828822777 0.032205151378219665 0.03506507653579596
0 0.30205151378219613 0.8136133413625478 0.041690013556258454 0.042020133038763736
0 0.33684139177586986 0.7920023085538042 0.038816086760054214 0.044737545825442454
0 0.4241075463172164 0.7839925918434192 0.043131495707184775 0.04322681633914225
0 0.48233167645729785 0.7422765049905775 0.03651604157252597 0.04443825036117548
0 0.5015951197469498 0.7709898666735948 0.035942159963850084 0.04141204066691965
0 0.3930546769091731 0.8576002731664952 0.035079078174423906 0.03929796953043007
0 0.5070582919114324 0.841124770466842 0.03766832354270222 0.04141204066691965
0 0.5425711703569815 0.8391579717016585 0.0362268413917759 0.044737545825442454
0 0.566005422503389 0.8618284154394742 0.03364211477632173 0.04050465283080835
0 0.5637008585630366 0.7496828800507733 0.03708992318120208 0.04594897984747592
0 0.5882873926796205 0.7788523110126739 0.0356529597830999 0.04020535736654137
0 0.5310664256665161 0.6603550607711943 0.033926796204247545 0.03899392334450814
0 0.5629823768639856 0.6428201471424687 0.02990510619069142 0.04020535736654137
0 0.5684455490284682 0.6079070936996338 0.03967916854948039 0.04171608685284181
0 0.5037550835969272 0.5735973819069881 0.039105286940804396 0.038390581694319
0 0.5424265702666065 0.5510742105404781 0.04514234071396306 0.05018187284211003
0 0.6236511522819702 0.6623171088147228 0.03162675101671941 0.044134204175253315
0 0.6562855851784907 0.6644359306728673 0.035942159963850084 0.043530862525064176
0 0.6542747401717127 0.7007076905090417 0.035368278355173866 0.0374831938582077
0 0.5961952101220064 0.7357775177664927 0.031915951197469594 0.044737545825442454
0 0.6240849525530954 0.7280670965203747 0.03708992318120208 0.04383015798933139
0 0.658011748757343 0.7404617293183551 0.03478987799367372 0.04322681633914225
0 0.6850429281518301 0.7165798515585058 0.03478987799367372 0.04262347468895311
0 0.7080433800271125 0.6922466552414286 0.03824220515137822 0.0374831938582077
0 0.7179620424762765 0.7303331907498253 0.03737912336195204 0.03990131118061921
0 0.7452779032986896 0.7471127396354008 0.0356529597830999 0.04322681633914225
0 0.7817939448712156 0.7608660788267202 0.03162675101671941 0.03687985220801856
0 0.7459963849977407 0.7850472520508365 0.0313420695887936 0.035668418185985096
0 0.6823090826931767 0.7916982623678821 0.03737912336195204 0.03929796953043007
0 0.6830275643922278 0.8257086786962609 0.04226841391775871 0.04080869901673051
0 0.6549932218707637 0.8494385333631491 0.0356529597830999 0.03506507653579596
0 0.6779981924988704 0.8712015892648537 0.04140533212833253 0.04231942850303095
0 0.795020334387709 0.7916982623678821 0.03737912336195204 0.04292752087487504