0 0.5576171875 0.06827515400410678 0.03515625 0.03747433264887064
0 0.628173828125 0.08624229979466119 0.03515625 0.03747433264887064
0 0.46044921875 0.31878850102669404 0.0341796875 0.03696098562628337
0 0.4619140625 0.16170431211498973 0.03466796875 0.03747433264887064
0 0.633544921875 0.4204312114989733 0.03515625 0.0364476386036961
0 0.7109375 0.15451745379876797 0.037109375 0.039527720739219716
0 0.20849609375 0.13552361396303902 0.03662109375 0.03747433264887064
0 0.601806640625 0.10985626283367557 0.03564453125 0.037987679671457907
0 0.951416015625 0.5993326488706365 0.0361328125 0.038501026694045176
0 0.61083984375 0.29209445585215604 0.03515625 0.03490759753593429
0 0.759765625 0.3444558521560575 0.03466796875 0.038501026694045176
0 0.5419921875 0.033880903490759756 0.0361328125 0.039527720739219716
0 0.661376953125 0.4414784394250513 0.03466796875 0.03542094455852156
0 0.715087890625 0.3049281314168378 0.03466796875 0.038501026694045176
0 0.692138671875 0.3521560574948665 0.03515625 0.03696098562628337
0 0.641845703125 0.263347022587269 0.0361328125 0.03747433264887064
0 0.54248046875 0.20482546201232033 0.0341796875 0.037987679671457907
0 0.630859375 0.12166324435318275 0.03662109375 0.04004106776180698
0 0.3125 0.07340862422997947 0.03466796875 0.03747433264887064
0 0.30419921875 0.3639630390143737 0.0361328125 0.037987679671457907
0 0.4052734375 0.4127310061601643 0.0341796875 0.03490759753593429
0 0.503662109375 0.324435318275154 0.03466796875 0.03593429158110883
0 0.5361328125 0.10112936344969199 0.0341796875 0.03747433264887064
0 0.921875 0.46765913757700206 0.03564453125 0.03696098562628337
0 0.677734375 0.1704312114989733 0.0361328125 0.039527720739219716
0 0.818115234375 0.7908110882956879 0.0341796875 0.03696098562628337
0 0.380859375 0.276694045174538 0.0361328125 0.038501026694045176
0 0.3232421875 0.1293634496919918 0.0361328125 0.038501026694045176
0 0.523193359375 0.45071868583162217 0.03369140625 0.037987679671457907
0 0.6298828125 0.38501026694045176 0.03515625 0.03542094455852156
0 0.89501953125 0.518223819301848 0.03662109375 0.03696098562628337
0 0.48046875 0.19147843942505133 0.03466796875 0.03696098562628337
0 0.46142578125 0.3834702258726899 0.03515625 0.0364476386036961
0 0.212890625 0.17197125256673512 0.03515625 0.03747433264887064
0 0.5703125 0.10215605749486653 0.03564453125 0.038501026694045176
0 0.879638671875 0.45431211498973306 0.03466796875 0.0364476386036961
0 0.634521484375 0.1591375770020534 0.03564453125 0.038501026694045176
0 0.90673828125 0.7376796714579056 0.03662109375 0.0364476386036961
0 0.888427734375 0.6265400410677618 0.0361328125 0.037987679671457907
0 0.578125 0.037987679671457907 0.03564453125 0.039014373716632446
0 0.607177734375 0.2202258726899384 0.0341796875 0.0364476386036961
0 0.819580078125 0.32494866529774125 0.0361328125 0.03696098562628337
0 0.39208984375 0.1806981519507187 0.0361328125 0.039014373716632446
0 0.47021484375 0.033367556468172486 0.033203125 0.0364476386036961
0 0.4384765625 0.03593429158110883 0.03466796875 0.039014373716632446
0 0.81103515625 0.29414784394250515 0.03564453125 0.037987679671457907
0 0.84033203125 0.6629876796714579 0.037109375 0.03593429158110883
0 0.674560546875 0.209958932238193 0.03564453125 0.03696098562628337
0 0.27880859375 0.08829568788501027 0.03662109375 0.03747433264887064
0 0.2392578125 0.11447638603696099 0.0361328125 0.037987679671457907
0 0.845947265625 0.7713039014373717 0.03466796875 0.0364476386036961
0 0.910888671875 0.6558008213552361 0.03662109375 0.039014373716632446
0 0.622802734375 0.6380903490759754 0.03564453125 0.03747433264887064
0 0.506591796875 0.5834188911704312 0.0341796875 0.0364476386036961
0 0.34423828125 0.059034907597535935 0.03515625 0.03747433264887064
0 0.3837890625 0.04620123203285421 0.03466796875 0.039014373716632446
0 0.18310546875 0.1601642710472279 0.03466796875 0.03747433264887064
0 0.740478515625 0.18429158110882957 0.03662109375 0.038501026694045176
0 0.825927734375 0.41427104722792607 0.0361328125 0.03747433264887064
0 0.2548828125 0.3141683778234086 0.0361328125 0.039014373716632446
0 0.696044921875 0.7610369609856262 0.037109375 0.037987679671457907
0 0.886474609375 0.6960985626283368 0.03759765625 0.037987679671457907
0 0.4189453125 0.4383983572895277 0.03466796875 0.0364476386036961
0 0.82275390625 0.827258726899384 0.03662109375 0.03593429158110883
0 0.19580078125 0.2053388090349076 0.03466796875 0.037987679671457907
0 0.1357421875 0.20841889117043122 0.03564453125 0.037987679671457907
0 0.803466796875 0.19455852156057496 0.03662109375 0.03747433264887064
0 0.878662109375 0.7841375770020534 0.03515625 0.0364476386036961
0 0.568603515625 0.7125256673511293 0.0341796875 0.03542094455852156
0 0.632568359375 0.7474332648870636 0.03515625 0.0364476386036961
0 0.6904296875 0.49358316221765913 0.03564453125 0.0364476386036961
0 0.46044921875 0.5541581108829569 0.03466796875 0.03747433264887064
0 0.92041015625 0.6098562628336756 0.03564453125 0.0364476386036961
0 0.907958984375 0.43480492813141686 0.0361328125 0.037987679671457907
0 0.82177734375 0.6445071868583162 0.03515625 0.03593429158110883
0 0.33056640625 0.42659137577002054 0.03564453125 0.037987679671457907
0 0.859619140625 0.5952258726899384 0.037109375 0.037987679671457907
0 0.76025390625 0.2797741273100616 0.03515625 0.037987679671457907
0 0.526123046875 0.6452772073921971 0.03369140625 0.03593429158110883
0 0.689453125 0.49204312114989734 0.03515625 0.033880903490759756
0 0.68310546875 0.7263860369609856 0.03662109375 0.038501026694045176
0 0.1513671875 0.24435318275154005 0.03564453125 0.038501026694045176
0 0.5556640625 0.45790554414784396 0.03369140625 0.03696098562628337
0 0.514892578125 0.6786447638603696 0.03515625 0.037987679671457907
0 0.958984375 0.48613963039014374 0.0361328125 0.038501026694045176
0 0.582275390625 0.4306981519507187 0.03515625 0.03696098562628337
0 0.746337890625 0.827258726899384 0.0341796875 0.0364476386036961
0 0.1083984375 0.2751540041067762 0.03759765625 0.039527720739219716
0 0.52880859375 0.5187371663244353 0.03564453125 0.03696098562628337
0 0.814453125 0.44455852156057496 0.0361328125 0.03747433264887064
0 0.85205078125 0.8064681724845996 0.03564453125 0.0364476386036961
0 0.67919921875 0.5200205338809035 0.03759765625 0.037987679671457907
0 0.83251953125 0.5736652977412731 0.03662109375 0.037987679671457907
0 0.7265625 0.6255133470225873 0.03515625 0.038501026694045176
0 0.556640625 0.6183264887063655 0.03466796875 0.034394250513347026
0 0.78857421875 0.8318788501026694 0.03564453125 0.037987679671457907
0 0.748046875 0.6504106776180698 0.0361328125 0.03747433264887064
0 0.730712890625 0.12268993839835729 0.03564453125 0.04004106776180698
0 0.646240234375 0.49948665297741274 0.03564453125 0.03696098562628337
0 0.3779296875 0.438911704312115 0.0361328125 0.039014373716632446
0 0.1171875 0.23870636550308008 0.0361328125 0.038501026694045176
0 0.70166015625 0.8154517453798767 0.03759765625 0.038501026694045176
0 0.71923828125 0.8434291581108829 0.03564453125 0.038501026694045176
0 0.728759765625 0.5900924024640657 0.03564453125 0.037987679671457907
0 0.770263671875 0.8008213552361396 0.0361328125 0.03747433264887064
0 0.562255859375 0.6801848049281314 0.0341796875 0.03490759753593429
0 0.522216796875 0.6101129363449692 0.033203125 0.03593429158110883
0 0.64892578125 0.7058521560574949 0.03564453125 0.037987679671457907
0 0.46533203125 0.5926591375770021 0.03369140625 0.0364476386036961
0 0.897216796875 0.486652977412731 0.03515625 0.03747433264887064
0 0.932373046875 0.675564681724846 0.03662109375 0.03696098562628337
0 0.936767578125 0.3711498973305955 0.03564453125 0.0364476386036961
0 0.7529296875 0.11242299794661191 0.0390625 0.04209445585215606
0 0.26318359375 0.3506160164271047 0.0361328125 0.037987679671457907
0 0.4267578125 0.5341375770020534 0.03515625 0.037987679671457907
0 0.17578125 0.27002053388090347 0.03662109375 0.039014373716632446
0 0.7900390625 0.7774640657084189 0.033203125 0.04260780287474333
0 0.77783203125 0.7533367556468172 0.03125 0.03542094455852156
0 0.72265625 0.7869609856262834 0.03564453125 0.04106776180698152
0 0.72998046875 0.7446098562628337 0.037109375 0.044147843942505136
0 0.875244140625 0.7543634496919918 0.03369140625 0.03747433264887064
0 0.87646484375 0.7253593429158111 0.03564453125 0.037987679671457907
0 0.62060546875 0.723305954825462 0.0400390625 0.04671457905544148
0 0.693603515625 0.6986652977412731 0.048828125 0.054928131416837785
0 0.56396484375 0.6540041067761807 0.03955078125 0.043634496919917866
0 0.7197265625 0.39835728952772076 0.04150390625 0.048254620123203286
0 0.697265625 0.38809034907597534 0.029296875 0.053388090349075976
0 0.722900390625 0.33957905544147843 0.037109375 0.043121149897330596
0 0.85791015625 0.32931211498973306 0.0380859375 0.038501026694045176
0 0.898193359375 0.2692505133470226 0.044921875 0.04260780287474333
0 0.751708984375 0.14604722792607802 0.03662109375 0.04106776180698152
0 0.623291015625 0.3601129363449692 0.05126953125 0.04106776180698152
0 0.644287109375 0.29953798767967144 0.0439453125 0.044147843942505136
0 0.72802734375 0.2538501026694045 0.04736328125 0.043634496919917866
0 0.481201171875 0.34548254620123203 0.0361328125 0.044147843942505136
0 0.557861328125 0.35959958932238195 0.04150390625 0.04158110882956879
0 0.406494140625 0.3613963039014374 0.03515625 0.04260780287474333
0 0.35302734375 0.3570328542094456 0.0400390625 0.045174537987679675
0 0.39013671875 0.33547227926078027 0.041015625 0.04568788501026694
0 0.358154296875 0.3157084188911704 0.04443359375 0.052874743326488706
0 0.415283203125 0.2636036960985626 0.03759765625 0.049794661190965095
0 0.45068359375 0.2618069815195072 0.04638671875 0.0513347022587269
0 0.48046875 0.260523613963039 0.03564453125 0.04568788501026694
0 0.46435546875 0.22304928131416837 0.0439453125 0.05184804928131417
0 0.43310546875 0.2276694045174538 0.03271484375 0.04260780287474333
0 0.410888671875 0.2061088295687885 0.03857421875 0.04722792607802875
0 0.50390625 0.19635523613963038 0.0458984375 0.04106776180698152
0 0.668701171875 0.24589322381930184 0.03369140625 0.04055441478439425
0 0.5634765625 0.13578028747433266 0.03662109375 0.04004106776180698
0 0.529052734375 0.1391170431211499 0.0380859375 0.037987679671457907
0 0.463623046875 0.0967659137577002 0.04052734375 0.04106776180698152
0 0.449951171875 0.06724845995893224 0.03564453125 0.034394250513347026
0 0.428955078125 0.10010266940451745 0.0390625 0.03696098562628337
0 0.413330078125 0.13270020533880902 0.04150390625 0.044147843942505136
0 0.38671875 0.14450718685831623 0.0341796875 0.04671457905544148
0 0.36279296875 0.12294661190965092 0.04345703125 0.048767967145790556
0 0.34765625 0.15657084188911705 0.03076171875 0.04620123203285421
0 0.401611328125 0.10061601642710473 0.044921875 0.044147843942505136
0 0.41796875 0.06288501026694045 0.04296875 0.045174537987679675
0 0.337646484375 0.09702258726899383 0.046875 0.04722792607802875
0 0.303955078125 0.11036960985626283 0.044921875 0.04620123203285421
0 0.295654296875 0.14861396303901436 0.0390625 0.04209445585215606
0 0.264892578125 0.1285934291581109 0.0498046875 0.05646817248459959
0 0.270263671875 0.16991786447638604 0.033203125 0.045174537987679675
0 0.240966796875 0.18634496919917864 0.03662109375 0.03747433264887064
0 0.218017578125 0.2171457905544148 0.0537109375 0.04209445585215606
0 0.242919921875 0.2440965092402464 0.03857421875 0.039527720739219716
0 0.213134765625 0.2705338809034908 0.04345703125 0.037987679671457907
0 0.185546875 0.23921971252566734 0.03564453125 0.039014373716632446
0 0.227294921875 0.2969712525667351 0.04345703125 0.043121149897330596
0 0.249755859375 0.2741273100616016 0.04736328125 0.052361396303901436
0 0.27587890625 0.2836242299794661 0.0458984375 0.04004106776180698
0 0.279541015625 0.24948665297741274 0.0283203125 0.03747433264887064
0 0.26318359375 0.2112422997946612 0.06103515625 0.049794661190965095
0 0.30224609375 0.20251540041067762 0.0341796875 0.033367556468172486