0 0.1668685042928152 0.7643721114081343 0.035155896972435596 0.03872788293182631
0 0.32617261635788525 0.5354205826871455 0.03539990962494355 0.03577293406239594
0 0.11315860822413015 0.7479488666466865 0.036985991866244905 0.03814829488991217
0 0.20129236330772707 0.7607805658369298 0.03595119746949843 0.03792501097212562
0 0.27173068233167647 0.8624222556463533 0.03643922277451428 0.03830981942618339
0 0.1486805241753276 0.4437886634048756 0.03607320379575235 0.035259856123652324
0 0.30908269317668324 0.5061608880137994 0.03539990962494355 0.03686560004305347
0 0.16503840939900588 0.5734073530407866 0.0368956168097605 0.03721715344552587
0 0.20581111613194758 0.8557474917210325 0.03600994125621326 0.039302720252085255
0 0.5253908721192951 0.9029791664153671 0.03521915951197463 0.03814829488991217
0 0.28417984636240395 0.4879371197450941 0.035829191143244454 0.03731216787862646
0 0.10858111161319475 0.41298973491529894 0.03600994125621326 0.035711174680880496
0 0.5957026660641663 0.8146822537349301 0.036009941256213374 0.03991081262392935
0 0.4665521915951198 0.8434288704695327 0.03555354722096704 0.03866137282865579
0 0.44629010393131496 0.8737147210203658 0.03643922277451428 0.03866137282865579
0 0.2768549480343425 0.34753429195225893 0.03643922277451428 0.037925010972125736
0 0.247437867148667 0.7222807175445449 0.03643922277451428 0.037668472002753924
0 0.25488477180298236 0.5012818968740809 0.03408947130591955 0.03808178478674177
0 0.11010845006778129 0.543634580428697 0.03460912788070494 0.03619099756803886
0 0.6899412562132852 0.7423002585988526 0.03430185268865804 0.038020025405226324
0 0.2502440126525079 0.8100598015645833 0.03832806145503842 0.0418396056158727
0 0.5097650248531405 0.6350099607415951 0.034609127880705026 0.0366708204551971
0 0.261229100768188 0.8973305583675333 0.03634432896520556 0.03792501097212562
0 0.17590149118843199 0.3957921225240807 0.036439222774514224 0.037925010972125736
0 0.1461183913239946 0.35010443236763167 0.0365612291007682 0.037155394064010416
0 0.7768549480343426 0.6658088892311718 0.037383642114776405 0.038020025405226324
0 0.2790510619069137 0.3993836680952854 0.034699502937189375 0.036737330558367504
0 0.04025305015815635 0.4656039772447856 0.03588793492995934 0.03737867798179697
0 0.301269769543606 0.4199162870883365 0.03643922277451428 0.036542550970511144
0 0.0558156348847718 0.3631926705272466 0.03534116583822863 0.036960614476154056
0 0.13854948034342524 0.3141699737689646 0.034943515589697216 0.03679908993988295
0 0.4353004970628107 0.9337780949049439 0.034699502937189375 0.03558290519619453
0 0.37255761409850885 0.9527714800817644 0.03677361048350658 0.03721715344552587
0 0.18212833258020789 0.3603707418641572 0.0368956168097605 0.03837157880769872
0 0.7084952553095346 0.8439419484082763 0.03567555354722107 0.037858500868955335
0 0.7275372797107998 0.6909639603945698 0.036285585178490676 0.038499848292384564
0 0.6103524627202892 0.9101622575577765 0.033601446000903756 0.038438088910869236
0 0.395020334387709 0.40964997759181093 0.03622232263895164 0.038599613447140343
0 0.42138725711703573 0.7412741027213655 0.03661997288748309 0.03808178478674189
0 0.5903298689561681 0.8819287187619175 0.03567555354722107 0.03830981942618339
0 0.5297830998644375 0.5790559610886205 0.03494351558969733 0.03648079158899569
0 0.6713872571170357 0.6026670477141327 0.03539990962494355 0.038210054271427735
0 0.45239042024401266 0.48023619994228617 0.03475824672390426 0.03583944416556634
0 0.31469950293718935 0.6211521056738648 0.03588793492995934 0.035996217980182495
0 0.04968368730230457 0.5313159591771973 0.038237686398554 0.037506947466482934
0 0.06030275643922277 0.6185819652584922 0.0368956168097605 0.03702712457932446
0 0.7250971531857208 0.7315208711635836 0.036222322638951754 0.038210054271427735
0 0.1479484862178039 0.704826566183955 0.03628558517849073 0.03756870684799826
0 0.29174875734297334 0.8963044024900463 0.03539990962494355 0.037440437363312415
0 0.24780388612742882 0.3690978175444522 0.0365612291007682 0.035644664577709984
0 0.09789877993673747 0.6226913394900955 0.038694080433800265 0.03952600416987181
0 0.35375960234975146 0.3316241251295546 0.033660189787618644 0.0366708204551971
0 0.37328965205603254 0.3798772049797213 0.035155896972435596 0.03648079158899581
0 0.3967284229552644 0.3544655948469516 0.03442385901491185 0.03721715344552587
0 0.5678716674197922 0.4463540530985933 0.035002259376412104 0.03631926705272471
0 0.04769995481247176 0.3986140511871701 0.03539990962494352 0.03737867798179697
0 0.06646633529145957 0.32007037006451516 0.03634432896520562 0.03930272025208514
0 0.11981021238138273 0.2851620673433352 0.03561229100768187 0.03583944416556634
0 0.4201671938544962 0.9024660884766237 0.03588793492995934 0.038210054271427735
0 0.3815906009941257 0.7453787262313137 0.03534116583822866 0.03673733055836762
0 0.17638951649344783 0.6057502660682489 0.03600994125621326 0.03606272808335278
0 0.0403750564844103 0.5017949748128244 0.03539990962494352 0.03785850086895522
0 0.192991414369634 0.5030824203813382 0.03534116583822866 0.035996217980182495
0 0.8310528694080433 0.7063658000001856 0.03534116583822855 0.038020025405226324
0 0.39233619521012203 0.9271033309796229 0.03607320379575241 0.03814829488991217
0 0.04519656574785359 0.5677634957146078 0.03595119746949843 0.03924096087056969
0 0.37866244916403075 0.8567783983201746 0.03534116583822866 0.038020025405226324
0 0.6186534116583823 0.5354205826871455 0.036222322638951754 0.03808178478674189
0 0.6630863081789427 0.639632412911942 0.03588793492995923 0.039112691385883844
0 0.44433800271125173 0.9686863976261239 0.03600994125621326 0.036960614476154174
0 0.2673339358337099 0.2902975974524255 0.037202892001807486 0.03878964231334164
0 0.1439222774514234 0.4132462738846707 0.03506552191595119 0.037925010972125736
0 0.4355490284681428 0.9358304066599179 0.03475824672390426 0.036542550970511255
0 0.2998056936285585 0.37012397342193926 0.03555354722096704 0.038020025405226324
0 0.741699051061907 0.7956888685581096 0.03643922277451428 0.03872788293182631
0 0.23132399457749664 0.8809025628844304 0.03628558517849073 0.03830981942618339
0 0.130614550384094 0.7725861091496858 0.03790329868956166 0.04007233716020057
0 0.5791007681879801 0.9276164089183664 0.03588793492995923 0.03837157880769872
0 0.4785178490736557 0.6652958112924283 0.033601446000903756 0.038210054271427735
0 0.17065521915951198 0.5328551929934279 0.03683687302304561 0.03577293406239594
0 0.4472661545413466 0.5626279656055175 0.03408947130591955 0.037155394064010305
0 0.6259783099864438 0.8198130331223655 0.03515589697243571 0.03997732272709986
0 0.5258788974243109 0.543634580428697 0.03436059647537282 0.035996217980182495
0 0.6132806145503842 0.5862438029526849 0.03475824672390426 0.03702712457932446
0 0.25268413917758703 0.2610379027790794 0.03677361048350658 0.037155394064010416
0 0.41357433348395845 0.42582143410554213 0.03442385901491185 0.037088883960839904
0 0.6542973339358338 0.5333682709321714 0.03561229100768193 0.03721715344552587
0 0.29516493447808406 0.31699190243205405 0.03588793492995934 0.036960614476154056
0 0.6738273836421148 0.9348042507824309 0.034609127880705026 0.03814829488991217
0 0.20800723000451876 0.32238397151051607 0.03704925440578399 0.037088883960839904
0 0.3605964753727971 0.4132462738846707 0.03430185268865793 0.03538812560833829
0 0.3349615906009941 0.30338583561204047 0.03698599186624496 0.038599613447140343
0 0.2536601897876186 0.684293947190904 0.035951197469498375 0.03901292623112819
0 0.8710935381834614 0.7099573455713903 0.03588793492995923 0.037858500868955335
0 0.1783461364663353 0.8321364050955201 0.03567555354722096 0.039464244788356244
0 0.5126931766832354 0.6001016580204152 0.03549028468142801 0.03593445859866693
0 0.6176773610483507 0.49999920202722203 0.034699502937189264 0.037668472002753924
0 0.0746452779032987 0.45097650526894 0.036985991866244905 0.03721715344552587
0 0.5136737460460913 0.7094442676326467 0.0342385901491189 0.03673733055836762
0 0.47631721644826025 0.3865519689050422 0.03534116583822866 0.037506947466482816
0 0.2551287844554903 0.6570865642725319 0.03710799819249888 0.037506947466482934
0 0.4492182557614099 0.36062728083352896 0.034821509263443295 0.03773023138426937
0 0.1781021238138274 0.26039655535565 0.037383642114776294 0.037088883960839904
0 0.3100587437867149 0.9265902530408795 0.03622232263895164 0.03952600416987181
0 0.5639629462268414 0.9686863976261239 0.03488025305015818 0.038020025405226324
0 0.38476728422955264 0.31981383109514344 0.03454586534116588 0.035516395093024136
0 0.5292950745594216 0.4520026611464271 0.03436059647537282 0.0366708204551971
0 0.8344735652959784 0.7725861091496858 0.03549028468142801 0.03962576932462747
0 0.12103479439674651 0.23716552646254033 0.035277903298689545 0.03509833158738128
0 0.15210122006326254 0.8013327258842884 0.03555354722096704 0.038020025405226324
0 0.5605467690917307 0.9024660884766237 0.035829191143244454 0.038438088910869236
0 0.08038409399005875 0.28670605188122084 0.03561229100768187 0.038020025405226324
0 0.9057614098508812 0.7212545616670579 0.0365612291007682 0.03708888396084002
0 0.14380027112516947 0.20662313694233536 0.036985991866244905 0.036737330558367566
0 0.1223136014460009 0.23819168234002736 0.03588793492995934 0.03583944416556634
0 0.5581066425666515 0.4751006698331958 0.0341798463624039 0.03577293406239594
0 0.1599141436963398 0.22818191181287356 0.03622232263895164 0.036257507671209256
0 0.7690420244012653 0.8860380929935208 0.036073203795752296 0.042062889533659255
0 0.6591775869859919 0.49152866531629885 0.03869408043380029 0.03814829488991228
0 0.39599638499774065 0.8372671844829555 0.03442385901491185 0.03792501097212562
0 0.09197469498418437 0.25908535617886097 0.03727971079981926 0.03758770973461837
0 0.14224130140081337 0.2595699297876743 0.04002711251694535 0.03855210623058999
0 0.1578219611387257 0.29040686405049126 0.03819701762313599 0.03983480107744881
0 0.18807501129688206 0.2923356570424345 0.040027112516945296 0.0372646606620761
0 0.10220967013104383 0.314664048821088 0.039417080885675554 0.034371471174161304
0 0.11642114776321735 0.34261254431764515 0.03361048350655221 0.03630026416610454
0 0.08219611387257117 0.3490355199952493 0.03605512878445549 0.03630026416610454
0 0.08066877541798465 0.384053089314495 0.03666967916854949 0.03565891674267507
0 0.07333483958427474 0.41681881656925523 0.03910980569362857 0.03565891674267507
0 0.04277903298689562 0.4362540188599938 0.04033438770899232 0.03469452024670351
0 0.14040668775417986 0.3822858208588229 0.03636240397650248 0.0334118253998447
0 0.24826931766832352 0.3206072016115339 0.03575237234523271 0.03598196581521729
0 0.17906009941256212 0.4311137380292485 0.037889742431089 0.03726466066207622
0 0.19617261635788522 0.459546807134619 0.033000451875282444 0.038870404581477246
0 0.1685178490736557 0.4754474725140132 0.03147311342069592 0.03212437983133081
0 0.1584365115228197 0.5101419927607167 0.03575237234523271 0.03341182539984458
0 0.13735201084500678 0.5380904882572739 0.0339177586985992 0.037906008085505566
0 0.06737460460912788 0.48636938159893334 0.035752372345232736 0.042404941492821514
0 0.07638951649344781 0.5541526781729392 0.033000451875282416 0.037906008085505566
0 0.1052643470402169 0.6008950285368055 0.03330772706732943 0.03630026416610443
0 0.14254405784003615 0.6095698462788952 0.04186172616357886 0.03694161158953389
0 0.1604202440126525 0.6351097258963507 0.03483506552191595 0.034053172823274046
0 0.19617261635788522 0.6317367135212776 0.042779032986895615 0.038870404581477246
0 0.21970176231360145 0.6600035073687219 0.03727971079981923 0.038870404581477246
0 0.12863985539990963 0.6416942261102261 0.04583370989606872 0.03951175200490671
0 0.1011432444645278 0.663376519743795 0.040944419340262106 0.03276572725476016
0 0.07975146859466788 0.6850635640990191 0.033610483506552186 0.03630026416610443
0 0.13903298689561683 0.7302001705434844 0.03727971079981923 0.034053172823274046
0 0.17325350203343878 0.7329270847734732 0.03361048350655221 0.03694161158953389
0 0.2114505196565748 0.7305184688943717 0.03544509715318572 0.039834801077448925
0 0.15003163126976954 0.6698042461430542 0.04583370989606872 0.04304628891625098
0 0.25850429281518306 0.7909143932948017 0.03544509715318567 0.046257776755053034
0 0.18822864889290558 0.7991046374280781 0.033000451875282444 0.03951175200490671
0 0.2135878897424311 0.8232002976624038 0.03483506552191595 0.037587709734618314
0 0.2394080433800271 0.8439229455216563 0.04125169453230909 0.03919345365401946
0 0.19281066425666515 0.5718206120080057 0.03727971079981923 0.03855210623058999
0 0.20671486669679168 0.5360049214507145 0.039417080885675526 0.038870404581477246
0 0.25728422955264346 0.4674187529170081 0.037889742431089 0.034053172823274046
0 0.30418888386805243 0.5626659713787578 0.03391775869859914 0.03308877632730237
0 0.3940216900135563 0.530541591547427 0.03758246723904202 0.03565891674267519
0 0.4216764572977858 0.5400192812492172 0.03055580659737911 0.04176359406939204
0 0.5443605964753728 0.61246303576681 0.03269317668323546 0.041440544996849835
0 0.5824039765024853 0.4927971079981925 0.033000451875282444 0.03726466066207622
0 0.5921825576140985 0.5621861484915994 0.031780388612742794 0.04111749592430763
0 0.5397785811116133 0.6802463323408161 0.030863081789426206 0.03951175200490671
0 0.6138770899231812 0.6800848078045449 0.03239042024401262 0.036623313238646635
0 0.6432083145051967 0.6574333669533492 0.03361048350655227 0.037587709734618314
0 0.6671983732489833 0.683296295643347 0.0388070492544057 0.046903874900137456
0 0.6322096701310438 0.7101188701076614 0.034835065521916064 0.041440544996849835
0 0.4834026208766381 0.7036958944300572 0.03910980569362854 0.04272799056536372
0 0.3654541346588342 0.7777453928670511 0.03422503389064613 0.03919345365401946
0 0.3263398102123814 0.891463417123568 0.033000451875282444 0.04561642933162357
0 0.34849525530953457 0.900779582289087 0.030863081789426094 0.046257776755053034
0 0.7438906461816539 0.5832270947017392 0.0369724356077723 0.04079919757342037
0 0.7880478987799368 0.7130120595955762 0.03605512878445549 0.04079919757342037
0 0.7119611387257117 0.8055323638273373 0.03910980569362854 0.03951175200490671