0 0.54443359375 0.09214579055441478 0.037109375 0.039014373716632446
0 0.5185546875 0.12987679671457905 0.03564453125 0.039014373716632446
0 0.587646484375 0.18557494866529775 0.037109375 0.038501026694045176
0 0.64306640625 0.6101129363449692 0.03662109375 0.03696098562628337
0 0.884521484375 0.6108829568788501 0.03759765625 0.037987679671457907
0 0.772705078125 0.19301848049281314 0.03759765625 0.039527720739219716
0 0.742431640625 0.5690451745379876 0.03759765625 0.039014373716632446
0 0.5126953125 0.5523613963039015 0.03564453125 0.03696098562628337
0 0.955810546875 0.5734086242299795 0.0361328125 0.039527720739219716
0 0.785888671875 0.16529774127310062 0.03662109375 0.037987679671457907
0 0.360107421875 0.050564681724845996 0.03662109375 0.03747433264887064
0 0.674560546875 0.3421457905544148 0.037109375 0.039014373716632446
0 0.529052734375 0.4686858316221766 0.03662109375 0.03747433264887064
0 0.534423828125 0.1601642710472279 0.03759765625 0.038501026694045176
0 0.50732421875 0.24743326488706366 0.0361328125 0.039014373716632446
0 0.64453125 0.21072895277207393 0.0361328125 0.038501026694045176
0 0.3203125 0.12294661190965092 0.03564453125 0.038501026694045176
0 0.764404296875 0.30749486652977415 0.037109375 0.039527720739219716
0 0.733154296875 0.24897330595482547 0.03857421875 0.039527720739219716
0 0.697021484375 0.45123203285420943 0.0380859375 0.038501026694045176
0 0.953125 0.6047227926078029 0.03759765625 0.038501026694045176
0 0.588134765625 0.3945071868583162 0.03515625 0.0364476386036961
0 0.70654296875 0.5112936344969199 0.0390625 0.04004106776180698
0 0.863525390625 0.5120636550308009 0.03759765625 0.039014373716632446
0 0.80224609375 0.7207392197125256 0.03662109375 0.037987679671457907
0 0.610595703125 0.5467145790554415 0.03564453125 0.038501026694045176
0 0.743896484375 0.537217659137577 0.03759765625 0.038501026694045176
0 0.89453125 0.5141170431211499 0.0361328125 0.037987679671457907
0 0.32568359375 0.06262833675564682 0.03662109375 0.039527720739219716
0 0.85546875 0.6737679671457906 0.037109375 0.039014373716632446
0 0.6943359375 0.0736652977412731 0.03759765625 0.039527720739219716
0 0.762451171875 0.7053388090349076 0.03564453125 0.03696098562628337
0 0.58349609375 0.03516427104722793 0.03857421875 0.039527720739219716
0 0.7265625 0.08957905544147844 0.0380859375 0.039014373716632446
0 0.553466796875 0.5941991786447639 0.03564453125 0.03747433264887064
0 0.431640625 0.03208418891170431 0.0361328125 0.039014373716632446
0 0.6064453125 0.44378850102669404 0.03466796875 0.04004106776180698
0 0.646240234375 0.3631930184804928 0.0361328125 0.039014373716632446
0 0.413330078125 0.11524640657084188 0.03662109375 0.04004106776180698
0 0.832763671875 0.2797741273100616 0.03759765625 0.039014373716632446
0 0.201171875 0.1837782340862423 0.03759765625 0.039014373716632446
0 0.463134765625 0.47997946611909653 0.0361328125 0.038501026694045176
0 0.8671875 0.2825975359342916 0.03759765625 0.039014373716632446
0 0.714111328125 0.15631416837782341 0.037109375 0.03747433264887064
0 0.819091796875 0.1637577002053388 0.037109375 0.038501026694045176
0 0.167724609375 0.1747946611909651 0.037109375 0.04055441478439425
0 0.630615234375 0.7094455852156057 0.0390625 0.038501026694045176
0 0.373046875 0.07931211498973306 0.03564453125 0.038501026694045176
0 0.58154296875 0.28850102669404515 0.03564453125 0.039527720739219716
0 0.65283203125 0.05415811088295688 0.03759765625 0.039014373716632446
0 0.25537109375 0.25667351129363447 0.03857421875 0.04004106776180698
0 0.75341796875 0.6016427104722792 0.03662109375 0.038501026694045176
0 0.641357421875 0.5336242299794661 0.03662109375 0.03747433264887064
0 0.8916015625 0.44455852156057496 0.0380859375 0.04004106776180698
0 0.822265625 0.34496919917864477 0.03662109375 0.038501026694045176
0 0.462890625 0.44224845995893225 0.0361328125 0.037987679671457907
0 0.746337890625 0.6732546201232033 0.03564453125 0.03593429158110883
0 0.6826171875 0.6065195071868583 0.0380859375 0.03747433264887064
0 0.654541015625 0.11935318275154004 0.03857421875 0.04158110882956879
0 0.66650390625 0.446611909650924 0.03759765625 0.0364476386036961
0 0.712646484375 0.688141683778234 0.0361328125 0.038501026694045176
0 0.29150390625 0.19224845995893225 0.0361328125 0.039014373716632446
0 0.736328125 0.7150924024640657 0.03857421875 0.04055441478439425
0 0.926025390625 0.468429158110883 0.03759765625 0.04004106776180698
0 0.661376953125 0.08470225872689939 0.0361328125 0.037987679671457907
0 0.780029296875 0.7751540041067762 0.03759765625 0.03696098562628337
0 0.548095703125 0.6301334702258727 0.0361328125 0.037987679671457907
0 0.558837890625 0.06391170431211499 0.03662109375 0.037987679671457907
0 0.134033203125 0.26386036960985626 0.03515625 0.038501026694045176
0 0.4052734375 0.07725872689938398 0.03515625 0.03747433264887064
0 0.2880859375 0.35728952772073924 0.0380859375 0.04004106776180698
0 0.70458984375 0.18172484599589322 0.0380859375 0.04055441478439425
0 0.5732421875 0.15580082135523615 0.03564453125 0.038501026694045176
0 0.8369140625 0.7315195071868583 0.03515625 0.03593429158110883
0 0.435302734375 0.40220739219712526 0.0361328125 0.039527720739219716
0 0.428466796875 0.08495893223819302 0.03662109375 0.039014373716632446
0 0.451171875 0.06262833675564682 0.03515625 0.03747433264887064
0 0.942626953125 0.6398870636550308 0.0380859375 0.039527720739219716
0 0.595458984375 0.643223819301848 0.03662109375 0.039014373716632446
0 0.90625 0.7358829568788501 0.0380859375 0.03747433264887064
0 0.283447265625 0.23049281314168377 0.0390625 0.04260780287474333
0 0.866943359375 0.7913244353182751 0.037109375 0.03747433264887064
0 0.2333984375 0.19892197125256675 0.0361328125 0.038501026694045176
0 0.9189453125 0.7079055441478439 0.0400390625 0.039527720739219716
0 0.5751953125 0.5228439425051334 0.03759765625 0.039527720739219716
0 0.796875 0.49075975359342916 0.03662109375 0.039527720739219716
0 0.919677734375 0.31724845995893225 0.037109375 0.038501026694045176
0 0.257080078125 0.10010266940451745 0.03662109375 0.039527720739219716
0 0.8505859375 0.6054928131416838 0.03662109375 0.039014373716632446
0 0.928955078125 0.6837782340862423 0.03955078125 0.039014373716632446
0 0.110595703125 0.29645790554414786 0.037109375 0.039527720739219716
0 0.76708984375 0.37833675564681724 0.037109375 0.038501026694045176
0 0.948974609375 0.41170431211498976 0.03759765625 0.039527720739219716
0 0.761962890625 0.43993839835728954 0.03662109375 0.037987679671457907
0 0.869873046875 0.34779260780287474 0.0380859375 0.039014373716632446
0 0.6689453125 0.5834188911704312 0.0361328125 0.03593429158110883
0 0.73974609375 0.7815708418891171 0.0390625 0.04004106776180698
0 0.856689453125 0.44378850102669404 0.037109375 0.039527720739219716
0 0.1025390625 0.26078028747433263 0.0361328125 0.037987679671457907
0 0.73193359375 0.7492299794661191 0.0380859375 0.037987679671457907
0 0.930908203125 0.34394250513347024 0.0380859375 0.037987679671457907
0 0.220458984375 0.33829568788501024 0.0380859375 0.04106776180698152
0 0.781005859375 0.6149897330595483 0.0390625 0.039014373716632446
0 0.702392578125 0.4853696098562628 0.03759765625 0.04004106776180698
0 0.851318359375 0.40811088295687886 0.0361328125 0.039014373716632446
0 0.12158203125 0.2292094455852156 0.03662109375 0.038501026694045176
0 0.413818359375 0.4928131416837782 0.03662109375 0.039527720739219716
0 0.675537109375 0.5536447638603696 0.0361328125 0.0364476386036961
0 0.14306640625 0.20071868583162217 0.03515625 0.039527720739219716
0 0.883056640625 0.42068788501026694 0.03857421875 0.039014373716632446
0 0.2734375 0.39014373716632444 0.0380859375 0.04158110882956879
0 0.841064453125 0.8162217659137577 0.0380859375 0.038501026694045176
0 0.44921875 0.561088295687885 0.037109375 0.04106776180698152
0 0.891357421875 0.768223819301848 0.0380859375 0.039014373716632446
0 0.654052734375 0.7379363449691991 0.037109375 0.038501026694045176
0 0.687744140625 0.7566735112936345 0.03759765625 0.037987679671457907
0 0.265380859375 0.2158624229979466 0.03759765625 0.04004106776180698
0 0.347412109375 0.49691991786447637 0.037109375 0.039527720739219716
0 0.60791015625 0.7376796714579056 0.03955078125 0.04106776180698152
0 0.554443359375 0.5587782340862423 0.0380859375 0.04260780287474333
0 0.4970703125 0.473305954825462 0.03857421875 0.04158110882956879
0 0.47021484375 0.40451745379876797 0.03955078125 0.047741273100616016
0 0.4580078125 0.37705338809034905 0.03466796875 0.045174537987679675
0 0.47314453125 0.34265913757700206 0.03759765625 0.04260780287474333
0 0.510009765625 0.34650924024640656 0.0361328125 0.039527720739219716
0 0.52734375 0.3811601642710472 0.03564453125 0.039014373716632446
0 0.500244140625 0.4055441478439425 0.03955078125 0.04722792607802875
0 0.546142578125 0.3447125256673511 0.03759765625 0.04722792607802875
0 0.7255859375 0.3162217659137577 0.0400390625 0.045174537987679675
0 0.638427734375 0.27874743326488705 0.0361328125 0.044147843942505136
0 0.626220703125 0.24537987679671458 0.044921875 0.04158110882956879
0 0.603271484375 0.2646303901437372 0.03515625 0.048254620123203286
0 0.581298828125 0.24229979466119098 0.03759765625 0.04722792607802875
0 0.57470703125 0.21509240246406572 0.05859375 0.04671457905544148
0 0.510498046875 0.19738193018480493 0.04541015625 0.04620123203285421
0 0.55517578125 0.26668377823408623 0.041015625 0.04620123203285421
0 0.475830078125 0.18762833675564683 0.03515625 0.04106776180698152
0 0.43798828125 0.18531827515400412 0.048828125 0.043634496919917866
0 0.379150390625 0.2112422997946612 0.04443359375 0.048767967145790556
0 0.368408203125 0.1735112936344969 0.046875 0.047741273100616016
0 0.336669921875 0.23613963039014374 0.041015625 0.049281314168377825
0 0.314697265625 0.2551334702258727 0.037109375 0.039527720739219716
0 0.2880859375 0.26976386036960986 0.03662109375 0.04722792607802875
0 0.308349609375 0.2923511293634497 0.041015625 0.04620123203285421
0 0.31591796875 0.33290554414784396 0.04052734375 0.044147843942505136
0 0.31396484375 0.37217659137577 0.0400390625 0.044661190965092405
0 0.368408203125 0.37551334702258726 0.0400390625 0.039527720739219716
0 0.2548828125 0.29312114989733057 0.03564453125 0.04671457905544148
0 0.235595703125 0.23613963039014374 0.04052734375 0.048254620123203286
0 0.313720703125 0.20790554414784393 0.04443359375 0.04260780287474333
0 0.4580078125 0.1504106776180698 0.0419921875 0.043121149897330596
0 0.4453125 0.12140657084188912 0.0400390625 0.049281314168377825
0 0.46826171875 0.09265913757700206 0.05419921875 0.047741273100616016
0 0.690673828125 0.11036960985626283 0.04248046875 0.04260780287474333
0 0.717041015625 0.12397330595482546 0.04541015625 0.04209445585215606
0 0.9033203125 0.36704312114989734 0.04150390625 0.05082135523613963
0 0.87646484375 0.3834702258726899 0.04736328125 0.044147843942505136
0 0.8505859375 0.24974332648870637 0.04345703125 0.044661190965092405
0 0.81005859375 0.25539014373716634 0.0498046875 0.05595482546201232
0 0.82763671875 0.23023613963039014 0.041015625 0.054928131416837785
0 0.767578125 0.2589835728952772 0.04052734375 0.04260780287474333
0 0.75048828125 0.22535934291581108 0.03662109375 0.054414784394250515
0 0.789794921875 0.33187885010266943 0.044921875 0.048254620123203286
0 0.60693359375 0.5133470225872689 0.0458984375 0.04722792607802875
0 0.637939453125 0.4271047227926078 0.0400390625 0.04671457905544148
0 0.76904296875 0.544917864476386 0.044921875 0.04620123203285421
0 0.783203125 0.5808521560574949 0.0439453125 0.038501026694045176
0 0.917724609375 0.6188398357289527 0.0439453125 0.05646817248459959
0 0.892333984375 0.582135523613963 0.03515625 0.04004106776180698
0 0.853515625 0.5734086242299795 0.04541015625 0.04620123203285421
0 0.906982421875 0.5459445585215605 0.04541015625 0.05184804928131417
0 0.941162109375 0.5490246406570842 0.037109375 0.04106776180698152
0 0.899658203125 0.4792094455852156 0.037109375 0.04106776180698152
0 0.342529296875 0.09471252566735112 0.03515625 0.05184804928131417