0 0.7309579755987348 0.8721754872041354 0.036836873023045724 0.039397734685185724
0 0.3188477180298238 0.9301865493337391 0.0365612291007682 0.03866137282865579
0 0.412110257568911 0.5985624242041846 0.03555354722096704 0.03756870684799826
0 0.6489245368278355 0.8737147210203658 0.03561229100768193 0.03888465674644234
0 0.12201084500677813 0.42274296647308096 0.03683687302304564 0.03901292623112819
0 0.4562991414369634 0.9686863976261239 0.036163578852236755 0.03814829488991217
0 0.24621780388612743 0.6180688873197486 0.036439222774514224 0.03756870684799826
0 0.3073746046091279 0.8085205677483529 0.036163578852236755 0.039302720252085255
0 0.7568368730230457 0.8521559461498278 0.03588793492995923 0.039112691385883844
0 0.26074107546317216 0.6925031942108004 0.03634432896520556 0.038438088910869236
0 0.47656122910076826 0.5965101124492104 0.03521915951197474 0.03830981942618339
0 0.3395978309986444 0.6344968828028514 0.03534116583822866 0.03814829488991217
0 0.7294938996836873 0.7109835014488773 0.03561229100768193 0.03814829488991217
0 0.5258788974243109 0.9702256314423544 0.03726163578852226 0.038020025405226324
0 0.39037957523723454 0.5482522818773887 0.034943515589697216 0.03686560004305347
0 0.33544961590600997 0.6673528737690574 0.036163578852236755 0.03830981942618339
0 0.4909670131043833 0.9712517873198414 0.035951197469498375 0.037858500868955335
0 0.43139629462268414 0.48768058077572235 0.035951197469498375 0.03808178478674177
0 0.24633981021238138 0.7700207194559681 0.03732489832806141 0.03830981942618339
0 0.4128422955264347 0.8993828701225075 0.03567555354722096 0.03773023138426925
0 0.7104473565295979 0.5831605845985687 0.0368956168097605 0.03808178478674189
0 0.1380614550384094 0.49717727336413264 0.03671486669679169 0.03830981942618339
0 0.3579123361952101 0.6873724148233651 0.035829191143244454 0.03593445859866693
0 0.36694532309082695 0.8059551780546351 0.034699502937189375 0.037506947466482934
0 0.07318120198825125 0.47304835807822176 0.03607320379575238 0.038951166849612744
0 0.43090826931766835 0.6570865642725319 0.03555354722096704 0.03924096087056969
0 0.45141436963398107 0.7392217909663915 0.03534116583822866 0.03737867798179685
0 0.383298689561681 0.48023619994228617 0.03527790329868952 0.03731216787862646
0 0.5092769995481248 0.9096491796190329 0.03521915951197463 0.03612448746486834
0 0.09741075463172165 0.7197105771291723 0.03460912788070494 0.03792501097212562
0 0.5610347943967465 0.9676602417486366 0.034609127880705026 0.03679908993988295
0 0.28906461816538637 0.7556450357278393 0.038178942611839184 0.040200606644886415
0 0.204713059195662 0.5297719746393117 0.03649796656122911 0.036542550970511255
0 0.37475372797108003 0.4460975141292215 0.03643922277451428 0.03631926705272471
0 0.15295526434704024 0.7546188798503524 0.03567555354722096 0.03878964231334164
0 0.13562132851333034 0.6925031942108004 0.038025305015815636 0.03779674148743977
0 0.36865341165838234 0.6175558093810052 0.036163578852236755 0.03702712457932446
0 0.38281066425666516 0.7392217909663915 0.03521915951197474 0.03721715344552587
0 0.4877948486217804 0.48947635356132463 0.0354902846814279 0.037027124579324576
0 0.48559421599638497 0.8839857812385465 0.03698599186624496 0.03888465674644234
0 0.21435607772254858 0.6344968828028514 0.03595119746949843 0.037440437363312415
0 0.7895526434704022 0.8655007232788144 0.036344328965205674 0.03901292623112819
0 0.3708495255309535 0.9527714800817644 0.03753727971079979 0.03917445076739918
0 0.49829191143244467 0.9425051705852389 0.035002259376412104 0.03558290519619453
0 0.22119295074559422 0.29286298714614317 0.03527790329868957 0.036737330558367504
0 0.13928151830094895 0.7838785745236985 0.035829191143244454 0.03888465674644234
0 0.1905512878445549 0.36473190434347724 0.03488025305015813 0.037155394064010416
0 0.0820921825576141 0.5770036493336463 0.03616357885223678 0.038438088910869236
0 0.12841843651152282 0.3526698220613493 0.03555354722096704 0.03737867798179697
0 0.10412562132851334 0.321353064911374 0.035277903298689545 0.037506947466482816
0 0.13708540442837777 0.2633467535034253 0.03622232263895164 0.036062728083352896
0 0.10540894713059197 0.48639788592886357 0.03607320379575238 0.036062728083352896
0 0.06829643018526886 0.387834663751901 0.03710799819249888 0.03779674148743977
0 0.33862178038861274 0.5995885800816716 0.03600994125621326 0.037312167878626575
0 0.5844735652959784 0.7926056502039934 0.03549028468142801 0.03702712457932446
0 0.6635743334839584 0.9409659367690082 0.036285585178490676 0.03888465674644234
0 0.3046859466787167 0.43506158772458065 0.03671486669679169 0.036190997568038744
0 0.13684139177586985 0.32238397151051607 0.03607320379575235 0.03814829488991228
0 0.14233619521012203 0.5708419633470689 0.03595119746949843 0.038599613447140226
0 0.3186037053773159 0.5028211306903114 0.03774966109353817 0.037440437363312415
0 0.44629010393131496 0.8952782466125592 0.03600994125621326 0.035996217980182495
0 0.7592769995481248 0.8039028662996611 0.03573429733393585 0.03878964231334164
0 0.20056032535020335 0.8542082579048018 0.03634432896520562 0.03779674148743977
0 0.24694984184365115 0.49152866531629885 0.03677361048350658 0.037440437363312415
0 0.2292498870311794 0.42171681059559396 0.03567555354722096 0.03830981942618339
0 0.17358337098960686 0.4579078081636327 0.035002259376412104 0.035198096742136996
0 0.40795752372345234 0.4607297368267221 0.0354902846814279 0.03599621798018238
0 0.16137821961138726 0.8131430199186995 0.03661997288748309 0.037155394064010305
0 0.2646497966561229 0.2977419782858617 0.0354902846814279 0.036190997568038744
0 0.6293944871215544 0.9527714800817644 0.03454586534116588 0.03779674148743977
0 0.8173836421147763 0.8434288704695327 0.0368956168097605 0.039849053242414015
0 0.8667013104383191 0.684293947190904 0.03588793492995923 0.03814829488991217
0 0.7602530501581564 0.8916819503196994 0.03732489832806141 0.038599613447140226
0 0.7875960234975148 0.7828524186462114 0.03488025305015818 0.03830981942618339
0 0.1615002259376412 0.24627741059689293 0.036985991866244905 0.03779674148743977
0 0.6938454586534117 0.92812948685711 0.03555354722096693 0.038599613447140226
0 0.12695436059647539 0.7258722631157497 0.03555354722096704 0.038599613447140226
0 0.7309579755987348 0.6124250299935697 0.036222322638951754 0.037668472002753924
0 0.45751920469950297 0.76591609594602 0.0365612291007682 0.036960614476154174
0 0.20703117939448715 0.467404500752043 0.03628558517849073 0.037088883960839904
0 0.2736827835517397 0.46586051621415736 0.03555354722096704 0.03577293406239594
0 0.4221192950745594 0.9650901013332641 0.036163578852236755 0.037858500868955335
0 0.5449209218255762 0.8054421001158918 0.035951197469498375 0.03619099756803886
0 0.9165024853140533 0.6555425797346464 0.035951197469498375 0.037668472002753924
0 0.21630817894261184 0.5636541214830046 0.03649796656122911 0.036960614476154174
0 0.130614550384094 0.6226913394900955 0.035829191143244454 0.03779674148743977
0 0.9018572074107546 0.6832630405917618 0.03573429733393585 0.03808178478674189
0 0.7573248983280615 0.7299816373473529 0.036163578852236755 0.039302720252085255
0 0.5234387708992317 0.5069305049219147 0.035829191143244454 0.037088883960839904
0 0.2922367826479892 0.37294590208502865 0.036163578852236755 0.037088883960839904
0 0.27173068233167647 0.5549270458027096 0.03671486669679169 0.03702712457932446
0 0.31909173068233165 0.30338583561204047 0.037474017171260754 0.038438088910869236
0 0.8554676909173069 0.7551319577890959 0.03677361048350658 0.03962576932462747
0 0.6577135110709444 0.5261804290681069 0.03506552191595125 0.03837157880769872
0 0.3107907817442386 0.351900205153234 0.03561229100768193 0.037027124579324576
0 0.11901943063714415 0.23177820810573327 0.03628558517849073 0.03708888396083996
0 0.2873520108450068 0.8798764070069433 0.03534116583822866 0.03638577715589522
0 0.36035246272028926 0.3811598998265801 0.03506552191595125 0.03509833158738122
0 0.19116131947582468 0.3087779046905026 0.03488025305015813 0.0366708204551971
0 0.3657207410754632 0.35292636103072106 0.03475824672390415 0.035516395093024136
0 0.24206507004066885 0.32520590017360546 0.035155896972435596 0.036190997568038744
0 0.5444328965205603 0.4450713582517345 0.036073203795752296 0.037088883960839904
0 0.20849525530953456 0.26039655535565 0.035829191143244454 0.036609061073681656
0 0.16589245368278355 0.33239374203766986 0.035002259376412104 0.036960614476154056
0 0.17907817442385904 0.48742404180635057 0.034423859014911906 0.03509833158738122
0 0.14746046091278808 0.21149737736039884 0.037690917306823335 0.037668472002753924
0 0.2556168097605061 0.8957913245513027 0.03790329868956166 0.03872788293182631
0 0.8603524627202892 0.7915794943265064 0.0365612291007682 0.038499848292384564
0 0.5922864889290557 0.6617042657212235 0.0392769995481248 0.03924096087056969
0 0.05911432444645277 0.35420905587757984 0.03738364211477632 0.03837157880769872
0 0.04568459105286941 0.4165812804865036 0.03704925440578401 0.03837157880769872
0 0.2922367826479892 0.40734112686746504 0.03683687302304561 0.03878964231334164
0 0.2746588341617714 0.2471752969896941 0.03823768639855396 0.03939773468518584
0 0.2939448712155445 0.2746392188774379 0.037261635788522374 0.03952600416987169
0 0.10052417532760959 0.25487621679250205 0.033601446000903756 0.03599621798018244
0 0.4145503840939901 0.35728752351004106 0.03521915951197474 0.03888465674644234
0 0.04092182557614099 0.49127212634692696 0.036561229100768186 0.037925010972125736
0 0.04296882060551288 0.5282327408230812 0.036561229100768186 0.038499848292384564
0 0.8881834613646634 0.7556450357278393 0.03567555354722107 0.03888465674644234
0 0.6284184365115228 0.9512322462655338 0.03561229100768193 0.03878964231334164
0 0.14274740171712608 0.3918300206637834 0.04210573881608676 0.0434073437620334
0 0.20753727971079983 0.39268515056168934 0.03694532309082693 0.042837257163429523
0 0.15456394035246274 0.2918700863202413 0.03857207410754632 0.03884190025154706
0 0.06967464979665612 0.4392374720593544 0.04264798915499321 0.03884190025154706
0 0.13826479891549934 0.4639412246655242 0.04400813375508361 0.042552213864127525
0 0.26254405784003615 0.3528455987625855 0.03395390872119297 0.03969703014945294
0 0.23551739719837328 0.5489031307441283 0.03966109353818348 0.04112699736761777
0 0.17086308178942614 0.5521858794077557 0.04400813375508361 0.03741193303338223
0 0.18403976502485314 0.5823149561439729 0.041016719385449596 0.040552160047358815
0 0.15891098056936287 0.5998783741026287 0.03966109353818348 0.03684184643477823
0 0.05338002711251695 0.5948806149215343 0.041563488477180305 0.042837257163429523
0 0.08869408043380027 0.6080211110193545 0.03612742882964301 0.03712688973408011
0 0.09765476728422956 0.6395754042520815 0.041016719385449624 0.03741193303338223
0 0.18634884771802981 0.6203017264976141 0.03802982376863984 0.04112699736761777
0 0.24040668775417984 0.6615664947932276 0.036398553999096306 0.03912694355084894
0 0.2725937641211026 0.6568537789114354 0.04319023949389966 0.04112699736761777
0 0.28481699051061904 0.7174017264048264 0.04047446904654317 0.04455226768089623
0 0.2251920469950294 0.7506710301550201 0.03857207410754632 0.03912694355084894
0 0.1185720741075463 0.7525285623221379 0.04373248983280614 0.04398218108229224
0 0.196127428829643 0.8189246481728744 0.039118843199277 0.04426722438159435
0 0.26539539087211933 0.8234948424050158 0.03966109353818348 0.03741193303338223
0 0.2946000903750565 0.8434858791293932 0.03612742882964304 0.041982127265523646
0 0.32774062358788975 0.8551964080090487 0.03612742882964304 0.04141204066691965
0 0.26037053773158614 0.8581941133733743 0.03938996836873021 0.040552160047358815
0 0.31727971079981926 0.891468167845223 0.03911884319927694 0.043122300462731404
0 0.3497424310890195 0.8848979197963128 0.03775869859918668 0.044837310980198115
0 0.30817894261183915 0.7738022938933742 0.037216448260280144 0.03741193303338223
0 0.341455038409399 0.7813701934898412 0.03748757342973341 0.043407343762033285
0 0.31306823316764576 0.6130188702004489 0.03938996836873021 0.03798201963198599
0 0.427704473565296 0.5294821806183546 0.03395390872119297 0.03769697633268411
0 0.5106913691821058 0.5827425210929258 0.0402033438770899 0.03798201963198599
0 0.6098418436511522 0.5903104206893928 0.036398553999096306 0.04169708396622153
0 0.6344238590149119 0.5941680066732793 0.03775869859918668 0.03798201963198599
0 0.6527609579755987 0.5641814515867132 0.03857207410754637 0.03969703014945294
0 0.5276683235427022 0.6568537789114354 0.04047446904654306 0.043407343762033285
0 0.5608088567555355 0.6408628498205954 0.03395390872119286 0.03769697633268411
0 0.554835065521916 0.6758471640882558 0.038300948938092994 0.03569692251591529
0 0.5204699502937189 0.7275397664166662 0.04128784455490275 0.041982127265523646
0 0.5783325802078626 0.7418156849900394 0.0374875734297333 0.03855685695224494
0 0.5640713962946227 0.7719447617262565 0.037216448260280144 0.0359819658152174
0 0.5302485314053321 0.7833702473066099 0.03585630366018977 0.0359819658152174
0 0.6447492092182557 0.813499324042827 0.03558517849073661 0.03684184643477823
0 0.5950384093990059 0.8589067216216292 0.037216448260280144 0.040837203346660696
0 0.6295345684591054 0.8480560733615344 0.033411658382286546 0.03284173880124082
0 0.6174469046543155 0.6711344482064634 0.03205603253502032 0.04112699736761777
0 0.6433890646181654 0.689410474413374 0.03395390872119286 0.03884190025154706
0 0.6481427925892453 0.7256822342495484 0.032598282873926854 0.042837257163429523
0 0.6853592408495256 0.6841276719329776 0.03314053321283317 0.041982127265523646
0 0.8039313149570718 0.5714643078838783 0.03667419792137361 0.042837257163429523
0 0.7149661093538184 0.6385777527045247 0.03477180298237692 0.042267170564825526
0 0.6996204247627655 0.7176867697041285 0.03450067781292354 0.0359819658152174
0 0.8205015815634885 0.7626666023339775 0.038300948938092994 0.03684184643477823
0 0.7286850429281518 0.790510581954124 0.04047446904654306 0.04455226768089623
0 0.8419611387257118 0.8159269428085487 0.03775869859918668 0.04169708396622153
0 0.7008404880253051 0.8828978659795441 0.0402033438770899 0.036271759836174235