0 0.262939453125 0.13218685831622176 0.03759765625 0.04004106776180698
0 0.674072265625 0.06647843942505134 0.037109375 0.039527720739219716
0 0.586181640625 0.39989733059548255 0.0361328125 0.037987679671457907
0 0.344970703125 0.12910677618069816 0.0361328125 0.039527720739219716
0 0.879150390625 0.5703285420944558 0.03759765625 0.039527720739219716
0 0.535888671875 0.030544147843942507 0.03662109375 0.039014373716632446
0 0.751708984375 0.3773100616016427 0.037109375 0.037987679671457907
0 0.6875 0.18788501026694046 0.03662109375 0.04004106776180698
0 0.2373046875 0.15272073921971252 0.03662109375 0.039527720739219716
0 0.736083984375 0.30313141683778233 0.037109375 0.039014373716632446
0 0.521728515625 0.4029774127310062 0.03564453125 0.039014373716632446
0 0.658203125 0.36267967145790553 0.0361328125 0.039014373716632446
0 0.26708984375 0.2933778234086242 0.0361328125 0.039014373716632446
0 0.46630859375 0.030287474332648872 0.0380859375 0.038501026694045176
0 0.60888671875 0.44969199178644764 0.03564453125 0.03747433264887064
0 0.661865234375 0.3295687885010267 0.03662109375 0.039014373716632446
0 0.501220703125 0.028747433264887063 0.03662109375 0.038501026694045176
0 0.56884765625 0.5110369609856262 0.03662109375 0.038501026694045176
0 0.7490234375 0.22535934291581108 0.0380859375 0.039014373716632446
0 0.58056640625 0.09907597535934291 0.0361328125 0.038501026694045176
0 0.2880859375 0.42068788501026694 0.03759765625 0.038501026694045176
0 0.86181640625 0.4961498973305955 0.037109375 0.039014373716632446
0 0.638916015625 0.31006160164271046 0.03662109375 0.0364476386036961
0 0.6279296875 0.19173511293634496 0.03515625 0.037987679671457907
0 0.92724609375 0.518993839835729 0.03662109375 0.039527720739219716
0 0.56640625 0.34163244353182753 0.0361328125 0.04004106776180698
0 0.544677734375 0.26001026694045176 0.0361328125 0.037987679671457907
0 0.616943359375 0.5177104722792608 0.0361328125 0.037987679671457907
0 0.48388671875 0.09060574948665298 0.03564453125 0.03696098562628337
0 0.89892578125 0.2728439425051335 0.03515625 0.038501026694045176
0 0.43115234375 0.03362422997946612 0.03515625 0.03747433264887064
0 0.70654296875 0.24050308008213553 0.0390625 0.04106776180698152
0 0.794677734375 0.4648357289527721 0.037109375 0.03696098562628337
0 0.626220703125 0.5515913757700205 0.037109375 0.03696098562628337
0 0.8427734375 0.2389630390143737 0.0361328125 0.039527720739219716
0 0.861083984375 0.3008213552361396 0.03857421875 0.038501026694045176
0 0.62939453125 0.3801334702258727 0.03662109375 0.03747433264887064
0 0.61328125 0.2587268993839836 0.03564453125 0.037987679671457907
0 0.512451171875 0.5102669404517454 0.0361328125 0.03747433264887064
0 0.508056640625 0.11575975359342916 0.03759765625 0.039527720739219716
0 0.783447265625 0.3603696098562628 0.03662109375 0.037987679671457907
0 0.204345703125 0.1398870636550308 0.037109375 0.039527720739219716
0 0.62158203125 0.04491786447638604 0.0380859375 0.04004106776180698
0 0.494384765625 0.057494866529774126 0.03564453125 0.0364476386036961
0 0.7822265625 0.7020020533880903 0.03564453125 0.03747433264887064
0 0.85595703125 0.20944558521560575 0.03662109375 0.039527720739219716
0 0.811767578125 0.6296201232032854 0.03564453125 0.037987679671457907
0 0.91650390625 0.4152977412731006 0.03662109375 0.039014373716632446
0 0.8740234375 0.6404004106776181 0.0361328125 0.037987679671457907
0 0.898681640625 0.6714579055441479 0.0361328125 0.037987679671457907
0 0.86669921875 0.7299794661190965 0.03662109375 0.03696098562628337
0 0.894775390625 0.5064168377823408 0.03662109375 0.03696098562628337
0 0.93359375 0.6042094455852156 0.03759765625 0.038501026694045176
0 0.65966796875 0.39758726899383984 0.03662109375 0.037987679671457907
0 0.41064453125 0.20893223819301848 0.0361328125 0.03747433264887064
0 0.3291015625 0.062114989733059546 0.037109375 0.039527720739219716
0 0.6962890625 0.5613449691991786 0.037109375 0.03696098562628337
0 0.865966796875 0.6709445585215605 0.03662109375 0.039014373716632446
0 0.8564453125 0.4224845995893224 0.03662109375 0.039014373716632446
0 0.681396484375 0.4938398357289528 0.03857421875 0.037987679671457907
0 0.547119140625 0.10369609856262833 0.03662109375 0.0364476386036961
0 0.235595703125 0.2009753593429158 0.0361328125 0.039527720739219716
0 0.79345703125 0.14040041067761808 0.037109375 0.038501026694045176
0 0.753173828125 0.5038501026694046 0.03759765625 0.037987679671457907
0 0.77197265625 0.5734086242299795 0.0361328125 0.039014373716632446
0 0.8271484375 0.5361909650924025 0.03564453125 0.03593429158110883
0 0.5927734375 0.5374743326488707 0.0361328125 0.0364476386036961
0 0.833251953125 0.1806981519507187 0.037109375 0.037987679671457907
0 0.73876953125 0.6978952772073922 0.0361328125 0.03696098562628337
0 0.363037109375 0.049794661190965095 0.03515625 0.038501026694045176
0 0.177001953125 0.16247433264887062 0.03759765625 0.04055441478439425
0 0.13037109375 0.32238193018480493 0.03662109375 0.039014373716632446
0 0.2333984375 0.11319301848049282 0.0380859375 0.039527720739219716
0 0.207763671875 0.2225359342915811 0.03564453125 0.039014373716632446
0 0.8427734375 0.7474332648870636 0.03759765625 0.038501026694045176
0 0.299072265625 0.07546201232032854 0.0361328125 0.039014373716632446
0 0.869140625 0.2671971252566735 0.0361328125 0.039014373716632446
0 0.26708984375 0.3919404517453799 0.03662109375 0.038501026694045176
0 0.5380859375 0.23331622176591377 0.037109375 0.03747433264887064
0 0.79345703125 0.5272073921971252 0.037109375 0.037987679671457907
0 0.726806640625 0.5300308008213552 0.0361328125 0.0364476386036961
0 0.570068359375 0.03362422997946612 0.03662109375 0.038501026694045176
0 0.449951171875 0.19532854209445585 0.03662109375 0.03696098562628337
0 0.0810546875 0.3521560574948665 0.03662109375 0.038501026694045176
0 0.782470703125 0.43121149897330596 0.037109375 0.03747433264887064
0 0.8671875 0.37063655030800824 0.03662109375 0.038501026694045176
0 0.09521484375 0.3241786447638604 0.0361328125 0.038501026694045176
0 0.239013671875 0.27489733059548255 0.03662109375 0.04004106776180698
0 0.4765625 0.49358316221765913 0.03662109375 0.037987679671457907
0 0.7099609375 0.6232032854209446 0.03662109375 0.037987679671457907
0 0.727294921875 0.44096509240246407 0.037109375 0.03747433264887064
0 0.68408203125 0.6932751540041068 0.0380859375 0.039014373716632446
0 0.140380859375 0.2515400410677618 0.03759765625 0.04004106776180698
0 0.341796875 0.47664271047227924 0.03564453125 0.039014373716632446
0 0.691650390625 0.6445071868583162 0.0361328125 0.03747433264887064
0 0.88525390625 0.7612936344969199 0.037109375 0.037987679671457907
0 0.706298828125 0.11627310061601642 0.0361328125 0.03696098562628337
0 0.6416015625 0.6162731006160165 0.03564453125 0.03593429158110883
0 0.81201171875 0.6855749486652978 0.03564453125 0.03747433264887064
0 0.63671875 0.6445071868583162 0.03515625 0.03593429158110883
0 0.7607421875 0.669917864476386 0.03564453125 0.03696098562628337
0 0.45654296875 0.5556981519507187 0.03662109375 0.037987679671457907
0 0.79541015625 0.7343429158110883 0.03662109375 0.03747433264887064
0 0.8369140625 0.6614476386036962 0.03564453125 0.03747433264887064
0 0.821044921875 0.5066735112936345 0.03515625 0.03593429158110883
0 0.857177734375 0.7820841889117043 0.0380859375 0.038501026694045176
0 0.73779296875 0.09984599589322382 0.03857421875 0.039527720739219716
0 0.134765625 0.21509240246406572 0.037109375 0.039014373716632446
0 0.405029296875 0.3400924024640657 0.0400390625 0.04004106776180698
0 0.943359375 0.6375770020533881 0.0380859375 0.039014373716632446
0 0.95556640625 0.5749486652977412 0.03759765625 0.039014373716632446
0 0.709228515625 0.5888090349075975 0.03759765625 0.039527720739219716
0 0.7294921875 0.7487166324435318 0.0390625 0.04004106776180698
0 0.709716796875 0.7215092402464066 0.0380859375 0.04004106776180698
0 0.903564453125 0.7376796714579056 0.0341796875 0.0364476386036961
0 0.587890625 0.641170431211499 0.03564453125 0.039527720739219716
0 0.959228515625 0.5002566735112937 0.037109375 0.038501026694045176
0 0.95654296875 0.46329568788501024 0.037109375 0.039014373716632446
0 0.107666015625 0.2515400410677618 0.0361328125 0.039527720739219716
0 0.364013671875 0.051078028747433266 0.0361328125 0.039527720739219716
0 0.85888671875 0.6016427104722792 0.04296875 0.044147843942505136
0 0.794189453125 0.6018993839835729 0.03759765625 0.043634496919917866
0 0.848876953125 0.7017453798767967 0.0390625 0.039527720739219716
0 0.93115234375 0.5528747433264887 0.04345703125 0.039527720739219716
0 0.8623046875 0.5295174537987679 0.044921875 0.043121149897330596
0 0.73974609375 0.6427104722792608 0.03466796875 0.04055441478439425
0 0.763671875 0.4463552361396304 0.04052734375 0.04209445585215606
0 0.828125 0.441735112936345 0.04443359375 0.037987679671457907
0 0.814453125 0.41196098562628336 0.04150390625 0.04106776180698152
0 0.83935546875 0.39399383983572894 0.0400390625 0.03747433264887064
0 0.945068359375 0.3968172484599589 0.04248046875 0.043634496919917866
0 0.909423828125 0.3844969199178645 0.03662109375 0.037987679671457907
0 0.89990234375 0.3531827515400411 0.04150390625 0.037987679671457907
0 0.8115234375 0.3739733059548255 0.03857421875 0.04158110882956879
0 0.7568359375 0.3336755646817248 0.037109375 0.04004106776180698
0 0.724853515625 0.33906570841889117 0.0439453125 0.04209445585215606
0 0.71142578125 0.27874743326488705 0.041015625 0.045174537987679675
0 0.7705078125 0.24435318275154005 0.0390625 0.04004106776180698
0 0.877197265625 0.24050308008213553 0.04443359375 0.044661190965092405
0 0.798583984375 0.175564681724846 0.0400390625 0.045174537987679675
0 0.729248046875 0.17222792607802875 0.0400390625 0.037987679671457907
0 0.69970703125 0.15272073921971252 0.03662109375 0.04260780287474333
0 0.666259765625 0.14168377823408623 0.03662109375 0.04209445585215606
0 0.733642578125 0.1375770020533881 0.0400390625 0.04106776180698152
0 0.67626953125 0.10523613963039015 0.0400390625 0.043634496919917866
0 0.643798828125 0.11242299794661191 0.03857421875 0.04568788501026694
0 0.687255859375 0.22279260780287474 0.03759765625 0.037987679671457907
0 0.65380859375 0.2158624229979466 0.0380859375 0.044147843942505136
0 0.68505859375 0.3834702258726899 0.0400390625 0.038501026694045176
0 0.57177734375 0.46919917864476385 0.03466796875 0.038501026694045176
0 0.488037109375 0.4173511293634497 0.041015625 0.038501026694045176
0 0.388671875 0.41170431211498976 0.037109375 0.04260780287474333
0 0.364013671875 0.40836755646817247 0.03857421875 0.038501026694045176
0 0.34619140625 0.43865503080082136 0.0390625 0.04055441478439425
0 0.4697265625 0.3436858316221766 0.041015625 0.044147843942505136
0 0.436767578125 0.3603696098562628 0.03466796875 0.038501026694045176
0 0.442138671875 0.3252053388090349 0.0390625 0.0364476386036961
0 0.475830078125 0.2728439425051335 0.0419921875 0.04260780287474333
0 0.417724609375 0.2597535934291581 0.0380859375 0.039014373716632446
0 0.431396484375 0.2292094455852156 0.03759765625 0.0364476386036961
0 0.465087890625 0.2171457905544148 0.03662109375 0.0364476386036961
0 0.35009765625 0.18916837782340862 0.0361328125 0.03747433264887064
0 0.39892578125 0.14296714579055442 0.0380859375 0.04158110882956879
0 0.36474609375 0.15426078028747434 0.0341796875 0.033367556468172486
0 0.379638671875 0.3311088295687885 0.03271484375 0.04158110882956879
0 0.353515625 0.3131416837782341 0.03466796875 0.039527720739219716
0 0.34814453125 0.2769507186858316 0.033203125 0.043634496919917866
0 0.3115234375 0.3193018480492813 0.03369140625 0.04260780287474333
0 0.19482421875 0.43403490759753593 0.03759765625 0.043634496919917866
0 0.28271484375 0.3655030800821355 0.03564453125 0.043121149897330596
0 0.296875 0.28593429158110883 0.03515625 0.0364476386036961
0 0.17529296875 0.2433264887063655 0.0390625 0.03747433264887064
0 0.2666015625 0.21380903490759753 0.041015625 0.045174537987679675
0 0.15283203125 0.1904517453798768 0.03857421875 0.04260780287474333
0 0.292724609375 0.12089322381930184 0.041015625 0.03696098562628337