0 0.62109375 0.08316221765913757 0.04052734375 0.04260780287474333
0 0.688232421875 0.11242299794661191 0.04052734375 0.043121149897330596
0 0.48779296875 0.3144250513347023 0.0390625 0.04209445585215606
0 0.5126953125 0.15965092402464065 0.0400390625 0.04260780287474333
0 0.643798828125 0.4432751540041068 0.04052734375 0.04209445585215606
0 0.759765625 0.1935318275154004 0.04296875 0.045174537987679675
0 0.266357421875 0.09214579055441478 0.04150390625 0.043121149897330596
0 0.65869140625 0.13141683778234087 0.041015625 0.043121149897330596
0 0.93115234375 0.6724845995893224 0.04150390625 0.044147843942505136
0 0.640380859375 0.31288501026694043 0.0400390625 0.04055441478439425
0 0.77978515625 0.3891170431211499 0.0400390625 0.043634496919917866
0 0.61083984375 0.046457905544147846 0.04150390625 0.044661190965092405
0 0.668212890625 0.4686858316221766 0.03955078125 0.04055441478439425
0 0.741455078125 0.34265913757700206 0.0400390625 0.043634496919917866
0 0.711669921875 0.385523613963039 0.0400390625 0.04209445585215606
0 0.67529296875 0.28952772073921973 0.041015625 0.043121149897330596
0 0.5859375 0.21534907597535935 0.03955078125 0.043121149897330596
0 0.685546875 0.14784394250513347 0.0419921875 0.04568788501026694
0 0.378173828125 0.047741273100616016 0.03955078125 0.04260780287474333
0 0.326904296875 0.3334188911704312 0.04150390625 0.043634496919917866
0 0.41943359375 0.3981006160164271 0.0390625 0.04055441478439425
0 0.52978515625 0.32725872689938396 0.03955078125 0.04106776180698152
0 0.594970703125 0.11190965092402463 0.0390625 0.04260780287474333
0 0.92138671875 0.5374743326488707 0.04052734375 0.04260780287474333
0 0.724609375 0.2037987679671458 0.04150390625 0.045174537987679675
0 0.77099609375 0.8395790554414785 0.0390625 0.04209445585215606
0 0.41552734375 0.2597535934291581 0.04150390625 0.044147843942505136
0 0.380615234375 0.1049794661190965 0.04150390625 0.044147843942505136
0 0.5302734375 0.455082135523614 0.0390625 0.043121149897330596
0 0.6455078125 0.4078542094455852 0.0400390625 0.04055441478439425
0 0.887451171875 0.5829055441478439 0.04150390625 0.04260780287474333
0 0.526611328125 0.1919917864476386 0.03955078125 0.04209445585215606
0 0.479248046875 0.3785934291581109 0.04052734375 0.04158110882956879
0 0.26513671875 0.12885010266940453 0.04052734375 0.04260780287474333
0 0.628662109375 0.11858316221765913 0.041015625 0.043634496919917866
0 0.8818359375 0.5171971252566735 0.03955078125 0.04209445585215606
0 0.68359375 0.18557494866529775 0.041015625 0.044147843942505136
0 0.866455078125 0.8018480492813141 0.04150390625 0.04209445585215606
0 0.86474609375 0.688911704312115 0.04150390625 0.043634496919917866
0 0.64599609375 0.05646817248459959 0.041015625 0.044661190965092405
0 0.6474609375 0.24127310061601642 0.03955078125 0.04158110882956879
0 0.841796875 0.3796201232032854 0.041015625 0.04260780287474333
0 0.44091796875 0.1668377823408624 0.04150390625 0.044661190965092405
0 0.5400390625 0.03413757700205339 0.0380859375 0.04106776180698152
0 0.50830078125 0.031570841889117046 0.0400390625 0.044147843942505136
0 0.837890625 0.34779260780287474 0.04052734375 0.043634496919917866
0 0.811767578125 0.7168891170431212 0.0419921875 0.04158110882956879
0 0.715576171875 0.24229979466119098 0.04052734375 0.04260780287474333
0 0.3427734375 0.056981519507186856 0.0419921875 0.043121149897330596
0 0.2998046875 0.07623203285420944 0.041015625 0.043121149897330596
0 0.801513671875 0.8246919917864476 0.03955078125 0.04158110882956879
0 0.882568359375 0.7215092402464066 0.0419921875 0.044661190965092405
0 0.600830078125 0.6565708418891171 0.041015625 0.04260780287474333
0 0.494140625 0.5834188911704312 0.0390625 0.04158110882956879
0 0.411865234375 0.03875770020533881 0.04052734375 0.043121149897330596
0 0.45263671875 0.03259753593429158 0.0400390625 0.044147843942505136
0 0.237548828125 0.11216632443531828 0.03955078125 0.04260780287474333
0 0.784423828125 0.2276694045174538 0.0419921875 0.044147843942505136
0 0.834716796875 0.46894250513347024 0.041015625 0.04260780287474333
0 0.28564453125 0.27618069815195073 0.04150390625 0.044147843942505136
0 0.65478515625 0.7900410677618069 0.0419921875 0.043634496919917866
0 0.8525390625 0.7571868583162218 0.04248046875 0.043634496919917866
0 0.42919921875 0.4258213552361396 0.03955078125 0.04158110882956879
0 0.770263671875 0.8762833675564682 0.04150390625 0.04158110882956879
0 0.243408203125 0.15888090349075976 0.0400390625 0.043121149897330596
0 0.18359375 0.15220739219712526 0.041015625 0.043634496919917866
0 0.84521484375 0.24820328542094455 0.04150390625 0.043121149897330596
0 0.831787109375 0.8429158110882957 0.0400390625 0.04158110882956879
0 0.5361328125 0.721252566735113 0.0390625 0.04055441478439425
0 0.59423828125 0.766170431211499 0.0400390625 0.04158110882956879
0 0.68896484375 0.5248973305954825 0.04052734375 0.04158110882956879
0 0.452880859375 0.5469712525667351 0.03955078125 0.04260780287474333
0 0.89892578125 0.6776180698151951 0.04052734375 0.04158110882956879
0 0.91259765625 0.50282340862423 0.04150390625 0.043634496919917866
0 0.79638671875 0.6955852156057495 0.0400390625 0.04106776180698152
0 0.343505859375 0.3996406570841889 0.04052734375 0.043121149897330596
0 0.841064453125 0.6532340862422998 0.04248046875 0.043634496919917866
0 0.789794921875 0.3252053388090349 0.0400390625 0.043121149897330596
0 0.504150390625 0.6478439425051334 0.0390625 0.04106776180698152
0 0.688232421875 0.5233572895277208 0.03955078125 0.039527720739219716
0 0.647216796875 0.7535934291581109 0.0419921875 0.044147843942505136
0 0.193603515625 0.19019507186858317 0.041015625 0.043634496919917866
0 0.561279296875 0.46765913757700206 0.03857421875 0.04209445585215606
0 0.488037109375 0.6789014373716632 0.0400390625 0.043121149897330596
0 0.955322265625 0.561858316221766 0.04150390625 0.043634496919917866
0 0.591552734375 0.4450718685831622 0.0400390625 0.04209445585215606
0 0.694580078125 0.8637063655030801 0.03955078125 0.04158110882956879
0 0.146728515625 0.2135523613963039 0.04296875 0.045174537987679675
0 0.525634765625 0.5233572895277208 0.04052734375 0.04260780287474333
0 0.81884765625 0.49691991786447637 0.041015625 0.043121149897330596
0 0.80224609375 0.8603696098562629 0.04052734375 0.04158110882956879
0 0.674072265625 0.5492813141683778 0.04296875 0.043634496919917866
0 0.8173828125 0.6273100616016427 0.0419921875 0.043634496919917866
0 0.705078125 0.6611909650924025 0.04052734375 0.043634496919917866
0 0.538330078125 0.6262833675564682 0.0390625 0.039527720739219716
0 0.735595703125 0.8752566735112937 0.041015625 0.043634496919917866
0 0.72265625 0.6894250513347022 0.04150390625 0.043121149897330596
0 0.783935546875 0.16529774127310062 0.041015625 0.045174537987679675
0 0.64453125 0.5236139630390144 0.041015625 0.04260780287474333
0 0.388427734375 0.4196611909650924 0.04150390625 0.044147843942505136
0 0.160888671875 0.17890143737166325 0.04150390625 0.044147843942505136
0 0.65234375 0.8447125256673511 0.04296875 0.044147843942505136
0 0.66552734375 0.8752566735112937 0.041015625 0.043634496919917866
0 0.712646484375 0.6265400410677618 0.041015625 0.043121149897330596
0 0.72216796875 0.8416324435318275 0.041015625 0.04260780287474333
0 0.53466796875 0.688141683778234 0.0390625 0.04055441478439425
0 0.505615234375 0.6124229979466119 0.0380859375 0.04106776180698152
0 0.616455078125 0.7279260780287474 0.041015625 0.043121149897330596
0 0.451904296875 0.5857289527720739 0.03857421875 0.04158110882956879
0 0.89453125 0.5521047227926078 0.0400390625 0.04260780287474333
0 0.90087890625 0.7446098562628337 0.04150390625 0.04260780287474333
0 0.95068359375 0.44455852156057496 0.04052734375 0.04209445585215606
0 0.807373046875 0.15888090349075976 0.044921875 0.047741273100616016
0 0.288330078125 0.3133983572895277 0.04150390625 0.043121149897330596
0 0.422607421875 0.5215605749486653 0.0400390625 0.043634496919917866
0 0.214111328125 0.2194558521560575 0.0419921875 0.044661190965092405
0 0.745361328125 0.8218685831622177 0.0390625 0.047741273100616016
0 0.73681640625 0.7959445585215605 0.0361328125 0.04004106776180698
0 0.67724609375 0.8198151950718686 0.04150390625 0.04671457905544148
0 0.69091796875 0.7795174537987679 0.04345703125 0.049794661190965095
0 0.832763671875 0.813141683778234 0.03857421875 0.04260780287474333
0 0.838134765625 0.784394250513347 0.041015625 0.043121149897330596
0 0.5859375 0.7402464065708418 0.04638671875 0.052361396303901436
0 0.661865234375 0.7279260780287474 0.056640625 0.06262833675564682
0 0.540283203125 0.6624743326488707 0.0458984375 0.049794661190965095
0 0.732177734375 0.4355749486652977 0.04833984375 0.054414784394250515
0 0.71142578125 0.4219712525667351 0.037109375 0.057494866529774126
0 0.744140625 0.37833675564681724 0.04296875 0.048767967145790556
0 0.87890625 0.39014373716632444 0.04345703125 0.044147843942505136
0 0.927734375 0.337782340862423 0.05078125 0.049794661190965095
0 0.80126953125 0.19173511293634496 0.04248046875 0.04671457905544148
0 0.642578125 0.38193018480492813 0.056640625 0.049281314168377825
0 0.67236328125 0.32571868583162217 0.0498046875 0.05082135523613963
0 0.761962890625 0.29440451745379875 0.05322265625 0.0513347022587269
0 0.50439453125 0.3444558521560575 0.04248046875 0.049794661190965095
0 0.578125 0.37089322381930184 0.04736328125 0.048254620123203286
0 0.42822265625 0.3475359342915811 0.041015625 0.048254620123203286
0 0.376220703125 0.3347022587268994 0.04638671875 0.05082135523613963
0 0.416015625 0.3193018480492813 0.04736328125 0.05184804928131417
0 0.387451171875 0.2946611909650924 0.0517578125 0.059548254620123205
0 0.45166015625 0.25282340862423 0.04443359375 0.055441478439425054
0 0.48681640625 0.25667351129363447 0.05322265625 0.058521560574948665
0 0.516357421875 0.26026694045174537 0.0419921875 0.05082135523613963
0 0.505859375 0.22048254620123203 0.05078125 0.058521560574948665
0 0.474609375 0.21996919917864477 0.03857421875 0.047741273100616016
0 0.45556640625 0.19507186858316222 0.04541015625 0.052874743326488706
0 0.549072265625 0.20071868583162217 0.05126953125 0.048254620123203286
0 0.70458984375 0.276694045174538 0.0390625 0.04568788501026694
0 0.616943359375 0.15066735112936344 0.0419921875 0.04568788501026694
0 0.58251953125 0.14835728952772073 0.04345703125 0.043634496919917866
0 0.524169921875 0.09573921971252566 0.04638671875 0.04722792607802875
0 0.51513671875 0.06416837782340862 0.0400390625 0.039527720739219716
0 0.4892578125 0.09317248459958932 0.0439453125 0.043121149897330596
0 0.468994140625 0.12294661190965092 0.0478515625 0.05082135523613963
0 0.44091796875 0.13013347022587268 0.04052734375 0.0513347022587269
0 0.42041015625 0.1049794661190965 0.0498046875 0.055441478439425054
0 0.400634765625 0.13552361396303902 0.037109375 0.050308008213552365
0 0.46240234375 0.08932238193018481 0.05078125 0.0513347022587269
0 0.48388671875 0.054671457905544146 0.048828125 0.0513347022587269
0 0.3994140625 0.0752053388090349 0.05322265625 0.054414784394250515
0 0.3642578125 0.08290554414784394 0.05126953125 0.052874743326488706
0 0.350341796875 0.11935318275154004 0.044921875 0.048254620123203286
0 0.322998046875 0.0944558521560575 0.0576171875 0.06416837782340862
0 0.322021484375 0.1360369609856263 0.03955078125 0.049794661190965095
0 0.290771484375 0.14758726899383984 0.0419921875 0.043121149897330596
0 0.263671875 0.17428131416837783 0.0595703125 0.05082135523613963
0 0.2841796875 0.20508213552361396 0.0439453125 0.04568788501026694
0 0.250732421875 0.22638603696098564 0.04833984375 0.044661190965092405
0 0.22802734375 0.1904517453798768 0.041015625 0.044661190965092405
0 0.260986328125 0.2546201232032854 0.04931640625 0.049794661190965095
0 0.286376953125 0.2358829568788501 0.0546875 0.059548254620123205
0 0.31103515625 0.2492299794661191 0.05126953125 0.04722792607802875
0 0.319580078125 0.21637577002053388 0.03369140625 0.04158110882956879
0 0.30908203125 0.17582135523613962 0.06787109375 0.059034907597535935
0 0.348876953125 0.1735112936344969 0.03857421875 0.038501026694045176