0 0.44213737008585635 0.9060576340478284 0.03588793492995934 0.037858500868955335
0 0.46923633077270677 0.8690970195716743 0.034487121554450995 0.03792501097212562
0 0.40185720741075465 0.8110859574420705 0.03600994125621326 0.03737867798179685
0 0.3605964753727971 0.38475144539778483 0.03555354722096704 0.03593445859866705
0 0.11950745594216 0.37499821384000276 0.03628558517849073 0.03679908993988295
0 0.2171622232263895 0.7967150244355966 0.036163578852236755 0.038438088910869236
0 0.26000903750564847 0.42222988853433746 0.03634432896520556 0.037668472002753924
0 0.4890149118843199 0.44712367000670855 0.03454586534116588 0.03577293406239594
0 0.046814279258924535 0.40990651656118277 0.034943515589697244 0.03837157880769872
0 0.20324898328061455 0.8239224073539687 0.035219159511974685 0.036960614476154174
0 0.6250022593764122 0.9543107138979949 0.03534116583822855 0.036062728083353014
0 0.32031179394487125 0.651437956224698 0.035951197469498375 0.03792501097212562
0 0.46997288748305466 0.5302898032997103 0.03561229100768193 0.035996217980182495
0 0.45434704021690014 0.8382933403604425 0.03634432896520556 0.037440437363312415
0 0.4843741527338455 0.7520534901566346 0.03475824672390415 0.03779674148743977
0 0.3459466787166742 0.7838785745236985 0.03506552191595125 0.037312167878626575
0 0.6669905106190691 0.883467952578148 0.034609127880705026 0.037440437363312415
0 0.22937189335743335 0.6827499626530182 0.03607320379575235 0.03837157880769872
0 0.258544961590601 0.7423002585988526 0.037474017171260754 0.038210054271427735
0 0.3015137821961139 0.5415822686737229 0.03671486669679169 0.03737867798179685
0 0.05059647537279711 0.3785945101328625 0.03643922277451424 0.03721715344552587
0 0.40844554902846814 0.6021539697753892 0.03396746497966563 0.03545463571150869
0 0.2939448712155445 0.4812623558197732 0.03802530501581558 0.03872788293182619
0 0.13720741075463172 0.4745875918944524 0.0365612291007682 0.037925010972125736
0 0.20532309082693176 0.2682257446431438 0.03534116583822866 0.0366708204551971
0 0.39111161319475823 0.44918073248333773 0.03442385901491185 0.037088883960839904
0 0.2575689109805694 0.45379843393202945 0.03643922277451428 0.037440437363312415
0 0.10614098508811567 0.4715091242619912 0.03506552191595119 0.0366708204551971
0 0.6596701310438319 0.9435313264627259 0.03549028468142801 0.038020025405226324
0 0.15051061906913693 0.3134003568608493 0.03607320379575235 0.03773023138426937
0 0.29174875734297334 0.9188893332380715 0.0365612291007682 0.03837157880769872
0 0.24450519656574787 0.2851620673433352 0.034609127880704915 0.03593445859866705
0 0.40112516945323096 0.9614985557620594 0.03732489832806141 0.03808178478674189
0 0.26000903750564847 0.90195301053788 0.03677361048350658 0.037858500868955335
0 0.4497062810664257 0.40400612026563215 0.034609127880704915 0.03648079158899581
0 0.5527338454586534 0.9702256314423544 0.03475824672390426 0.03756870684799826
0 0.391843651152282 0.552361656108992 0.03353818346136461 0.03872788293182631
0 0.34936737460460915 0.6314184151703903 0.03506552191595125 0.03756870684799826
0 0.5737324898328062 0.8875773268097512 0.03539990962494355 0.03878964231334164
0 0.16003615002259378 0.7079050338164161 0.03628558517849073 0.03779674148743977
0 0.7880840488025305 0.8270008749864298 0.036222322638951754 0.03792501097212562
0 0.5361319475824673 0.5213061886500434 0.034699502937189264 0.037155394064010416
0 0.12573429733393585 0.703800410306468 0.03616357885223681 0.037668472002753924
0 0.2746588341617714 0.8357279506667249 0.03600994125621326 0.03638577715589522
0 0.16992318120198827 0.8244354852927123 0.03588793492995934 0.03702712457932446
0 0.8212878445549029 0.8372671844829555 0.035951197469498375 0.03924096087056969
0 0.37646633529145956 0.28593643497310556 0.03769091730682328 0.03721715344552587
0 0.6127925892453683 0.9250510192246489 0.03454586534116588 0.037312167878626575
0 0.41137821961138726 0.7084181117551597 0.034609127880704915 0.03814829488991217
0 0.33252146407591504 0.9399397808915212 0.036163578852236755 0.03779674148743977
0 0.7363262539539087 0.7520534901566346 0.03732489832806141 0.038951166849612855
0 0.25 0.38911735859875984 0.03539990962494355 0.037155394064010416
0 0.3598644374152734 0.46124281476546564 0.0354902846814279 0.036062728083352896
0 0.10668775417984636 0.5410691907349794 0.03671486669679169 0.03888465674644234
0 0.17285133303208314 0.6432239584831466 0.03549028468142795 0.037440437363312415
0 0.5351558969724356 0.5590364200343129 0.03475824672390426 0.0366708204551971
0 0.2595210122006327 0.31776151934016933 0.03436059647537282 0.03465176375180823
0 0.32104383190239494 0.38680850787441395 0.03698599186624496 0.03593445859866705
0 0.3330094893809309 0.874745627619508 0.03710799819249888 0.04042389056267297
0 0.3317849073655671 0.5472261259999017 0.03643922277451428 0.034908302721179924
0 0.2937008585630366 0.3041602032418108 0.03506552191595125 0.037088883960839904
0 0.6982422051513782 0.8151953316736738 0.03475824672390426 0.037668472002753924
0 0.2709941256213285 0.2764397423846952 0.037202892001807486 0.03939773468518584
0 0.0733032083145052 0.5159141195715815 0.03656122910076817 0.038499848292384564
0 0.3249525530953457 0.9091361016802895 0.03506552191595125 0.03673733055836762
0 0.2292498870311794 0.2148371346838868 0.03622232263895164 0.03545463571150869
0 0.4562991414369634 0.36807166166696514 0.034821509263443295 0.036960614476154056
0 0.4267600542250339 0.9337780949049439 0.03534116583822866 0.03686560004305347
0 0.8579123361952101 0.7494881004629171 0.03408947130591966 0.037440437363312415
0 0.5805648441030276 0.9260771751021359 0.03408947130591966 0.03612448746486834
0 0.7070311793944872 0.6504118003472109 0.03671486669679158 0.03872788293182631
0 0.2849118843199277 0.8105728795033269 0.03671486669679169 0.03901292623112819
0 0.4152824220515138 0.8413765587145586 0.03436059647537282 0.037440437363312415
0 0.17102123813827386 0.2561589116393609 0.03423859014911884 0.03484179261800952
0 0.5615228197017623 0.6001016580204152 0.034821509263443406 0.038020025405226324
0 0.5576186172616358 0.917350099421841 0.03527790329868963 0.03792501097212562
0 0.534179846362404 0.9389136250140341 0.03408947130591966 0.03619099756803886
0 0.06231812019882513 0.3439427463810543 0.03671486669679169 0.03830981942618339
0 0.4094215996384998 0.3534394389694646 0.035155896972435596 0.03756870684799826
0 0.10174423859014912 0.2493606289510091 0.03710799819249888 0.03599621798018244
0 0.7075192046995029 0.7772085613200326 0.03769091730682339 0.04113174808927272
0 0.14294622684139177 0.19533067156832273 0.035829191143244454 0.0361909975680388
0 0.7563488477180298 0.8105728795033269 0.03515589697243571 0.03702712457932446
0 0.08819701762313602 0.2769528203234388 0.038694080433800265 0.03808178478674177
0 0.42553547220967014 0.47433105292508065 0.036497966561229056 0.03821005427142762
0 0.2028829643018527 0.4984599682109914 0.03561229100768187 0.03821005427142762
0 0.07452327157704473 0.6673528737690574 0.03588793492995934 0.03708888396084002
0 0.7294938996836873 0.9086230237415459 0.03527790329868963 0.03808178478674189
0 0.1531992769995481 0.3816729777653236 0.03539990962494355 0.037925010972125736
0 0.07751468594667872 0.3005639069489511 0.03817894261183913 0.03756870684799826
0 0.8823226389516493 0.7176582653741983 0.03573429733393585 0.038020025405226324
0 0.2290058743786715 0.6119119520548263 0.03595119746949843 0.037312167878626575
0 0.04840036150022594 0.5718681192245562 0.0364979665612291 0.03837157880769872
0 0.23632625395390874 0.5503093443540178 0.03539990962494349 0.03686560004305347
0 0.12524627202892002 0.6386015063127998 0.036985991866244905 0.037440437363312415
0 0.33398553999096253 0.41041959449992627 0.034943515589697216 0.034713523133323564
0 0.269774062358789 0.2098298740594824 0.03790329868956166 0.038661372828655734
0 0.14159963849977408 0.5431215024899534 0.03588793492995934 0.03814829488991217
0 0.889159511974695 0.7535927239728653 0.034821509263443184 0.03686560004305347
0 0.2763669227293267 0.24242932605631648 0.03704925440578399 0.0365425509705112
0 0.06408495255309535 0.6401454908506854 0.03677361048350655 0.036542550970511255
0 0.7739267962042476 0.6719705752177492 0.0368956168097605 0.039849053242414015
0 0.22290103931314956 0.374741674870631 0.03790329868956166 0.03756870684799826
0 0.2973610483506552 0.5071870438912863 0.03643922277451428 0.038499848292384564
0 0.14587437867148667 0.5790559610886205 0.03488025305015818 0.03792501097212562
0 0.8691414369633982 0.7843964031840969 0.03549028468142801 0.03721715344552587
0 0.5859376412110258 0.5102655115237476 0.03521915951197463 0.03808178478674177
0 0.32641662901039314 0.43994057886429916 0.03506552191595125 0.03497006210269537
0 0.846678716674198 0.8121168640412126 0.03402620876638052 0.038499848292384564
0 0.11456394035246273 0.5651933552992351 0.03710799819249888 0.03779674148743977
0 0.7226570266606417 0.6180688873197486 0.03677361048350658 0.040362131181157404
0 0.1695571622232264 0.17145829525178363 0.03710799819249888 0.036960614476154056
0 0.5527338454586534 0.4407101957724145 0.036009941256213374 0.03975403880931331
0 0.11779936737460461 0.2176590633469762 0.03683687302304561 0.03773023138426937
0 0.35400361500225935 0.2566719895781044 0.03588793492995934 0.03731216787862646
0 0.32079981924988704 0.23665244852379674 0.03634432896520556 0.0365425509705112
0 0.7250971531857208 0.7926056502039934 0.036285585178490676 0.038499848292384564
0 0.6523452327157705 0.508726277707517 0.03573429733393585 0.03830981942618339
0 0.40014460009037506 0.2584725130853618 0.03811568007230004 0.03952600416987169
0 0.44745594215996387 0.4392137184510792 0.036800723000451896 0.041326527677129084
0 0.5020289200180751 0.5267030084501606 0.037216448260280144 0.04044764417094797
0 0.526701310438319 0.596605126882311 0.03805693628558515 0.04660457943587024
0 0.5377858111161319 0.6243065848528065 0.033456845910528665 0.043963178195672185
0 0.5216854948034343 0.6581554766449143 0.03638047898779928 0.041326527677129084
0 0.4848847718029824 0.6531007088039594 0.034708540442837776 0.038248060044667825
0 0.46878445549028475 0.6177078324739661 0.03429281518300953 0.03781099365240487
0 0.49659286037053785 0.594410293477686 0.03805693628558515 0.045725695929689364
0 0.4487121554450972 0.6535425259178775 0.03596475372797103 0.04616276232195233
0 0.2684726615454135 0.6753055818195821 0.03847266154541351 0.043963178195672185
0 0.3544103027564392 0.7159717591866616 0.034708540442837776 0.04264722829722811
0 0.36549480343425217 0.7498254017004243 0.0434929959331225 0.040010577778685004
0 0.38891098056936285 0.7313593466273124 0.033456845910528665 0.047041645828133444
0 0.4102394938996837 0.7544431031491161 0.03596475372797103 0.045725695929689364
0 0.41588341617713515 0.781921277201825 0.05729326705829196 0.044404995309590335
0 0.47944871215544516 0.802145099287299 0.04390872119295075 0.044404995309590335
0 0.43700406687754184 0.731140813431181 0.03930863081789426 0.0448420617018533
0 0.5137370085856304 0.8131335184753895 0.03387257117035691 0.040010577778685004
0 0.5515860822413015 0.8166538032217687 0.047672842295526374 0.041768344791047234
0 0.6111748757342973 0.7929096963899155 0.04307275192046989 0.047041645828133444
0 0.6205829191143244 0.8311625071562385 0.04516493447808401 0.04616276232195233
0 0.6544554902846814 0.7696074066719804 0.03930863081789426 0.04792052933431432
0 0.6770402169001356 0.7515831687127864 0.03596475372797103 0.038248060044667825
0 0.704220515137822 0.7379533482844977 0.03512878445549017 0.04616276232195233
0 0.684568459105287 0.714432525370431 0.03930863081789426 0.0448420617018533
0 0.678504292815183 0.6737663480033514 0.038892905558066015 0.04264722829722811
0 0.6816403072751921 0.6346346537308475 0.0384726615454134 0.04352611180340923
0 0.6274830546769091 0.6293613526937613 0.038892905558066015 0.038248060044667825
0 0.738093086308179 0.71575322599053 0.03429281518300953 0.045725695929689364
0 0.7554496159060099 0.773346224614491 0.038892905558066015 0.04660457943587024
0 0.676412110257569 0.7986248145409197 0.04307275192046989 0.04088946128486612
0 0.5304654315408948 0.8509445121277944 0.04056484410302752 0.041768344791047234
0 0.5419656574785359 0.880403737110652 0.0384726615454134 0.04792052933431432
0 0.5181292363307727 0.9083189775556239 0.052693176683235476 0.045725695929689364
0 0.29649344780840486 0.8823800373191454 0.04098056936285588 0.041326527677129084
0 0.27056484410302756 0.8678713333846758 0.044328965205603255 0.04044764417094797
0 0.09262991414369635 0.6181496495878842 0.03972887483054677 0.04924122995441359
0 0.1200180750112969 0.602543528951102 0.04600090375056484 0.04264722829722811
0 0.14134658834161773 0.7372929979744482 0.04181653863533663 0.04308429468949108
0 0.18211929507455943 0.7331171136396746 0.048093086308178934 0.05407746459923683
0 0.16351107094441936 0.7575168200599223 0.03930863081789426 0.05363564748531868
0 0.22456394035246272 0.731140813431181 0.03930863081789426 0.041326527677129084
0 0.24066425666516045 0.7652129891410752 0.034708540442837776 0.05319858109305572
0 0.2049118843199277 0.6572765931387332 0.04349299593312245 0.04660457943587048
0 0.3935110709444194 0.48273507953283334 0.044328965205603255 0.045725695929689364
0 0.35963849977406237 0.5678110029311582 0.03847266154541351 0.045283878815771214
0 0.2325124265702666 0.44514736979821495 0.0434929959331225 0.04440499530959022
0 0.21954812471757795 0.40887560996204064 0.04265250790781744 0.03693211014622387
0 0.08635336647085405 0.36600984846868095 0.04223678264798916 0.05495634810541783
0 0.11061003163126977 0.40359755820329934 0.033872571170356996 0.038689877158585975
0 0.14908269317668324 0.41371184460686394 0.04390872119295075 0.0448420617018533
0 0.09471757794848623 0.4392137184510792 0.04390872119295075 0.05012011346059458
0 0.0606371441482151 0.43481455019851895 0.03596475372797109 0.03956876066476697
0 0.09994577496610936 0.5060373692507686 0.03596475372797109 0.03956876066476709
0 0.6440036150022594 0.9107370948780354 0.033456845910528665 0.050561930574512616