0 0.44238138273836425 0.9317257831499698 0.03534116583822866 0.037506947466482934
0 0.3718255761409851 0.9137585538506363 0.03539990962494355 0.03756870684799826
0 0.5395526434704022 0.6812107288367878 0.03396746497966552 0.037155394064010305
0 0.5380840488025305 0.8382933403604425 0.03488025305015818 0.03737867798179685
0 0.36645729778581115 0.579569039027364 0.03534116583822866 0.036542550970511255
0 0.28906461816538637 0.845481182224507 0.03732489832806141 0.039397734685185724
0 0.7915047446904654 0.8644745674013276 0.03643922277451428 0.037506947466482934
0 0.39819249887031183 0.890142716503469 0.03573429733393585 0.03792501097212562
0 0.04849073655671035 0.4006663629421442 0.03628558517849073 0.03849984829238468
0 0.389159511974695 0.7079050338164161 0.03521915951197474 0.035098331587381335
0 0.24011296882060554 0.6555425797346464 0.03475824672390421 0.03837157880769872
0 0.4580072300045188 0.9661210079324062 0.03628558517849079 0.039302720252085255
0 0.33862178038861274 0.5585233420955693 0.03454586534116588 0.035198096742136996
0 0.2849118843199277 0.6950733346261729 0.034821509263443295 0.038599613447140226
0 0.3078626299141437 0.6478416599318384 0.035155896972435596 0.03679908993988295
0 0.3581563488477181 0.7366516505510188 0.035951197469498375 0.03756870684799826
0 0.45751920469950297 0.795175790619366 0.03408947130591955 0.038020025405226324
0 0.36914143696339813 0.8783371731907127 0.03671486669679169 0.04013884726337085
0 0.6875011296882061 0.9265902530408795 0.034609127880705026 0.03737867798179685
0 0.6958020786262992 0.6360361166190821 0.036073203795752296 0.03808178478674189
0 0.5947266154541347 0.587269958830172 0.03436059647537282 0.035098331587381335
0 0.49633981021238144 0.6755668715106089 0.034487121554450995 0.03577293406239594
0 0.46386805241753276 0.8988697921837638 0.03396746497966563 0.03773023138426925
0 0.07824672390420244 0.5323421150546843 0.03555354722096701 0.037155394064010305
0 0.3222638951649345 0.8295710154018026 0.03622232263895164 0.03962576932462747
0 0.18188431992769996 0.20918852663605297 0.03396746497966563 0.036865600043053406
0 0.6191414369633982 0.723306873422032 0.036073203795752296 0.038438088910869236
0 0.6767600542250339 0.8706362533879048 0.035951197469498375 0.03872788293182631
0 0.47680524175327615 0.5492831884765309 0.033660189787618644 0.03779674148743977
0 0.37011748757342977 0.6149904196872875 0.03534116583822866 0.03532636622682284
0 0.1050429281518301 0.4817754337585167 0.036497966561229084 0.03686560004305347
0 0.5195300497062811 0.8085205677483529 0.03442385901491196 0.036960614476154174
0 0.5385720741075463 0.6165296535035181 0.03534116583822855 0.036257507671209145
0 0.7871079981924989 0.8280270308639169 0.03534116583822855 0.037440437363312415
0 0.4296882060551288 0.8978436363062768 0.035829191143244454 0.03830981942618339
0 0.12036150022593764 0.5456868921836712 0.03475824672390421 0.0366708204551971
0 0.36547672842295525 0.8408634807758152 0.0354902846814279 0.03872788293182631
0 0.09319927699954812 0.2621923281412523 0.036497966561229084 0.036609061073681656
0 0.1116312697695436 0.3734589800237722 0.03628558517849073 0.03808178478674177
0 0.4218752824220515 0.962011633700803 0.0354902846814279 0.03917445076739918
0 0.3928242205151379 0.7797739510137504 0.03430185268865793 0.03648079158899569
0 0.1804202440126525 0.6750490428502103 0.03600994125621326 0.03702712457932446
0 0.6079123361952101 0.8192999551836219 0.036073203795752296 0.03901292623112819
0 0.5297830998644375 0.9666340858711496 0.03326253953908731 0.036257507671209145
0 0.5615228197017623 0.964063945455777 0.03488025305015818 0.03888465674644234
0 0.1889652056032535 0.7058527220614421 0.03549028468142795 0.03814829488991217
0 0.15967013104383193 0.33701144348636164 0.03732489832806146 0.035996217980182495
0 0.32544057840036156 0.7900402605102758 0.0354902846814279 0.03708888396084002
0 0.7211929507455942 0.9117062420956621 0.03677361048350658 0.03756870684799826
0 0.7607410754631722 0.8855250150547772 0.035951197469498375 0.03779674148743977
0 0.15393131495707185 0.22882325923630295 0.03469950293718932 0.036257507671209256
0 0.08910980569362856 0.34419928535042604 0.0365612291007682 0.03888465674644234
0 0.3771983732489833 0.3619099756803878 0.03588793492995934 0.03737867798179697
0 0.49340713962946225 0.4165812804865036 0.03402620876638052 0.036385777155895103
0 0.6557614098508812 0.9409659367690082 0.03521915951197463 0.03773023138426925
0 0.6162087663804791 0.9537976359592515 0.034821509263443184 0.03888465674644234
0 0.8168956168097605 0.8398373248983281 0.034609127880705026 0.03756870684799826
0 0.2595210122006327 0.8157084096124172 0.0365612291007682 0.038438088910869236
0 0.1740713962946227 0.5857307250139414 0.03607320379575235 0.037312167878626575
0 0.7451152281970177 0.6858331810071345 0.035951197469498375 0.038951166849612855
0 0.30395390872119293 0.23896129924814263 0.03698599186624496 0.03785850086895522
0 0.1135878897424311 0.30390366427243903 0.03738364211477632 0.03808178478674177
0 0.5810528694080433 0.5616018097280305 0.034609127880705026 0.03619099756803886
0 0.17712607320379578 0.17274099009864244 0.036773610483506525 0.036062728083352896
0 0.8041979213737009 0.7946627126806225 0.034609127880705026 0.037858500868955335
0 0.8642566651604158 0.7915794943265064 0.03567555354722107 0.03808178478674189
0 0.19641211025756894 0.8054421001158918 0.03661997288748309 0.037440437363312415
0 0.12127880704925441 0.21586329056137385 0.035277903298689545 0.0362575076712092
0 0.43139629462268414 0.2874756687893361 0.03417984636240401 0.03558290519619465
0 0.36743334839584274 0.25256736606815616 0.035155896972435596 0.0362575076712092
0 0.3095707184816991 0.5064174269831712 0.03573429733393585 0.03631926705272471
0 0.5395526434704022 0.4458409751598497 0.034487121554450884 0.037440437363312415
0 0.07965205603253503 0.3901435144762469 0.035490284681427925 0.036190997568038744
0 0.09204247627654767 0.5651933552992351 0.03634432896520559 0.03808178478674189
0 0.1781021238138274 0.35549175072443867 0.03527790329868957 0.035711174680880496
0 0.6694351558969724 0.5734073530407866 0.03549028468142801 0.03779674148743977
0 0.14037957523723454 0.40477573717374743 0.037202892001807486 0.03821005427142762
0 0.23974694984184364 0.7202236550679159 0.035002259376412104 0.03808178478674189
0 0.4738770899231812 0.35472213381632334 0.033904202440126485 0.03593445859866705
0 0.3105467690917307 0.5079566607994017 0.035155896972435596 0.03401041632837876
0 0.3168956168097605 0.27361306299995086 0.03683687302304561 0.03872788293182619
0 0.8486308178942612 0.7556450357278393 0.035829191143244454 0.038438088910869236
0 0.44433800271125173 0.5420953466124664 0.033601446000903756 0.03708888396084002
0 0.4851061906913692 0.321353064911374 0.035002259376412104 0.038020025405226324
0 0.04098508811568007 0.5138618078166074 0.036344328965205605 0.03837157880769872
0 0.41772254857659286 0.5693027295308384 0.035002259376412104 0.03686560004305347
0 0.2536601897876186 0.17286925958332833 0.03430185268865793 0.0365425509705112
0 0.8915996384997741 0.7248461072382627 0.03769091730682339 0.039302720252085255
0 0.47119295074559425 0.4812623558197732 0.03567555354722096 0.037088883960839904
0 0.1855490284681428 0.5554401237414531 0.03595119746949843 0.037506947466482934
0 0.1479484862178039 0.19365841754575122 0.03555354722096704 0.036257507671209256
0 0.32079981924988704 0.4799796609729144 0.037596023497514675 0.03808178478674177
0 0.1676005422503389 0.42633451204428563 0.036773610483506525 0.03779674148743977
0 0.2734387708992318 0.3744851359012592 0.03506552191595125 0.03837157880769872
0 0.44335743334839584 0.3816729777653236 0.03442385901491185 0.03439522478243642
0 0.21142792589245368 0.1681232886499507 0.03555354722096704 0.03802002540522638
0 0.2519521012200633 0.3495913544288881 0.03628558517849079 0.03737867798179697
0 0.26928603705377313 0.8773110173132257 0.03567555354722096 0.039849053242414015
0 0.35375960234975146 0.5005122799659655 0.03573429733393585 0.037088883960839904
0 0.6220695887934931 0.5610887317892869 0.036073203795752296 0.03878964231334164
0 0.8828106642566652 0.7612936437756732 0.036163578852236755 0.038438088910869236
0 0.2983416177135111 0.1845465334113986 0.037596023497514675 0.03866137282865579
0 0.2807636692272933 0.15669780306959713 0.03561229100768193 0.038309819426183334
0 0.2712381382738364 0.40990651656118277 0.03588793492995934 0.03785850086895522
0 0.22973791233619523 0.1990504866242133 0.03607320379575235 0.03737867798179697
0 0.437745142340714 0.31981383109514344 0.03430185268865793 0.03509833158738122
0 0.4777812923633077 0.3898869755068752 0.03301852688657925 0.03593445859866705
0 0.3510754631721645 0.29414568199300195 0.03561229100768193 0.03785850086895522
0 0.5346678716674198 0.40734112686746504 0.03353818346136461 0.036609061073681656
0 0.10266154541346588 0.5133487298778637 0.034943515589697244 0.037440437363312415
0 0.06768639855399909 0.3244362832654902 0.036497966561229084 0.03721715344552587
0 0.06323090826931767 0.6288482747550178 0.03555354722096701 0.036542550970511255
0 0.2470718481699051 0.8875773268097512 0.03906461816538637 0.041996379430488735
0 0.7368142792589245 0.6493856444697239 0.036073203795752296 0.037858500868955335
0 0.5732399457749661 0.46586051621415736 0.035002259376412104 0.03814829488991228
0 0.824220515137822 0.7299816373473529 0.03643922277451428 0.038951166849612855
0 0.20987347492092182 0.22251905160007462 0.033072751920469934 0.04279450066853418
0 0.2220831450519657 0.24659095822612506 0.0310347943967465 0.035302612618547724
0 0.2772887483054677 0.21316012993966027 0.035616809760506074 0.04118875674913315
0 0.26990962494351556 0.25541779906117573 0.03713962946226845 0.044395493866280195
0 0.12465431540894714 0.2455220458537427 0.03357885223678264 0.03744518808496737
0 0.12363307727067331 0.2746724739290231 0.0356168097605061 0.03797726891033104
0 0.37929959331224583 0.2768102986737878 0.0401943063714415 0.04653806933269996
0 0.306290103931315 0.30141903684685695 0.04884319927699954 0.0550941190334137
0 0.43602801626751014 0.346080571125819 0.03968368730230454 0.04386341304091653
0 0.28033890646181653 0.6017644105996766 0.041721644826028026 0.04813906253044592
0 0.30272480795300494 0.6119309549414464 0.029507455942159977 0.05348837511401279
0 0.2770311793944872 0.6603360578845742 0.03713962946226845 0.043326581493897905
0 0.14220515137821962 0.6707686426390259 0.03816086760054227 0.03851410045734966
0 0.10175779484862178 0.7306752427089876 0.044771802982376874 0.04279450066853424
0 0.24828739267962044 0.8539707218220501 0.03663352914595569 0.041188756749133096
0 0.3767555354722097 0.6400124706443445 0.051387257117035734 0.041188756749133096
0 0.3556394035246272 0.7004559022613249 0.04375508359692726 0.044395493866280195
0 0.2719475824672391 0.7461910996343244 0.047315860822413014 0.04386341304091653
0 0.518707636692273 0.6544546644756437 0.03612291007681878 0.044395493866280195
0 0.44213285133303215 0.6402785110570264 0.041721644826028026 0.04172083757449676
0 0.5934975146859467 0.6386727671376252 0.03510619069136922 0.04279450066853424
0 0.6469182105738817 0.6429531673488098 0.04019430637144139 0.04493232541329882
0 0.6097785811116132 0.6646164580957586 0.04121102575689117 0.045464406238662484
0 0.6418300948938093 0.6844079645106247 0.04426570266606422 0.05295629428864912
0 0.5845955716222323 0.7362953464268913 0.03765024853140542 0.049744806449847065
0 0.5492318120198826 0.7381671307589742 0.04629914143696334 0.051350550369247974
0 0.5194713059195661 0.7395020835440383 0.035616809760506074 0.045464406238662484
0 0.5357523723452327 0.7769472716290058 0.04375508359692715 0.051887381916266594
0 0.5667871667419793 0.7724008310051395 0.032562132851333025 0.04279450066853424
0 0.5891730682331676 0.7937980813394067 0.03866696791685498 0.04707015015806363
0 0.49606416629010386 0.8036938345468396 0.04578852236782649 0.041188756749133096
0 0.33122006326253955 0.7542150685096745 0.0335788522367827 0.040651925202114476
0 0.43653863533664705 0.8641372661638201 0.036633529145955745 0.040119844376750806
0 0.470881156800723 0.860925778325018 0.03816086760054227 0.03797726891033104
0 0.5362584726615455 0.9031834474465336 0.040704925440578466 0.041188756749133096
0 0.5499954812471759 0.9328707070688327 0.035616809760506074 0.034233700246165316
0 0.5711116131947582 0.8999719596077315 0.03917758698599183 0.03690835653794875
0 0.5866290103931315 0.8673440032809672 0.041721644826028026 0.044395493866280195
0 0.613339358337099 0.8555764657414513 0.03408947130591966 0.04653806933269996
0 0.637252598282874 0.8769737160757184 0.043244464527790294 0.04867589407746454
0 0.6522638951649345 0.8435428877892536 0.030528694080433905 0.046001237785681104
0 0.5983325802078626 0.8994398787823679 0.04477180298237693 0.044395493866280195
0 0.5820515137821961 0.937151107280017 0.042738364211477586 0.04493232541329882
0 0.6624356077722549 0.9029174070338517 0.04680976050610042 0.04707015015806363
0 0.6960189787618617 0.8895441255749348 0.04477180298237693 0.046001237785681104
0 0.7044103027564392 0.8512960655302668 0.03917758698599183 0.042257669121515386
0 0.7351920469950294 0.8713583630794698 0.0498599186624491 0.056699862952814845
0 0.7298508811568007 0.8301696063303367 0.03307275192046988 0.04493232541329882
0 0.7591052869408044 0.8135895877542726 0.036633529145955634 0.03744518808496737
0 0.7820018075011297 0.7828286650379362 0.05393131495707193 0.042257669121515386
0 0.7570718481699051 0.7558160617074206 0.03866696791685498 0.039583012829732186
0 0.7868368730230456 0.7293402899239235 0.043244464527790294 0.03797726891033104
0 0.8145639403524628 0.7608993338783056 0.035616809760506074 0.03904618128271333
0 0.7725892453682784 0.7031305585531082 0.043244464527790294 0.043326581493897905
0 0.75020334387709 0.7258627616724397 0.0473158608224129 0.052419462741630264
0 0.7239990962494351 0.7165038400120254 0.04578852236782649 0.040119844376750806
0 0.7204383190239494 0.7504667491238538 0.028490736556710416 0.03744518808496737
0 0.7367193854496159 0.7887148091685217 0.06105286940804344 0.04974480644984683
0 0.6977993673746047 0.7975416500035724 0.03408947130591966 0.033164787873783026