0 0.4094215996384998 0.5800821169661075 0.03539990962494355 0.03606272808335278
0 0.5043967464979666 0.9630377895782901 0.034821509263443406 0.03866137282865579
0 0.4064934478084049 0.9609854778233158 0.033782196113872565 0.037155394064010305
0 0.44629010393131496 0.6247436512450695 0.03573429733393585 0.037668472002753924
0 0.37353366470854044 0.9532845580205078 0.034487121554450995 0.03686560004305347
0 0.3105467690917307 0.4961511174866455 0.037261635788522374 0.03773023138426937
0 0.2973610483506552 0.9250510192246489 0.03643922277451428 0.03830981942618339
0 0.8432625395390873 0.6930162721495439 0.03561229100768193 0.037668472002753924
0 0.24291911432444646 0.5836736625373121 0.03534116583822866 0.03631926705272471
0 0.5898418436511523 0.9609854778233158 0.034609127880705026 0.03792501097212562
0 0.3657207410754632 0.9127323979731492 0.03607320379575241 0.03583944416556646
0 0.08105286940804339 0.684293947190904 0.03671486669679169 0.038599613447140226
0 0.4282241301400813 0.9317257831499698 0.03677361048350658 0.03837157880769872
0 0.13134658834161772 0.6611911877824801 0.03710799819249888 0.038599613447140226
0 0.20276095797559873 0.4989730461497349 0.035829191143244454 0.035516395093024136
0 0.5395526434704022 0.9707387093810979 0.0365612291007682 0.03866137282865579
0 0.24438319023949392 0.4794665830341709 0.036773610483506525 0.035996217980182495
0 0.33056484410302756 0.9378827184148921 0.03634432896520556 0.037440437363312415
0 0.43676909173068235 0.9661210079324062 0.03567555354722096 0.03686560004305347
0 0.43139629462268414 0.5564662796189401 0.03573429733393585 0.036257507671209145
0 0.346678716674198 0.8090336456870963 0.0368956168097605 0.038210054271427735
0 0.16589245368278355 0.733060104979814 0.03600994125621326 0.036062728083353014
0 0.04168549480343425 0.5082131997687734 0.03704925440578399 0.03779674148743977
0 0.17981021238138276 0.7063658000001856 0.03549028468142795 0.03638577715589522
0 0.3347175779484862 0.712527485986763 0.03567555354722096 0.038599613447140226
0 0.15332128332580208 0.6314184151703903 0.03567555354722096 0.03593445859866693
0 0.8486308178942612 0.652464112102185 0.03710799819249888 0.038499848292384564
0 0.26928603705377313 0.6904508824558261 0.03527790329868952 0.03830981942618339
0 0.5185539990962494 0.8716624092653918 0.034821509263443184 0.03901292623112819
0 0.49658382286488933 0.7469179600475444 0.03506552191595125 0.036062728083353014
0 0.2636737460460913 0.42402566131993974 0.0365612291007682 0.036609061073681656
0 0.30273384545865345 0.5672504177758644 0.037383642114776294 0.037155394064010305
0 0.15637144148215093 0.5667373398371208 0.03649796656122911 0.03721715344552587
0 0.46338002711251697 0.9414790147077517 0.03561229100768193 0.03545463571150869
0 0.3408224130140082 0.3809033608572084 0.03561229100768193 0.036542550970511255
0 0.47558517849073656 0.971764865258585 0.034821509263443295 0.03679908993988295
0 0.7817397198373249 0.8706362533879048 0.036285585178490676 0.038210054271427735
0 0.5747085404428378 0.5390121282583502 0.03506552191595125 0.03837157880769872
0 0.23986895616809764 0.8891165606259819 0.03649796656122911 0.03773023138426925
0 0.29443289652056037 0.432496198030863 0.03506552191595125 0.036257507671209256
0 0.7285178490736557 0.9117062420956621 0.036163578852236755 0.0366708204551971
0 0.8613285133303208 0.7381908843672493 0.03588793492995923 0.03878964231334164
0 0.44458201536375963 0.46175589270420914 0.03607320379575241 0.03849984829238468
0 0.4179665612291008 0.5243846562825046 0.03811568007230004 0.03997732272709986
0 0.309814731134207 0.5292588967005681 0.03573429733393585 0.038599613447140226
0 0.4790058743786715 0.6339838048641081 0.03475824672390426 0.037155394064010305
0 0.1871351107094442 0.5862438029526849 0.03622232263895164 0.038438088910869236
0 0.8159195661997289 0.8424027145920457 0.0368956168097605 0.037312167878626575
0 0.5375960234975147 0.4591905030104915 0.036222322638951754 0.03785850086895522
0 0.07977406235878898 0.5651933552992351 0.036985991866244905 0.03721715344552587
0 0.21765024853140535 0.5292588967005681 0.03677361048350658 0.035259856123652324
0 0.8266606416629011 0.7392217909663915 0.036073203795752296 0.039112691385883844
0 0.7373068233167647 0.5826475066598252 0.03845006778129245 0.03997732272709986
0 0.298585630366019 0.7032873323677244 0.03561229100768193 0.039464244788356244
0 0.33252146407591504 0.4286433627686315 0.03628558517849079 0.037440437363312415
0 0.662110257568911 0.9409659367690082 0.036163578852236755 0.03773023138426925
0 0.6787121554450972 0.5354205826871455 0.03506552191595125 0.037312167878626575
0 0.7026389516493449 0.6545164238571592 0.03515589697243571 0.03888465674644234
0 0.12549028468142792 0.5847045691364543 0.0368956168097605 0.037858500868955335
0 0.09686398553999097 0.7197105771291723 0.03436059647537279 0.03631926705272471
0 0.5634749209218256 0.7032873323677244 0.03320379575237231 0.03660906107368154
0 0.37866244916403075 0.6001016580204152 0.03539990962494355 0.03583944416556646
0 0.27221870763669226 0.4599601199186068 0.03600994125621326 0.03648079158899581
0 0.6225576140985088 0.6945602566874295 0.036009941256213374 0.03878964231334164
0 0.0522458201536376 0.587269958830172 0.0368956168097605 0.03872788293182631
0 0.7363262539539087 0.5405561127962358 0.036009941256213374 0.038210054271427735
0 0.2393809308630818 0.8352148727279813 0.03628558517849073 0.038599613447140226
0 0.33154089471305925 0.34984789339825983 0.03567555354722096 0.036609061073681656
0 0.6406235878897425 0.554413967863966 0.03573429733393585 0.03779674148743977
0 0.22778129236330774 0.34573851916665665 0.034943515589697216 0.03509833158738122
0 0.8027338454586534 0.6442501143606336 0.03521915951197463 0.03866137282865579
0 0.26806597379123365 0.38937389756813157 0.03643922277451428 0.03731216787862646
0 0.13256665160415726 0.4989730461497349 0.0365612291007682 0.03756870684799826
0 0.39428829643018526 0.3352156707007593 0.03539990962494355 0.038438088910869236
0 0.6245097153185721 0.4884501976838377 0.03588793492995923 0.03962576932462735
0 0.3408224130140082 0.5136052688472356 0.03683687302304561 0.03792501097212562
0 0.8823226389516493 0.7618067217144168 0.034699502937189264 0.03686560004305347
0 0.49926796204247637 0.4607297368267221 0.03567555354722107 0.037027124579324576
0 0.44213737008585635 0.38732158581315745 0.03607320379575241 0.037027124579324576
0 0.3566877541798464 0.3254624391429773 0.03607320379575241 0.03849984829238468
0 0.8632806145503842 0.7926056502039934 0.0341798463624039 0.037440437363312415
0 0.05572525982828739 0.6134511858710568 0.03704925440578401 0.03545463571150869
0 0.9018572074107546 0.7320339491023271 0.036285585178490676 0.037312167878626575
0 0.07262991414369634 0.4591905030104915 0.035155896972435624 0.03577293406239594
0 0.423339358337099 0.36062728083352896 0.03622232263895164 0.036385777155895103
0 0.10339358337098961 0.44455828031299094 0.036985991866244905 0.038020025405226324
0 0.2675779484862178 0.9050314781703411 0.03607320379575241 0.038020025405226324
0 0.14111161319475823 0.7849094811228405 0.03882060551287847 0.040746939635215175
0 0.07751468594667872 0.42505181719742685 0.0368956168097605 0.037155394064010416
0 0.15551739719837326 0.7653982672856213 0.03607320379575235 0.03975403880931331
0 0.24829191143244467 0.3193007531563999 0.037474017171260754 0.03878964231334164
0 0.11340262087663805 0.2335739808913356 0.03595119746949843 0.03519809674213693
0 0.17526886579304113 0.21794885736793318 0.041459557162223215 0.04755472376687689
0 0.1236782647989155 0.2669905570128353 0.043818346136466346 0.04458077201082642
0 0.10718933574333485 0.47874447334260595 0.03722096701310437 0.04408669695870308
0 0.07279258924536829 0.5312541997956819 0.045702666064166286 0.04210564602855454
0 0.12650700406687754 0.6184346928871861 0.03628106642566653 0.04210564602855454
0 0.098237686398554 0.6404732906448827 0.028739267962042486 0.04458077201082642
0 0.11354722096701311 0.6803508482172267 0.03486669679168547 0.04309379613280121
0 0.21861726163578854 0.6486492826131938 0.037690917306823335 0.039131694272503896
0 0.2513601446000904 0.6605355881940856 0.039105286940804396 0.03715064334235535
0 0.23180750112968823 0.6857999259555492 0.03203795752372346 0.04210564602855454
0 0.2344012652507908 0.7457350303554412 0.04098960686850428 0.04507484706294976
0 0.26926344328965207 0.7415258909690823 0.039105286940804285 0.042599721080677874
0 0.3069588793492996 0.7378108266348468 0.04098960686850428 0.04309379613280121
0 0.2982422051513782 0.7734744940991769 0.0405196565747854 0.04507484706294976
0 0.2577225485765929 0.7761966576075106 0.04805693628558516 0.042599721080677874
0 0.2800994125621329 0.7997269819648873 0.04004970628106641 0.04012459509840576
0 0.2466470854044284 0.8061642098074566 0.03533664708540446 0.039131694272503896
0 0.20990058743786716 0.8187963786881884 0.044758246723904216 0.034675517360083466
0 0.19199728874830546 0.8388586762373914 0.042873926796204276 0.04903694892324708
0 0.21673294170808857 0.857433997908569 0.04523271577044735 0.05052392480127228
0 0.27350655219159514 0.82920045911271 0.041934026208766406 0.045573672836728286
0 0.2965928603705377 0.8472817057317642 0.02591504744690465 0.04606774788885162
0 0.2671441482150927 0.8680851158591523 0.042403976502485285 0.04210564602855454
0 0.2991821057388161 0.8834394482482179 0.03675101671938541 0.03715064334235535
0 0.32698147311342074 0.8730353678236964 0.03015363759602352 0.038143544168257215
0 0.33569814731134207 0.8477757807838877 0.02685494803434252 0.04507484706294976
0 0.3658517849073656 0.8504979442922214 0.02685494803434252 0.034675517360083466
0 0.3825756891098057 0.8207774296183371 0.03015363759602352 0.034675517360083466
0 0.41390872119295075 0.8207774296183371 0.02685494803434252 0.03269446642993469
0 0.44830094893809314 0.8036890838251846 0.02968368730230453 0.04012459509840576
0 0.248770899231812 0.5121800523507257 0.04334839584274741 0.05547892748747135
0 0.33522367826479893 0.5550268109574653 0.050411206507004036 0.04210564602855454
0 0.27915951197469496 0.5632028029257764 0.038165386353366526 0.034675517360083466
0 0.2742114776321736 0.6030756097764656 0.0339222774514234 0.04111274520265267
0 0.30742882964301854 0.6114986392708385 0.04381834613646629 0.038143544168257215
0 0.3564256665160416 0.6555805855078866 0.038165386353366415 0.0351695924122068
0 0.4501852688657931 0.6565734863337883 0.04098960686850428 0.04705589799309853
0 0.6657388160867601 0.5698870682944075 0.038635336647085516 0.04210564602855454
0 0.5006009941256213 0.700161357518713 0.038165386353366415 0.04111274520265267
0 0.5307546317216448 0.6850540626557091 0.03439222774514228 0.04656182294097496
0 0.4777496610935382 0.716755628259742 0.039575237234523275 0.03665656829023201
0 0.4593764121102576 0.7492030571636151 0.03675101671938541 0.04210564602855454
0 0.4857614098508811 0.8074041481594201 0.0405196565747854 0.04160682025477601
0 0.5293402620876638 0.8024491454732211 0.035336647085404405 0.04160682025477601
0 0.5609082693176684 0.8185493411621267 0.038165386353366415 0.03417669158630494
0 0.5616131947582467 0.8497568317140364 0.04145955716222316 0.04111274520265267
0 0.5177993673746046 0.8361365127290576 0.042403976502485285 0.043587871184924555
0 0.48929507455942167 0.8485168933620727 0.04381834613646629 0.04656182294097496
0 0.45866696791685496 0.8282075582868081 0.04475824672390416 0.03566366746433015
0 0.42309534568459106 0.8450488665538989 0.035806597379123395 0.04953577469702561
0 0.3967103479439675 0.8519849201702466 0.03015363759602352 0.03962576932462747
0 0.39553547220967017 0.8787314830880806 0.031568007230004524 0.05151682562717415
0 0.33333935833709893 0.908204960235903 0.0372209670131044 0.04111274520265267
0 0.39482602801626754 0.9270273194331424 0.04334839584274741 0.04309379613280121
0 0.5220379575237235 0.8997866814631852 0.045232715770447296 0.0480487988190004
0 0.5338183461364663 0.9322293596454032 0.03298237686398564 0.047554723766876826
0 0.5896475372797109 0.831675585094982 0.042873926796204165 0.04458077201082642
0 0.5943605964753728 0.8765033946318701 0.035336647085404405 0.04507484706294976
0 0.6179168549480344 0.8529778209961484 0.02968368730230453 0.03962576932462747
0 0.625693628558518 0.8178082285839418 0.04145955716222316 0.04458077201082642
0 0.6549028468142792 0.7952708050524667 0.039575237234523275 0.04111274520265267
0 0.6553727971079982 0.7553932474801226 0.038635336647085294 0.04458077201082642
0 0.6897695436059648 0.7623293010964703 0.04334839584274741 0.05250497573142083
0 0.7222774514234072 0.7695123922388797 0.031098056936285534 0.04507484706294976
0 0.7736330772706733 0.7566331858320862 0.039575237234523275 0.04705589799309853
0 0.80802982376864 0.7672843037826693 0.03675101671938541 0.04656182294097496
0 0.8320560325350204 0.7722345557472134 0.032037957523723515 0.05250497573142083
0 0.8110890194306372 0.8059171722813949 0.035336647085404405 0.05052392480127228
0 0.5771622232263895 0.9111789119919536 0.0405196565747854 0.0529990507835444
0 0.6018978761861726 0.9223241049946601 0.035336647085404405 0.04953577469702561
0 0.6292272932670583 0.8874015501085152 0.03722096701310429 0.04507484706294976
0 0.6410031631269769 0.9243051559248087 0.04381834613646629 0.05151682562717415
0 0.6492498870311794 0.8698191292632392 0.035806597379123284 0.047554723766876826
0 0.6829371893357433 0.873287156071413 0.039105286940804396 0.05646707759171815
0 0.712620876638048 0.8846793866001813 0.03439222774514228 0.045573672836728286
0 0.7180388612742883 0.8430678156237503 0.032037957523723515 0.043587871184924555
0 0.7517261635788522 0.8566928853303839 0.04475824672390427 0.04309379613280121
0 0.7519611387257117 0.895824579602888 0.03769091730682339 0.038143544168257215
0 0.7451287844554904 0.8180552661100033 0.03345232715770452 0.04705589799309853
0 0.7880027112516945 0.8391057137634531 0.041934026208766406 0.047554723766876826
0 0.7251061906913693 0.8036890838251846 0.04428829643018517 0.038143544168257215
0 0.8341798463624039 0.8173094028101633 0.041934026208766406 0.043587871184924555